SID,Trial,Resp,Response,ChooseLeft,RT,IssueLeft,IssueRight,LeftSupport,LeftMoral,LeftFamiliar,RightSupport,RightMoral,RightFamiliar,ChoiceSupport,ChoiceMoral,ChoiceSupportDist,ChoiceMoralDist,RTs
R_3fwwfK16bTw9CiP,1,f,1,1,350.90000009536743,Safe injection locations,Lift COVID lockdowns,0,1,2,1,1,2,-1,0,1,0,0.3509000000953674
R_3fwwfK16bTw9CiP,2,f,1,1,15574.5,Remove public Confederate memorials,"Boycott, Divest, and Sanction Israel",4,5,3,6,8,4,-2,-3,2,3,15.5745
R_3fwwfK16bTw9CiP,3,f,1,1,2095.9000000953674,Stop police brutality,Mask mandates,1,2,4,6,8,4,-5,-6,5,6,2.0959000000953676
R_3fwwfK16bTw9CiP,4,f,1,1,412.09999990463257,Safe injection locations,Safe injection locations,0,1,2,0,1,2,0,0,0,0,0.4120999999046326
R_3fwwfK16bTw9CiP,5,f,1,1,2137.800000190735,University Campus should be a Sanctuary,Gun-free campus police,6,8,4,3,3,4,3,5,3,5,2.137800000190735
R_3fwwfK16bTw9CiP,6,f,1,1,1807.5,Safe injection locations,Expel students with white nationlist views,0,1,2,1,0,1,-1,1,1,1,1.8075
R_3fwwfK16bTw9CiP,7,f,1,1,5430,Mask mandates,Raise the minimum wage,6,8,4,2,3,2,4,5,4,5,5.43
R_3fwwfK16bTw9CiP,8,f,1,1,693.1000001430511,"Boycott, Divest, and Sanction Israel",Affirmative action,6,8,4,1,0,2,5,8,5,8,0.6931000001430512
R_3fwwfK16bTw9CiP,9,f,1,1,27003.39999985695,Remove Christopher Columbus statues,Safe injection locations,5,7,4,0,1,2,5,6,5,6,27.00339999985695
R_3fwwfK16bTw9CiP,10,f,1,1,399.2999999523163,Dorms determined by gender identity,Climate change legislation,6,8,4,4,4,4,2,4,2,4,0.3992999999523163
R_3fwwfK16bTw9CiP,11,f,1,1,900.2000000476837,Safe injection locations,Ban on ethnic Halloween costumes,0,1,2,5,6,3,-5,-5,5,5,0.9002000000476837
R_3fwwfK16bTw9CiP,12,f,1,1,13375.700000047684,Lift COVID lockdowns,Safe injection locations,1,1,2,0,1,2,1,0,1,0,13.375700000047683
R_3fwwfK16bTw9CiP,13,f,1,1,837.2000000476837,Gun-free campus police,"Boycott, Divest, and Sanction Israel",3,3,4,6,8,4,-3,-5,3,5,0.8372000000476837
R_3fwwfK16bTw9CiP,14,f,1,1,1603.1999998092651,U.S. drone strikes in Afghanistan,Safe injection locations,1,2,1,0,1,2,1,1,1,1,1.6031999998092652
R_3fwwfK16bTw9CiP,15,f,1,1,536.6000001430511,Safe injection locations,Ban on ethnic Halloween costumes,0,1,2,5,6,3,-5,-5,5,5,0.5366000001430511
R_3fwwfK16bTw9CiP,16,f,1,1,456.80000019073486,"Boycott, Divest, and Sanction Israel",Legalization of marijuana,6,8,4,5,7,3,1,1,1,1,0.45680000019073486
R_3fwwfK16bTw9CiP,17,f,1,1,589.8999998569489,Raise the minimum wage,"Boycott, Divest, and Sanction Israel",2,3,2,6,8,4,-4,-5,4,5,0.5898999998569489
R_3fwwfK16bTw9CiP,18,f,1,1,1191,Mask mandates,Religious exemptions for discrimination laws,6,8,4,2,2,1,4,6,4,6,1.191
R_3fwwfK16bTw9CiP,19,f,1,1,754,Safe injection locations,"Boycott, Divest, and Sanction Israel",0,1,2,6,8,4,-6,-7,6,7,0.754
R_3fwwfK16bTw9CiP,20,f,1,1,451.2999999523163,Safe injection locations,Defund Planned Parenthood,0,1,2,5,5,4,-5,-4,5,4,0.4512999999523163
R_3fwwfK16bTw9CiP,21,f,1,1,811.3999998569489,Safe injection locations,Affirmative action,0,1,2,1,0,2,-1,1,1,1,0.8113999998569489
R_3fwwfK16bTw9CiP,22,f,1,1,612.7999999523163,Safe injection locations,Mandatory vaccinations,0,1,2,2,4,2,-2,-3,2,3,0.6127999999523163
R_3fwwfK16bTw9CiP,23,f,1,1,815.6000001430511,Raise the minimum wage,"Boycott, Divest, and Sanction Israel",2,3,2,6,8,4,-4,-5,4,5,0.8156000001430511
R_3fwwfK16bTw9CiP,24,f,1,1,424.59999990463257,Legalization of marijuana,Safe injection locations,5,7,3,0,1,2,5,6,5,6,0.42459999990463254
R_3fwwfK16bTw9CiP,25,f,1,1,8001.099999904633,University Campus should be a Sanctuary,Defund Planned Parenthood,6,8,4,5,5,4,1,3,1,3,8.001099999904632
R_3fwwfK16bTw9CiP,26,f,1,1,342.59999990463257,Ban on ethnic Halloween costumes,Dorms determined by gender identity,5,6,3,6,8,4,-1,-2,1,2,0.3425999999046326
R_3fwwfK16bTw9CiP,27,f,1,1,465.60000014305115,Safe injection locations,Defund the police,0,1,2,5,7,3,-5,-6,5,6,0.46560000014305114
R_3fwwfK16bTw9CiP,28,f,1,1,492.39999985694885,Safe injection locations,Recognize Jerusalem as capital of Israel,0,1,2,3,4,3,-3,-3,3,3,0.4923999998569489
R_3fwwfK16bTw9CiP,29,f,1,1,419,Defund Planned Parenthood,University Campus should be a Sanctuary,5,5,4,6,8,4,-1,-3,1,3,0.419
R_3fwwfK16bTw9CiP,30,f,1,1,508.40000009536743,Safe injection locations,Stop police brutality,0,1,2,1,2,4,-1,-1,1,1,0.5084000000953675
R_3fwwfK16bTw9CiP,31,f,1,1,406.39999985694885,Safe injection locations,Tuition increases,0,1,2,2,2,2,-2,-1,2,1,0.40639999985694886
R_3fwwfK16bTw9CiP,32,f,1,1,409.5,Affirmative action,Safe injection locations,1,0,2,0,1,2,1,-1,1,1,0.4095
R_3fwwfK16bTw9CiP,33,f,1,1,459.59999990463257,Mask mandates,Build southern border wall,6,8,4,4,7,3,2,1,2,1,0.4595999999046326
R_3fwwfK16bTw9CiP,34,f,1,1,421,Black Lives Matter,Safe injection locations,4,6,4,0,1,2,4,5,4,5,0.421
R_3fwwfK16bTw9CiP,35,f,1,1,466.09999990463257,Stop police brutality,Dorms determined by gender identity,1,2,4,6,8,4,-5,-6,5,6,0.4660999999046326
R_3fwwfK16bTw9CiP,36,f,1,1,543.0999999046326,Cuts to National Parks budget,"Boycott, Divest, and Sanction Israel",5,7,4,6,8,4,-1,-1,1,1,0.5430999999046325
R_3fwwfK16bTw9CiP,37,f,1,1,559.5,Safe injection locations,Ban on ethnic Halloween costumes,0,1,2,5,6,3,-5,-5,5,5,0.5595
R_3fwwfK16bTw9CiP,38,f,1,1,475.7000000476837,Defund the police,Dorms determined by gender identity,5,7,3,6,8,4,-1,-1,1,1,0.4757000000476837
R_3fwwfK16bTw9CiP,39,f,1,1,432.2999999523163,Dorms determined by gender identity,Lift COVID lockdowns,6,8,4,1,1,2,5,7,5,7,0.43229999995231627
R_3fwwfK16bTw9CiP,40,f,1,1,428.7999999523163,Safe injection locations,Gun-free campus police,0,1,2,3,3,4,-3,-2,3,2,0.42879999995231627
R_3fwwfK16bTw9CiP,41,f,1,1,452.7000000476837,"Boycott, Divest, and Sanction Israel",Raise the minimum wage,6,8,4,2,3,2,4,5,4,5,0.45270000004768374
R_3fwwfK16bTw9CiP,42,f,1,1,489.7999999523163,Expel students with white nationlist views,Dorms determined by gender identity,1,0,1,6,8,4,-5,-8,5,8,0.48979999995231627
R_3fwwfK16bTw9CiP,43,f,1,1,375.40000009536743,Mask mandates,Safe injection locations,6,8,4,0,1,2,6,7,6,7,0.37540000009536745
R_3fwwfK16bTw9CiP,44,f,1,1,469.09999990463257,"Boycott, Divest, and Sanction Israel",Dorms determined by gender identity,6,8,4,6,8,4,0,0,0,0,0.4690999999046326
R_3fwwfK16bTw9CiP,45,f,1,1,371.5,University Campus should be a Sanctuary,U.S. drone strikes in Afghanistan,6,8,4,1,2,1,5,6,5,6,0.3715
R_3fwwfK16bTw9CiP,46,f,1,1,450.10000014305115,U.S. drone strikes in Afghanistan,Safe injection locations,1,2,1,0,1,2,1,1,1,1,0.4501000001430511
R_3fwwfK16bTw9CiP,47,f,1,1,373.09999990463257,Religious exemptions for discrimination laws,Dorms determined by gender identity,2,2,1,6,8,4,-4,-6,4,6,0.37309999990463255
R_3fwwfK16bTw9CiP,48,f,1,1,571.7000000476837,University Campus should be a Sanctuary,Mandatory training on sexual consent,6,8,4,5,6,3,1,2,1,2,0.5717000000476837
R_3fwwfK16bTw9CiP,49,f,1,1,378.2999999523163,Ban on research with animals,University Campus should be a Sanctuary,2,4,1,6,8,4,-4,-4,4,4,0.3782999999523163
R_3fwwfK16bTw9CiP,50,f,1,1,417.7000000476837,"Boycott, Divest, and Sanction Israel",Build southern border wall,6,8,4,4,7,3,2,1,2,1,0.4177000000476837
R_3fwwfK16bTw9CiP,51,j,2,0,375.39999985694885,Affirmative action,"Boycott, Divest, and Sanction Israel",1,0,2,6,8,4,5,8,5,8,0.37539999985694883
R_3fwwfK16bTw9CiP,52,j,2,0,331.40000009536743,Dorms determined by gender identity,Remove public Confederate memorials,6,8,4,4,5,3,-2,-3,2,3,0.3314000000953674
R_3fwwfK16bTw9CiP,53,j,2,0,406.7000000476837,Defund Planned Parenthood,Mask mandates,5,5,4,6,8,4,1,3,1,3,0.4067000000476837
R_3fwwfK16bTw9CiP,54,j,2,0,367,Remove Christopher Columbus statues,Safe injection locations,5,7,4,0,1,2,-5,-6,5,6,0.367
R_3fwwfK16bTw9CiP,55,j,2,0,393.80000019073486,Safe injection locations,Ban on research with animals,0,1,2,2,4,1,2,3,2,3,0.39380000019073486
R_3fwwfK16bTw9CiP,56,j,2,0,325.90000009536743,Safe injection locations,Lift COVID lockdowns,0,1,2,1,1,2,1,0,1,0,0.32590000009536746
R_3fwwfK16bTw9CiP,57,j,2,0,365.2999999523163,Detention of migrant children,Safe injection locations,1,1,1,0,1,2,-1,0,1,0,0.36529999995231627
R_3fwwfK16bTw9CiP,58,j,2,0,370.2999999523163,Mask mandates,Remove police from schools,6,8,4,2,2,3,-4,-6,4,6,0.37029999995231627
R_3fwwfK16bTw9CiP,59,j,2,0,282.09999990463257,Mask mandates,Bathrooms restricted based on biological sex,6,8,4,4,6,3,-2,-2,2,2,0.2820999999046326
R_3fwwfK16bTw9CiP,60,j,2,0,636,Dorms determined by gender identity,Mandatory trigger warnings,6,8,4,4,6,3,-2,-2,2,2,0.636
R_3fwwfK16bTw9CiP,61,j,2,0,516.0999999046326,Safe injection locations,U.S. drone strikes in Afghanistan,0,1,2,1,2,1,1,1,1,1,0.5160999999046326
R_3fwwfK16bTw9CiP,62,j,2,0,528.7000000476837,Safe injection locations,Religious exemptions for discrimination laws,0,1,2,2,2,1,2,1,2,1,0.5287000000476837
R_3fwwfK16bTw9CiP,63,j,2,0,419.89999985694885,Build southern border wall,Safe injection locations,4,7,3,0,1,2,-4,-6,4,6,0.41989999985694887
R_3fwwfK16bTw9CiP,64,j,2,0,1422.0999999046326,Defund Planned Parenthood,Safe injection locations,5,5,4,0,1,2,-5,-4,5,4,1.4220999999046327
R_3fwwfK16bTw9CiP,65,j,2,0,3244.899999856949,Religious exemptions for discrimination laws,University Campus should be a Sanctuary,2,2,1,6,8,4,4,6,4,6,3.244899999856949
R_3fwwfK16bTw9CiP,66,j,2,0,1374.1000001430511,Dorms determined by gender identity,Mandatory training on sexual consent,6,8,4,5,6,3,-1,-2,1,2,1.3741000001430512
R_3fwwfK16bTw9CiP,67,j,2,0,9860.199999809265,Dorms determined by gender identity,Remove public Confederate memorials,6,8,4,4,5,3,-2,-3,2,3,9.860199999809264
R_3fwwfK16bTw9CiP,68,j,2,0,2895.800000190735,Safe injection locations,Remove public Confederate memorials,0,1,2,4,5,3,4,4,4,4,2.895800000190735
R_3fwwfK16bTw9CiP,69,j,2,0,579.1000001430511,Defund Planned Parenthood,Safe injection locations,5,5,4,0,1,2,-5,-4,5,4,0.5791000001430512
R_3fwwfK16bTw9CiP,70,j,2,0,424.39999985694885,Safe injection locations,Build southern border wall,0,1,2,4,7,3,4,6,4,6,0.4243999998569489
R_3fwwfK16bTw9CiP,71,j,2,0,400.09999990463257,Ban on research with animals,Dorms determined by gender identity,2,4,1,6,8,4,4,4,4,4,0.4000999999046326
R_3fwwfK16bTw9CiP,72,j,2,0,398.59999990463257,Climate change legislation,"Boycott, Divest, and Sanction Israel",4,4,4,6,8,4,2,4,2,4,0.3985999999046326
R_3fwwfK16bTw9CiP,73,j,2,0,456,Raise the minimum wage,Safe injection locations,2,3,2,0,1,2,-2,-2,2,2,0.456
R_3fwwfK16bTw9CiP,74,j,2,0,463.60000014305115,Mandatory trigger warnings,Safe injection locations,4,6,3,0,1,2,-4,-5,4,5,0.46360000014305114
R_3fwwfK16bTw9CiP,75,j,2,0,352.40000009536743,Safe injection locations,Remove public Confederate memorials,0,1,2,4,5,3,4,4,4,4,0.3524000000953674
R_3fwwfK16bTw9CiP,76,j,2,0,379.7999999523163,Detention of migrant children,Mask mandates,1,1,1,6,8,4,5,7,5,7,0.3797999999523163
R_3fwwfK16bTw9CiP,77,j,2,0,569.1000001430511,University Campus should be a Sanctuary,Recognize Jerusalem as capital of Israel,6,8,4,3,4,3,-3,-4,3,4,0.5691000001430512
R_3fwwfK16bTw9CiP,78,j,2,0,334.40000009536743,Ban on ethnic Halloween costumes,Mask mandates,5,6,3,6,8,4,1,2,1,2,0.3344000000953674
R_3fwwfK16bTw9CiP,79,j,2,0,397.59999990463257,Build southern border wall,Dorms determined by gender identity,4,7,3,6,8,4,2,1,2,1,0.3975999999046326
R_3fwwfK16bTw9CiP,80,j,2,0,362.5,Mask mandates,Lift COVID lockdowns,6,8,4,1,1,2,-5,-7,5,7,0.3625
R_3fwwfK16bTw9CiP,81,j,2,0,396.7000000476837,Mandatory vaccinations,Safe injection locations,2,4,2,0,1,2,-2,-3,2,3,0.39670000004768374
R_3fwwfK16bTw9CiP,82,j,2,0,428.5,Safe injection locations,Abolishing fraternities,0,1,2,4,3,3,4,2,4,2,0.4285
R_3fwwfK16bTw9CiP,83,j,2,0,577,Mask mandates,Lift COVID lockdowns,6,8,4,1,1,2,-5,-7,5,7,0.577
R_3fwwfK16bTw9CiP,84,j,2,0,729.5,Defund Planned Parenthood,Mask mandates,5,5,4,6,8,4,1,3,1,3,0.7295
R_3fwwfK16bTw9CiP,85,j,2,0,444.30000019073486,University Campus should be a Sanctuary,Build southern border wall,6,8,4,4,7,3,-2,-1,2,1,0.44430000019073485
R_3fwwfK16bTw9CiP,86,j,2,0,559.6999998092651,Defund Planned Parenthood,Safe injection locations,5,5,4,0,1,2,-5,-4,5,4,0.5596999998092651
R_3fwwfK16bTw9CiP,87,j,2,0,827,Safe injection locations,University Campus should be a Sanctuary,0,1,2,6,8,4,6,7,6,7,0.827
R_3fwwfK16bTw9CiP,88,j,2,0,349,Bathrooms restricted based on biological sex,Safe injection locations,4,6,3,0,1,2,-4,-5,4,5,0.349
R_3fwwfK16bTw9CiP,89,j,2,0,407.19999980926514,Mask mandates,U.S. drone strikes in Afghanistan,6,8,4,1,2,1,-5,-6,5,6,0.40719999980926513
R_3fwwfK16bTw9CiP,90,j,2,0,407,Safe injection locations,Ban on ethnic Halloween costumes,0,1,2,5,6,3,5,5,5,5,0.407
R_3fwwfK16bTw9CiP,91,j,2,0,406.2999999523163,University Campus should be a Sanctuary,Affirmative action,6,8,4,1,0,2,-5,-8,5,8,0.4062999999523163
R_3fwwfK16bTw9CiP,92,j,2,0,504.59999990463257,Mandatory vaccinations,Safe injection locations,2,4,2,0,1,2,-2,-3,2,3,0.5045999999046326
R_3fwwfK16bTw9CiP,93,j,2,0,363.2999999523163,Recognize Jerusalem as capital of Israel,University Campus should be a Sanctuary,3,4,3,6,8,4,3,4,3,4,0.36329999995231627
R_3fwwfK16bTw9CiP,94,j,2,0,348.5,Remove public Confederate memorials,University Campus should be a Sanctuary,4,5,3,6,8,4,2,3,2,3,0.3485
R_3fwwfK16bTw9CiP,95,j,2,0,355.90000009536743,Expel students with white nationlist views,Safe injection locations,1,0,1,0,1,2,-1,1,1,1,0.35590000009536743
R_3fwwfK16bTw9CiP,96,j,2,0,359.2000000476837,Remove Christopher Columbus statues,Mask mandates,5,7,4,6,8,4,1,1,1,1,0.3592000000476837
R_3fwwfK16bTw9CiP,97,j,2,0,401.7000000476837,University Campus should be a Sanctuary,War on Drugs,6,8,4,4,6,3,-2,-2,2,2,0.4017000000476837
R_3fwwfK16bTw9CiP,98,j,2,0,422,Safe injection locations,Hardening schools/Arming teachers,0,1,2,4,6,3,4,5,4,5,0.422
R_3fwwfK16bTw9CiP,99,j,2,0,448.7999999523163,Safe injection locations,University Campus should be a Sanctuary,0,1,2,6,8,4,6,7,6,7,0.4487999999523163
R_3fwwfK16bTw9CiP,100,j,2,0,455.39999985694885,War on Drugs,Dorms determined by gender identity,4,6,3,6,8,4,2,2,2,2,0.45539999985694884
R_2uyPvOr8m1VDtfr,1,j,2,0,6181.299999998882,Ban on ethnic Halloween costumes,Increased Gun regulations,4,0,1,5,6,3,1,6,1,6,6.181299999998882
R_2uyPvOr8m1VDtfr,2,f,1,1,10949,War on Drugs,Abolishing fraternities,3,4,3,1,0,1,2,4,2,4,10.949
R_2uyPvOr8m1VDtfr,3,f,1,1,3500.5,Stop police brutality,Remove Christopher Columbus statues,5,4,3,2,0,1,3,4,3,4,3.5005
R_2uyPvOr8m1VDtfr,4,j,2,0,6161.5,Legalization of marijuana,Expel students with white nationlist views,5,2,4,3,0,1,-2,-2,2,2,6.1615
R_2uyPvOr8m1VDtfr,5,f,1,1,3987.800000000745,Black Lives Matter,War on Drugs,5,6,4,3,4,3,2,2,2,2,3.987800000000745
R_2uyPvOr8m1VDtfr,6,j,2,0,5351.4000000003725,On campus concealed carry,On campus concealed carry,2,2,1,2,2,1,0,0,0,0,5.351400000000373
R_2uyPvOr8m1VDtfr,7,j,2,0,5046.300000000745,Remove Christopher Columbus statues,Cuts to National Parks budget,2,0,1,1,6,2,-1,6,1,6,5.046300000000745
R_2uyPvOr8m1VDtfr,8,f,1,1,9761.099999999627,Defund Planned Parenthood,Stop police brutality,1,6,2,5,4,3,-4,2,4,2,9.761099999999628
R_2uyPvOr8m1VDtfr,9,f,1,1,9424,Mandatory drug tests for welfare recipients,Stop police brutality,3,0,1,5,4,3,-2,-4,2,4,9.424
R_2uyPvOr8m1VDtfr,10,j,2,0,4039.5999999996275,Abolishing fraternities,Cuts to National Parks budget,1,0,1,1,6,2,0,6,0,6,4.039599999999627
R_2uyPvOr8m1VDtfr,11,f,1,1,2813.199999999255,Legalization of marijuana,Remove Christopher Columbus statues,5,2,4,2,0,1,3,2,3,2,2.813199999999255
R_2uyPvOr8m1VDtfr,12,j,2,0,12749,Gun-free campus police,Abolishing fraternities,4,2,1,1,0,1,-3,-2,3,2,12.749
R_2uyPvOr8m1VDtfr,13,f,1,1,1840.7000000011176,Legalization of marijuana,Abolishing fraternities,5,2,4,1,0,1,4,2,4,2,1.8407000000011176
R_2uyPvOr8m1VDtfr,14,f,1,1,3279.4000000003725,Defund the police,Defund the police,1,6,1,1,6,1,0,0,0,0,3.2794000000003725
R_2uyPvOr8m1VDtfr,15,j,2,0,4439.4000000003725,Gun-free campus police,Stop police brutality,4,2,1,5,4,3,1,2,1,2,4.439400000000372
R_2uyPvOr8m1VDtfr,16,j,2,0,3977.5,Mandatory vaccinations,Cuts to National Parks budget,4,4,1,1,6,2,-3,2,3,2,3.9775
R_2uyPvOr8m1VDtfr,17,f,1,1,3190.4000000003725,Mandatory training on sexual consent,Abolishing fraternities,5,6,3,1,0,1,4,6,4,6,3.1904000000003725
R_2uyPvOr8m1VDtfr,18,j,2,0,3995.5,Mandatory vaccinations,Stop police brutality,4,4,1,5,4,3,1,0,1,0,3.9955
R_2uyPvOr8m1VDtfr,19,j,2,0,3759.5,Stop police brutality,Mandatory vaccinations,5,4,3,4,4,1,-1,0,1,0,3.7595
R_2uyPvOr8m1VDtfr,20,f,1,1,4067.10000000149,Abolishing private prisons,Legalization of marijuana,4,2,1,5,2,4,-1,0,1,0,4.06710000000149
R_2uyPvOr8m1VDtfr,21,f,1,1,4927.39999999851,Abolishing fraternities,Mandatory trigger warnings,1,0,1,5,2,2,-4,-2,4,2,4.92739999999851
R_2uyPvOr8m1VDtfr,22,j,2,0,3806.5,Dorms determined by gender identity,Mandatory trigger warnings,3,0,1,5,2,2,2,2,2,2,3.8065
R_2uyPvOr8m1VDtfr,23,j,2,0,3736.7000000011176,Abolishing fraternities,Ban on ethnic Halloween costumes,1,0,1,4,0,1,3,0,3,0,3.7367000000011177
R_2uyPvOr8m1VDtfr,24,j,2,0,4359.699999999255,Mandatory vaccinations,Stop police brutality,4,4,1,5,4,3,1,0,1,0,4.359699999999255
R_2uyPvOr8m1VDtfr,25,f,1,1,5223,Affirmative action,Defund the police,2,2,2,1,6,1,1,-4,1,4,5.223
R_2uyPvOr8m1VDtfr,26,f,1,1,5606.9000000003725,Ban on ethnic Halloween costumes,Abolishing fraternities,4,0,1,1,0,1,3,0,3,0,5.606900000000373
R_2uyPvOr8m1VDtfr,27,f,1,1,3057,Legalization of marijuana,Gun-free campus police,5,2,4,4,2,1,1,0,1,0,3.057
R_2uyPvOr8m1VDtfr,28,f,1,1,2499.5999999996275,Mandatory vaccinations,Cuts to National Parks budget,4,4,1,1,6,2,3,-2,3,2,2.4995999999996275
R_2uyPvOr8m1VDtfr,29,j,2,0,2647.699999999255,Cuts to National Parks budget,Abolishing fraternities,1,6,2,1,0,1,0,-6,0,6,2.6476999999992548
R_2uyPvOr8m1VDtfr,30,f,1,1,5112.199999999255,Mandatory vaccinations,Abolishing fraternities,4,4,1,1,0,1,3,4,3,4,5.112199999999255
R_2uyPvOr8m1VDtfr,31,j,2,0,8836.200000001118,Defund Planned Parenthood,Stop police brutality,1,6,2,5,4,3,4,-2,4,2,8.836200000001117
R_2uyPvOr8m1VDtfr,32,f,1,1,4596.5,Abolishing fraternities,Increased Gun regulations,1,0,1,5,6,3,-4,-6,4,6,4.5965
R_2uyPvOr8m1VDtfr,33,j,2,0,3502.5999999996275,Mandatory vaccinations,Mandatory trigger warnings,4,4,1,5,2,2,1,-2,1,2,3.5025999999996276
R_2uyPvOr8m1VDtfr,34,j,2,0,1820.699999999255,War on Drugs,Mandatory trigger warnings,3,4,3,5,2,2,2,-2,2,2,1.820699999999255
R_2uyPvOr8m1VDtfr,35,j,2,0,2632.7000000011176,Abolishing fraternities,Stop police brutality,1,0,1,5,4,3,4,4,4,4,2.6327000000011176
R_2uyPvOr8m1VDtfr,36,j,2,0,4201.4000000003725,Stop police brutality,Defund Planned Parenthood,5,4,3,1,6,2,-4,2,4,2,4.201400000000373
R_2uyPvOr8m1VDtfr,37,f,1,1,3852.199999999255,War on Drugs,Cuts to National Parks budget,3,4,3,1,6,2,2,-2,2,2,3.852199999999255
R_2uyPvOr8m1VDtfr,38,j,2,0,2926.0999999996275,Abolishing fraternities,Allow alt-right speakers on campus,1,0,1,3,0,1,2,0,2,0,2.9260999999996273
R_2uyPvOr8m1VDtfr,39,j,2,0,4166.9000000003725,Increased Gun regulations,Mandatory vaccinations,5,6,3,4,4,1,-1,-2,1,2,4.166900000000372
R_2uyPvOr8m1VDtfr,40,j,2,0,2031.300000000745,Legalization of marijuana,Mandatory vaccinations,5,2,4,4,4,1,-1,2,1,2,2.031300000000745
R_2uyPvOr8m1VDtfr,41,j,2,0,2853.9000000003725,Mandatory trigger warnings,Remove Christopher Columbus statues,5,2,2,2,0,1,-3,-2,3,2,2.8539000000003725
R_2uyPvOr8m1VDtfr,42,j,2,0,2122.5999999996275,Abolishing fraternities,Mandatory trigger warnings,1,0,1,5,2,2,4,2,4,2,2.1225999999996277
R_2uyPvOr8m1VDtfr,43,f,1,1,2282.9000000003725,Abolishing fraternities,Stop police brutality,1,0,1,5,4,3,-4,-4,4,4,2.2829000000003727
R_2uyPvOr8m1VDtfr,44,f,1,1,2752.4000000003725,Cuts to National Parks budget,Mandatory trigger warnings,1,6,2,5,2,2,-4,4,4,4,2.7524000000003723
R_2uyPvOr8m1VDtfr,45,j,2,0,3155.5,Detention of migrant children,Stop police brutality,3,0,2,5,4,3,2,4,2,4,3.1555
R_2uyPvOr8m1VDtfr,46,f,1,1,3092.9000000003725,Abolishing fraternities,Legalization of marijuana,1,0,1,5,2,4,-4,-2,4,2,3.0929000000003724
R_2uyPvOr8m1VDtfr,47,j,2,0,2034.0999999996275,Stop police brutality,Mandatory trigger warnings,5,4,3,5,2,2,0,-2,0,2,2.0340999999996274
R_2uyPvOr8m1VDtfr,48,f,1,1,2518,War on Drugs,Stop police brutality,3,4,3,5,4,3,-2,0,2,0,2.518
R_2uyPvOr8m1VDtfr,49,f,1,1,8062.700000001118,Mandatory trigger warnings,Defund Planned Parenthood,5,2,2,1,6,2,4,-4,4,4,8.062700000001117
R_2uyPvOr8m1VDtfr,50,f,1,1,2206.5999999996275,Legalization of marijuana,Mandatory vaccinations,5,2,4,4,4,1,1,-2,1,2,2.2065999999996273
R_2uyPvOr8m1VDtfr,51,j,2,0,3376.9000000003725,Legalization of marijuana,Hardening schools/Arming teachers,5,2,4,2,2,2,-3,0,3,0,3.3769000000003726
R_2uyPvOr8m1VDtfr,52,j,2,0,4743.199999999255,Abolishing fraternities,Mandatory drug tests for welfare recipients,1,0,1,3,0,1,2,0,2,0,4.743199999999255
R_2uyPvOr8m1VDtfr,53,j,2,0,2849.699999999255,Tuition increases,Stop police brutality,2,2,1,5,4,3,3,2,3,2,2.849699999999255
R_2uyPvOr8m1VDtfr,54,f,1,1,2324.5,Mandatory trigger warnings,Defund the police,5,2,2,1,6,1,4,-4,4,4,2.3245
R_2uyPvOr8m1VDtfr,55,j,2,0,5004.4000000003725,Increased Gun regulations,Remove Christopher Columbus statues,5,6,3,2,0,1,-3,-6,3,6,5.0044000000003726
R_2uyPvOr8m1VDtfr,56,j,2,0,2922.0999999996275,Legalization of marijuana,Stop police brutality,5,2,4,5,4,3,0,2,0,2,2.9220999999996273
R_2uyPvOr8m1VDtfr,57,j,2,0,2130.9000000003725,War on Drugs,Stop police brutality,3,4,3,5,4,3,2,0,2,0,2.1309000000003726
R_2uyPvOr8m1VDtfr,58,j,2,0,2071,Mandatory vaccinations,Increased Gun regulations,4,4,1,5,6,3,1,2,1,2,2.071
R_2uyPvOr8m1VDtfr,59,j,2,0,7185.299999998882,Stop police brutality,Legalization of marijuana,5,4,3,5,2,4,0,-2,0,2,7.1852999999988825
R_2uyPvOr8m1VDtfr,60,f,1,1,2307.5999999996275,Stop police brutality,Ban on ethnic Halloween costumes,5,4,3,4,0,1,1,4,1,4,2.3075999999996273
R_2uyPvOr8m1VDtfr,61,j,2,0,4491.4000000003725,Defund the police,U.S. drone strikes in Afghanistan,1,6,1,3,0,1,2,-6,2,6,4.491400000000373
R_2uyPvOr8m1VDtfr,62,f,1,1,2860.800000000745,Black Lives Matter,Remove police from schools,5,6,4,2,2,1,3,4,3,4,2.860800000000745
R_2uyPvOr8m1VDtfr,63,f,1,1,3318.800000000745,Tuition increases,Mandatory vaccinations,2,2,1,4,4,1,-2,-2,2,2,3.318800000000745
R_2uyPvOr8m1VDtfr,64,j,2,0,2587.7000000011176,Mandatory trigger warnings,Stop police brutality,5,2,2,5,4,3,0,2,0,2,2.5877000000011177
R_2uyPvOr8m1VDtfr,65,j,2,0,2823,Abolishing fraternities,Gun-free campus police,1,0,1,4,2,1,3,2,3,2,2.823
R_2uyPvOr8m1VDtfr,66,f,1,1,8866.900000000373,Abolishing fraternities,Ban on ethnic Halloween costumes,1,0,1,4,0,1,-3,0,3,0,8.866900000000372
R_2uyPvOr8m1VDtfr,67,f,1,1,4154.9000000003725,Remove Christopher Columbus statues,Legalization of marijuana,2,0,1,5,2,4,-3,-2,3,2,4.154900000000373
R_2uyPvOr8m1VDtfr,68,j,2,0,1779.9000000003725,Abolishing fraternities,Mandatory vaccinations,1,0,1,4,4,1,3,4,3,4,1.7799000000003726
R_2uyPvOr8m1VDtfr,69,j,2,0,4045.699999999255,Stop police brutality,Ban on ethnic Halloween costumes,5,4,3,4,0,1,-1,-4,1,4,4.045699999999255
R_2uyPvOr8m1VDtfr,70,f,1,1,2992.199999999255,Stop police brutality,Mandatory training on sexual consent,5,4,3,5,6,3,0,-2,0,2,2.992199999999255
R_2uyPvOr8m1VDtfr,71,f,1,1,3942.7999999988824,Legalization of marijuana,Legalization of marijuana,5,2,4,5,2,4,0,0,0,0,3.9427999999988823
R_2uyPvOr8m1VDtfr,72,j,2,0,3442.39999999851,Black Lives Matter,Ban on ethnic Halloween costumes,5,6,4,4,0,1,-1,-6,1,6,3.4423999999985098
R_2uyPvOr8m1VDtfr,73,f,1,1,2392.5,Mandatory vaccinations,Stop police brutality,4,4,1,5,4,3,-1,0,1,0,2.3925
R_2uyPvOr8m1VDtfr,74,f,1,1,3424.9000000003725,Mandatory vaccinations,Abolishing fraternities,4,4,1,1,0,1,3,4,3,4,3.4249000000003726
R_2uyPvOr8m1VDtfr,75,j,2,0,3017.7999999988824,Mandatory trigger warnings,Defund the police,5,2,2,1,6,1,-4,4,4,4,3.0177999999988825
R_2uyPvOr8m1VDtfr,76,f,1,1,3338.199999999255,Mandatory vaccinations,Legalization of marijuana,4,4,1,5,2,4,-1,2,1,2,3.338199999999255
R_2uyPvOr8m1VDtfr,77,f,1,1,1893.9000000003725,Stop police brutality,Abolishing fraternities,5,4,3,1,0,1,4,4,4,4,1.8939000000003725
R_2uyPvOr8m1VDtfr,78,j,2,0,2665.300000000745,Legalization of marijuana,War on Drugs,5,2,4,3,4,3,-2,2,2,2,2.665300000000745
R_2uyPvOr8m1VDtfr,79,f,1,1,2263.2999999988824,War on Drugs,Abolishing fraternities,3,4,3,1,0,1,2,4,2,4,2.2632999999988823
R_2uyPvOr8m1VDtfr,80,j,2,0,2009.9000000003725,Stop police brutality,Stop police brutality,5,4,3,5,4,3,0,0,0,0,2.0099000000003726
R_2uyPvOr8m1VDtfr,81,j,2,0,2593.300000000745,Remove Christopher Columbus statues,Mandatory trigger warnings,2,0,1,5,2,2,3,2,3,2,2.593300000000745
R_2uyPvOr8m1VDtfr,82,f,1,1,8339.099999999627,Mandatory vaccinations,Hardening schools/Arming teachers,4,4,1,2,2,2,2,2,2,2,8.339099999999627
R_2uyPvOr8m1VDtfr,83,f,1,1,5623.89999999851,Abolishing fraternities,Stop police brutality,1,0,1,5,4,3,-4,-4,4,4,5.6238999999985095
R_2uyPvOr8m1VDtfr,84,f,1,1,4461.699999999255,U.S. drone strikes in Afghanistan,Remove police from schools,3,0,1,2,2,1,1,-2,1,2,4.461699999999255
R_2uyPvOr8m1VDtfr,85,f,1,1,2564.39999999851,Legalization of marijuana,Hardening schools/Arming teachers,5,2,4,2,2,2,3,0,3,0,2.56439999999851
R_2uyPvOr8m1VDtfr,86,f,1,1,4218.9000000003725,Abolishing fraternities,Abolishing fraternities,1,0,1,1,0,1,0,0,0,0,4.218900000000373
R_2uyPvOr8m1VDtfr,87,j,2,0,5310.5,Stop police brutality,Tuition increases,5,4,3,2,2,1,-3,-2,3,2,5.3105
R_2uyPvOr8m1VDtfr,88,f,1,1,2395.2999999988824,Black Lives Matter,Dorms determined by gender identity,5,6,4,3,0,1,2,6,2,6,2.3952999999988824
R_2uyPvOr8m1VDtfr,89,f,1,1,2825,Remove Christopher Columbus statues,Abolishing fraternities,2,0,1,1,0,1,1,0,1,0,2.825
R_2uyPvOr8m1VDtfr,90,f,1,1,3186,Hardening schools/Arming teachers,Abolishing fraternities,2,2,2,1,0,1,1,2,1,2,3.186
R_2uyPvOr8m1VDtfr,91,j,2,0,7032.5999999996275,War on Drugs,Build southern border wall,3,4,3,4,2,3,1,-2,1,2,7.032599999999627
R_2uyPvOr8m1VDtfr,92,j,2,0,2970.0999999996275,Abolishing fraternities,Mandatory vaccinations,1,0,1,4,4,1,3,4,3,4,2.9700999999996274
R_2uyPvOr8m1VDtfr,93,j,2,0,2182.7999999988824,Stop police brutality,Gun-free campus police,5,4,3,4,2,1,-1,-2,1,2,2.1827999999988825
R_2uyPvOr8m1VDtfr,94,j,2,0,2306.800000000745,Abolishing fraternities,Tuition increases,1,0,1,2,2,1,1,2,1,2,2.306800000000745
R_2uyPvOr8m1VDtfr,95,j,2,0,4995.5,Cuts to National Parks budget,Hardening schools/Arming teachers,1,6,2,2,2,2,1,-4,1,4,4.9955
R_2uyPvOr8m1VDtfr,96,f,1,1,4401.4000000003725,Mandatory vaccinations,On campus concealed carry,4,4,1,2,2,1,2,2,2,2,4.401400000000373
R_2uyPvOr8m1VDtfr,97,j,2,0,2457.5999999996275,Stop police brutality,Remove Christopher Columbus statues,5,4,3,2,0,1,-3,-4,3,4,2.4575999999996276
R_2uyPvOr8m1VDtfr,98,j,2,0,2293.0999999996275,Ban on ethnic Halloween costumes,Physician-assisted suicide,4,0,1,4,2,3,0,2,0,2,2.2930999999996273
R_2uyPvOr8m1VDtfr,99,f,1,1,3124.9000000003725,Ban on ethnic Halloween costumes,Hardening schools/Arming teachers,4,0,1,2,2,2,2,-2,2,2,3.1249000000003724
R_2uyPvOr8m1VDtfr,100,j,2,0,2478.0999999996275,Abolishing private prisons,Mandatory training on sexual consent,4,2,1,5,6,3,1,4,1,4,2.4780999999996274
R_31gflObyA8zueuJ,1,f,1,1,27740.200000047684,Gun-free campus police,Legalization of marijuana,3,6,4,5,8,4,-2,-2,2,2,27.740200000047682
R_31gflObyA8zueuJ,2,f,1,1,28186.899999976158,Bathrooms restricted based on biological sex,Safe injection locations,4,7,3,3,6,4,1,1,1,1,28.18689999997616
R_31gflObyA8zueuJ,3,f,1,1,14008.5,Ban on ethnic Halloween costumes,On campus concealed carry,3,8,4,0,8,4,3,0,3,0,14.0085
R_31gflObyA8zueuJ,4,f,1,1,29056.5,Defund Planned Parenthood,Mandatory trigger warnings,0,8,4,3,6,3,-3,2,3,2,29.0565
R_31gflObyA8zueuJ,5,j,2,0,27183,Mask mandates,Allow alt-right speakers on campus,5,8,4,3,8,4,-2,0,2,0,27.183
R_31gflObyA8zueuJ,6,f,1,1,15045.600000023842,Bathrooms restricted based on biological sex,Abolishing private prisons,4,7,3,4,8,2,0,-1,0,1,15.045600000023843
R_31gflObyA8zueuJ,7,f,1,1,7737.899999976158,Expel students with white nationlist views,Stop police brutality,2,8,4,6,8,4,-4,0,4,0,7.737899999976158
R_31gflObyA8zueuJ,8,f,1,1,25842.300000071526,Bathrooms restricted based on biological sex,Abortion rights,4,7,3,6,8,4,-2,-1,2,1,25.842300000071525
R_31gflObyA8zueuJ,9,f,1,1,10195.200000047684,U.S. drone strikes in Afghanistan,Lift COVID lockdowns,3,6,3,1,8,4,2,-2,2,2,10.195200000047684
R_31gflObyA8zueuJ,10,j,2,0,14270.800000071526,University Campus should be a Sanctuary,Stop police brutality,3,8,4,6,8,4,3,0,3,0,14.270800000071526
R_31gflObyA8zueuJ,11,f,1,1,3507.3000000715256,Bathrooms restricted based on biological sex,Abolishing private prisons,4,7,3,4,8,2,0,-1,0,1,3.5073000000715258
R_31gflObyA8zueuJ,12,f,1,1,12682.299999952316,Mandatory drug tests for welfare recipients,Remove Christopher Columbus statues,5,8,2,3,8,4,2,0,2,0,12.682299999952317
R_31gflObyA8zueuJ,13,j,2,0,12035.900000095367,Increased Gun regulations,Abolishing private prisons,6,8,4,4,8,2,-2,0,2,0,12.035900000095367
R_31gflObyA8zueuJ,14,j,2,0,13770.899999976158,On campus concealed carry,Ban on research with animals,0,8,4,2,8,4,2,0,2,0,13.770899999976159
R_31gflObyA8zueuJ,15,j,2,0,83587.79999995232,Student worker unionization,Bathrooms restricted based on biological sex,5,8,4,4,7,3,-1,-1,1,1,83.58779999995231
R_31gflObyA8zueuJ,16,f,1,1,6193.899999976158,Bathrooms restricted based on biological sex,Tuition increases,4,7,3,1,8,4,3,-1,3,1,6.193899999976158
R_31gflObyA8zueuJ,17,f,1,1,9389.100000023842,Mandatory vaccinations,Dorms determined by gender identity,4,8,4,0,8,4,4,0,4,0,9.389100000023841
R_31gflObyA8zueuJ,18,j,2,0,7639.600000023842,Bathrooms restricted based on biological sex,Stop police brutality,4,7,3,6,8,4,2,1,2,1,7.639600000023842
R_31gflObyA8zueuJ,19,f,1,1,9632.100000023842,Remove Christopher Columbus statues,"Boycott, Divest, and Sanction Israel",3,8,4,3,6,3,0,2,0,2,9.632100000023842
R_31gflObyA8zueuJ,20,f,1,1,18087.600000023842,Bathrooms restricted based on biological sex,"Boycott, Divest, and Sanction Israel",4,7,3,3,6,3,1,1,1,1,18.08760000002384
R_31gflObyA8zueuJ,21,j,2,0,3118.8000000715256,Bathrooms restricted based on biological sex,Student worker unionization,4,7,3,5,8,4,1,1,1,1,3.1188000000715257
R_31gflObyA8zueuJ,22,j,2,0,3854.899999976158,Hardening schools/Arming teachers,Mandatory vaccinations,2,8,4,4,8,4,2,0,2,0,3.854899999976158
R_31gflObyA8zueuJ,23,j,2,0,3705.7999999523163,Bathrooms restricted based on biological sex,On campus concealed carry,4,7,3,0,8,4,-4,1,4,1,3.7057999999523163
R_31gflObyA8zueuJ,24,j,2,0,12421.399999976158,Ban on research with animals,Mask mandates,2,8,4,5,8,4,3,0,3,0,12.421399999976158
R_31gflObyA8zueuJ,25,j,2,0,7703.300000071526,Physician-assisted suicide,Dorms determined by gender identity,5,8,4,0,8,4,-5,0,5,0,7.7033000000715255
R_31gflObyA8zueuJ,26,j,2,0,14814.600000023842,Bathrooms restricted based on biological sex,Bathrooms restricted based on biological sex,4,7,3,4,7,3,0,0,0,0,14.814600000023843
R_31gflObyA8zueuJ,27,j,2,0,2945.100000023842,Bathrooms restricted based on biological sex,Stop police brutality,4,7,3,6,8,4,2,1,2,1,2.945100000023842
R_31gflObyA8zueuJ,28,f,1,1,11834.600000023842,Bathrooms restricted based on biological sex,Ban on research with animals,4,7,3,2,8,4,2,-1,2,1,11.834600000023842
R_31gflObyA8zueuJ,29,f,1,1,5189.399999976158,Hardening schools/Arming teachers,University Campus should be a Sanctuary,2,8,4,3,8,4,-1,0,1,0,5.189399999976158
R_31gflObyA8zueuJ,30,f,1,1,6003.799999952316,On campus concealed carry,Defund Planned Parenthood,0,8,4,0,8,4,0,0,0,0,6.003799999952316
R_31gflObyA8zueuJ,31,j,2,0,3431.0999999046326,Affirmative action,Mask mandates,4,8,4,5,8,4,1,0,1,0,3.4310999999046325
R_31gflObyA8zueuJ,32,f,1,1,2072.2000000476837,Remove Christopher Columbus statues,Affirmative action,3,8,4,4,8,4,-1,0,1,0,2.0722000000476837
R_31gflObyA8zueuJ,33,j,2,0,5710.600000023842,Bathrooms restricted based on biological sex,University Campus should be a Sanctuary,4,7,3,3,8,4,-1,1,1,1,5.710600000023842
R_31gflObyA8zueuJ,34,f,1,1,2841.7000000476837,Cuts to National Parks budget,Bathrooms restricted based on biological sex,2,8,4,4,7,3,-2,1,2,1,2.8417000000476835
R_31gflObyA8zueuJ,35,f,1,1,9968,Student worker unionization,Bathrooms restricted based on biological sex,5,8,4,4,7,3,1,1,1,1,9.968
R_31gflObyA8zueuJ,36,j,2,0,4260.200000047684,Mandatory drug tests for welfare recipients,Remove Christopher Columbus statues,5,8,2,3,8,4,-2,0,2,0,4.260200000047684
R_31gflObyA8zueuJ,37,j,2,0,4006.2000000476837,Bathrooms restricted based on biological sex,Mask mandates,4,7,3,5,8,4,1,1,1,1,4.006200000047683
R_31gflObyA8zueuJ,38,f,1,1,2594.2000000476837,Stop police brutality,Legalization of marijuana,6,8,4,5,8,4,1,0,1,0,2.594200000047684
R_31gflObyA8zueuJ,39,j,2,0,2090.100000023842,Increased Gun regulations,Stop police brutality,6,8,4,6,8,4,0,0,0,0,2.090100000023842
R_31gflObyA8zueuJ,40,j,2,0,2397.7000000476837,Bathrooms restricted based on biological sex,Mandatory vaccinations,4,7,3,4,8,4,0,1,0,1,2.3977000000476836
R_31gflObyA8zueuJ,41,f,1,1,5411.299999952316,Mandatory training on sexual consent,Hardening schools/Arming teachers,6,8,4,2,8,4,4,0,4,0,5.411299999952316
R_31gflObyA8zueuJ,42,j,2,0,5962.300000071526,Ban on research with animals,"Boycott, Divest, and Sanction Israel",2,8,4,3,6,3,1,-2,1,2,5.962300000071526
R_31gflObyA8zueuJ,43,j,2,0,4346,Tuition increases,Abortion rights,1,8,4,6,8,4,5,0,5,0,4.346
R_31gflObyA8zueuJ,44,j,2,0,3511.2000000476837,Bathrooms restricted based on biological sex,University Campus should be a Sanctuary,4,7,3,3,8,4,-1,1,1,1,3.5112000000476837
R_31gflObyA8zueuJ,45,j,2,0,7318.199999928474,Hardening schools/Arming teachers,Bathrooms restricted based on biological sex,2,8,4,4,7,3,2,-1,2,1,7.318199999928474
R_31gflObyA8zueuJ,46,f,1,1,7115.300000071526,Abolishing private prisons,Lift COVID lockdowns,4,8,2,1,8,4,3,0,3,0,7.115300000071525
R_31gflObyA8zueuJ,47,f,1,1,4127.399999976158,Bathrooms restricted based on biological sex,Bathrooms restricted based on biological sex,4,7,3,4,7,3,0,0,0,0,4.127399999976158
R_31gflObyA8zueuJ,48,f,1,1,4440.300000071526,Lift COVID lockdowns,Safe injection locations,1,8,4,3,6,4,-2,2,2,2,4.440300000071526
R_31gflObyA8zueuJ,49,j,2,0,1286.8999999761581,Bathrooms restricted based on biological sex,Remove Christopher Columbus statues,4,7,3,3,8,4,-1,1,1,1,1.2868999999761581
R_31gflObyA8zueuJ,50,f,1,1,2300.600000023842,Mask mandates,Abolishing private prisons,5,8,4,4,8,2,1,0,1,0,2.300600000023842
R_31gflObyA8zueuJ,51,f,1,1,2943.7999999523163,Bathrooms restricted based on biological sex,Dorms determined by gender identity,4,7,3,0,8,4,4,-1,4,1,2.9437999999523163
R_31gflObyA8zueuJ,52,f,1,1,3933.6999999284744,Abolishing fraternities,Legalization of marijuana,3,8,4,5,8,4,-2,0,2,0,3.9336999999284745
R_31gflObyA8zueuJ,53,f,1,1,4271.199999928474,Defund Planned Parenthood,Student worker unionization,0,8,4,5,8,4,-5,0,5,0,4.271199999928474
R_31gflObyA8zueuJ,54,f,1,1,1998.5,Bathrooms restricted based on biological sex,Safe injection locations,4,7,3,3,6,4,1,1,1,1,1.9985
R_31gflObyA8zueuJ,55,j,2,0,63,Mandatory vaccinations,Defund the police,4,8,4,3,6,4,-1,-2,1,2,0.063
R_31gflObyA8zueuJ,56,j,2,0,3770.6999999284744,Physician-assisted suicide,Gun-free campus police,5,8,4,3,6,4,-2,-2,2,2,3.7706999999284743
R_31gflObyA8zueuJ,57,j,2,0,1494.8999999761581,Bathrooms restricted based on biological sex,Safe injection locations,4,7,3,3,6,4,-1,-1,1,1,1.494899999976158
R_31gflObyA8zueuJ,58,j,2,0,1019.2000000476837,Bathrooms restricted based on biological sex,On campus concealed carry,4,7,3,0,8,4,-4,1,4,1,1.0192000000476837
R_31gflObyA8zueuJ,59,f,1,1,512.2999999523163,Bathrooms restricted based on biological sex,Stop police brutality,4,7,3,6,8,4,-2,-1,2,1,0.5122999999523162
R_31gflObyA8zueuJ,60,f,1,1,865.1000000238419,Expel students with white nationlist views,Detention of migrant children,2,8,4,2,8,4,0,0,0,0,0.8651000000238419
R_31gflObyA8zueuJ,61,f,1,1,3067.2999999523163,Tuition increases,Abortion rights,1,8,4,6,8,4,-5,0,5,0,3.0672999999523163
R_31gflObyA8zueuJ,62,j,2,0,5405.5,Defund Planned Parenthood,Physician-assisted suicide,0,8,4,5,8,4,5,0,5,0,5.4055
R_31gflObyA8zueuJ,63,j,2,0,3489.5,Expel students with white nationlist views,U.S. drone strikes in Afghanistan,2,8,4,3,6,3,1,-2,1,2,3.4895
R_31gflObyA8zueuJ,64,j,2,0,1195.6000000238419,Expel students with white nationlist views,Bathrooms restricted based on biological sex,2,8,4,4,7,3,2,-1,2,1,1.1956000000238418
R_31gflObyA8zueuJ,65,j,2,0,970.6000000238419,Affirmative action,Bathrooms restricted based on biological sex,4,8,4,4,7,3,0,-1,0,1,0.9706000000238418
R_31gflObyA8zueuJ,66,j,2,0,4234.700000047684,Legalization of marijuana,Defund Planned Parenthood,5,8,4,0,8,4,-5,0,5,0,4.234700000047684
R_31gflObyA8zueuJ,67,f,1,1,5640.600000023842,Bathrooms restricted based on biological sex,Lift COVID lockdowns,4,7,3,1,8,4,3,-1,3,1,5.640600000023841
R_31gflObyA8zueuJ,68,j,2,0,5435.100000023842,Allow alt-right speakers on campus,Detention of migrant children,3,8,4,2,8,4,-1,0,1,0,5.435100000023842
R_31gflObyA8zueuJ,69,f,1,1,1799.5,U.S. drone strikes in Afghanistan,Defund Planned Parenthood,3,6,3,0,8,4,3,-2,3,2,1.7995
R_31gflObyA8zueuJ,70,f,1,1,1122.2999999523163,Bathrooms restricted based on biological sex,Allow alt-right speakers on campus,4,7,3,3,8,4,1,-1,1,1,1.1222999999523162
R_31gflObyA8zueuJ,71,f,1,1,2054.100000023842,Physician-assisted suicide,Bathrooms restricted based on biological sex,5,8,4,4,7,3,1,1,1,1,2.054100000023842
R_31gflObyA8zueuJ,72,j,2,0,3142.9000000953674,Dorms determined by gender identity,University Campus should be a Sanctuary,0,8,4,3,8,4,3,0,3,0,3.1429000000953673
R_31gflObyA8zueuJ,73,j,2,0,1344.8000000715256,Abolishing private prisons,Stop police brutality,4,8,2,6,8,4,2,0,2,0,1.3448000000715257
R_31gflObyA8zueuJ,74,j,2,0,2504.399999976158,Allow alt-right speakers on campus,Stop police brutality,3,8,4,6,8,4,3,0,3,0,2.504399999976158
R_31gflObyA8zueuJ,75,f,1,1,2526.5999999046326,Affirmative action,Lift COVID lockdowns,4,8,4,1,8,4,3,0,3,0,2.5265999999046325
R_31gflObyA8zueuJ,76,j,2,0,5431.700000047684,Abolishing private prisons,Mandatory drug tests for welfare recipients,4,8,2,5,8,2,1,0,1,0,5.431700000047684
R_31gflObyA8zueuJ,77,j,2,0,4565.5,Gun-free campus police,Increased Gun regulations,3,6,4,6,8,4,3,2,3,2,4.5655
R_31gflObyA8zueuJ,78,j,2,0,2641,Stop police brutality,Bathrooms restricted based on biological sex,6,8,4,4,7,3,-2,-1,2,1,2.641
R_31gflObyA8zueuJ,79,f,1,1,3034.1999999284744,Mask mandates,Mask mandates,5,8,4,5,8,4,0,0,0,0,3.0341999999284743
R_31gflObyA8zueuJ,80,j,2,0,3027,On campus concealed carry,Bathrooms restricted based on biological sex,0,8,4,4,7,3,4,-1,4,1,3.027
R_31gflObyA8zueuJ,81,j,2,0,1696.1000000238419,Defund Planned Parenthood,Stop police brutality,0,8,4,6,8,4,6,0,6,0,1.6961000000238418
R_31gflObyA8zueuJ,82,f,1,1,6868.899999976158,Build southern border wall,Ban on research with animals,3,6,4,2,8,4,1,-2,1,2,6.868899999976158
R_31gflObyA8zueuJ,83,j,2,0,2558.9000000953674,Bathrooms restricted based on biological sex,Mandatory drug tests for welfare recipients,4,7,3,5,8,2,1,1,1,1,2.5589000000953672
R_31gflObyA8zueuJ,84,j,2,0,1850.7999999523163,Increased Gun regulations,Student worker unionization,6,8,4,5,8,4,-1,0,1,0,1.8507999999523164
R_31gflObyA8zueuJ,85,f,1,1,17384.899999976158,Mandatory drug tests for welfare recipients,Legalization of marijuana,5,8,2,5,8,4,0,0,0,0,17.38489999997616
R_31gflObyA8zueuJ,86,j,2,0,2315.5,Allow alt-right speakers on campus,U.S. drone strikes in Afghanistan,3,8,4,3,6,3,0,-2,0,2,2.3155
R_31gflObyA8zueuJ,87,f,1,1,3950.399999976158,Mandatory trigger warnings,Abortion rights,3,6,3,6,8,4,-3,-2,3,2,3.9503999999761583
R_31gflObyA8zueuJ,88,j,2,0,3693.100000023842,On campus concealed carry,Mask mandates,0,8,4,5,8,4,5,0,5,0,3.6931000000238416
R_31gflObyA8zueuJ,89,f,1,1,2418.899999976158,On campus concealed carry,Ban on research with animals,0,8,4,2,8,4,-2,0,2,0,2.418899999976158
R_31gflObyA8zueuJ,90,j,2,0,2468,Mandatory vaccinations,Mandatory drug tests for welfare recipients,4,8,4,5,8,2,1,0,1,0,2.468
R_31gflObyA8zueuJ,91,j,2,0,2870.600000023842,Mandatory drug tests for welfare recipients,Abortion rights,5,8,2,6,8,4,1,0,1,0,2.870600000023842
R_31gflObyA8zueuJ,92,j,2,0,1726.5,Ban on research with animals,Stop police brutality,2,8,4,6,8,4,4,0,4,0,1.7265
R_31gflObyA8zueuJ,93,f,1,1,2191,Increased Gun regulations,Bathrooms restricted based on biological sex,6,8,4,4,7,3,2,1,2,1,2.191
R_31gflObyA8zueuJ,94,j,2,0,3553.600000023842,Allow alt-right speakers on campus,Hardening schools/Arming teachers,3,8,4,2,8,4,-1,0,1,0,3.5536000000238417
R_31gflObyA8zueuJ,95,f,1,1,2409.2000000476837,Physician-assisted suicide,Expel students with white nationlist views,5,8,4,2,8,4,3,0,3,0,2.409200000047684
R_31gflObyA8zueuJ,96,f,1,1,2466.7000000476837,Affirmative action,Mandatory training on sexual consent,4,8,4,6,8,4,-2,0,2,0,2.4667000000476835
R_31gflObyA8zueuJ,97,f,1,1,5089.399999976158,Physician-assisted suicide,Stop police brutality,5,8,4,6,8,4,-1,0,1,0,5.089399999976158
R_31gflObyA8zueuJ,98,j,2,0,1934.8999999761581,Mandatory vaccinations,Increased Gun regulations,4,8,4,6,8,4,2,0,2,0,1.9348999999761582
R_31gflObyA8zueuJ,99,f,1,1,2805.1999999284744,Defund Planned Parenthood,Remove Christopher Columbus statues,0,8,4,3,8,4,-3,0,3,0,2.8051999999284742
R_31gflObyA8zueuJ,100,f,1,1,9087.800000071526,Mandatory training on sexual consent,U.S. drone strikes in Afghanistan,6,8,4,3,6,3,3,2,3,2,9.087800000071526
R_2YL0egL06rxNGj7,1,f,1,1,28910.999999999767,Mandatory vaccinations,Safe injection locations,6,6,4,3,7,2,3,-1,3,1,28.910999999999767
R_2YL0egL06rxNGj7,2,f,1,1,17568,Ban on research with animals,On campus concealed carry,5,3,2,0,8,3,5,-5,5,5,17.568
R_2YL0egL06rxNGj7,3,j,2,0,10985,"Boycott, Divest, and Sanction Israel",Increased Gun regulations,4,4,2,6,8,4,2,4,2,4,10.985
R_2YL0egL06rxNGj7,4,j,2,0,13639.999999999767,Increased Gun regulations,Detention of migrant children,6,8,4,2,5,3,-4,-3,4,3,13.639999999999768
R_2YL0egL06rxNGj7,5,j,2,0,9156,Mandatory vaccinations,Remove Christopher Columbus statues,6,6,4,1,4,3,-5,-2,5,2,9.156
R_2YL0egL06rxNGj7,6,j,2,0,46343.00000000023,Legalization of marijuana,Expel students with white nationlist views,0,8,4,4,6,3,4,-2,4,2,46.34300000000023
R_2YL0egL06rxNGj7,7,j,2,0,4898.000000000233,Ban on research with animals,Mandatory vaccinations,5,3,2,6,6,4,1,3,1,3,4.898000000000232
R_2YL0egL06rxNGj7,8,f,1,1,9765,Bathrooms restricted based on biological sex,Mask mandates,6,8,4,2,1,4,4,7,4,7,9.765
R_2YL0egL06rxNGj7,9,f,1,1,4976.999999999767,Mandatory training on sexual consent,Legalization of marijuana,4,3,1,0,8,4,4,-5,4,5,4.976999999999768
R_2YL0egL06rxNGj7,10,j,2,0,13436,Remove Christopher Columbus statues,Mandatory vaccinations,1,4,3,6,6,4,5,2,5,2,13.436
R_2YL0egL06rxNGj7,11,f,1,1,5288,Mask mandates,Legalization of marijuana,2,1,4,0,8,4,2,-7,2,7,5.288
R_2YL0egL06rxNGj7,12,f,1,1,7249,War on Drugs,Expel students with white nationlist views,6,8,3,4,6,3,2,2,2,2,7.249
R_2YL0egL06rxNGj7,13,j,2,0,10787,Legalization of marijuana,Mandatory training on sexual consent,0,8,4,4,3,1,4,-5,4,5,10.787
R_2YL0egL06rxNGj7,14,f,1,1,4876,Climate change legislation,Defund the police,4,6,3,0,8,4,4,-2,4,2,4.876
R_2YL0egL06rxNGj7,15,j,2,0,2084,Mandatory vaccinations,Climate change legislation,6,6,4,4,6,3,-2,0,2,0,2.084
R_2YL0egL06rxNGj7,16,j,2,0,1183,Bathrooms restricted based on biological sex,Abolishing private prisons,6,8,4,5,6,3,-1,-2,1,2,1.183
R_2YL0egL06rxNGj7,17,f,1,1,3482.9999999995343,Ban on research with animals,Mandatory vaccinations,5,3,2,6,6,4,-1,-3,1,3,3.4829999999995342
R_2YL0egL06rxNGj7,18,j,2,0,4571,Mandatory vaccinations,Student worker unionization,6,6,4,5,5,3,-1,-1,1,1,4.571
R_2YL0egL06rxNGj7,19,f,1,1,7935,Abolishing private prisons,Mandatory vaccinations,5,6,3,6,6,4,-1,0,1,0,7.935
R_2YL0egL06rxNGj7,20,j,2,0,5169,"Boycott, Divest, and Sanction Israel",Mandatory vaccinations,4,4,2,6,6,4,2,2,2,2,5.169
R_2YL0egL06rxNGj7,21,f,1,1,12733,Mandatory vaccinations,Abortion rights,6,6,4,5,2,3,1,4,1,4,12.733
R_2YL0egL06rxNGj7,22,j,2,0,5516.000000000466,Mandatory vaccinations,"Boycott, Divest, and Sanction Israel",6,6,4,4,4,2,-2,-2,2,2,5.516000000000465
R_2YL0egL06rxNGj7,23,j,2,0,2818,Defund the police,Dorms determined by gender identity,0,8,4,6,7,3,6,-1,6,1,2.818
R_2YL0egL06rxNGj7,24,j,2,0,4331,Mask mandates,Mandatory vaccinations,2,1,4,6,6,4,4,5,4,5,4.331
R_2YL0egL06rxNGj7,25,f,1,1,2638,Mandatory vaccinations,Mandatory training on sexual consent,6,6,4,4,3,1,2,3,2,3,2.638
R_2YL0egL06rxNGj7,26,f,1,1,2091,Raise the minimum wage,Mandatory vaccinations,5,5,3,6,6,4,-1,-1,1,1,2.091
R_2YL0egL06rxNGj7,27,j,2,0,1506.9999999995343,Abortion rights,Mandatory vaccinations,5,2,3,6,6,4,1,4,1,4,1.5069999999995343
R_2YL0egL06rxNGj7,28,f,1,1,884,Student worker unionization,Mandatory vaccinations,5,5,3,6,6,4,-1,-1,1,1,0.884
R_2YL0egL06rxNGj7,29,f,1,1,3374,War on Drugs,Abortion rights,6,8,3,5,2,3,1,6,1,6,3.374
R_2YL0egL06rxNGj7,30,j,2,0,5029,Abolishing private prisons,Mandatory vaccinations,5,6,3,6,6,4,1,0,1,0,5.029
R_2YL0egL06rxNGj7,31,j,2,0,2230,Mandatory training on sexual consent,Increased Gun regulations,4,3,1,6,8,4,2,5,2,5,2.23
R_2YL0egL06rxNGj7,32,f,1,1,2985,Abortion rights,Increased Gun regulations,5,2,3,6,8,4,-1,-6,1,6,2.985
R_2YL0egL06rxNGj7,33,j,2,0,20146,Abolishing private prisons,Legalization of marijuana,5,6,3,0,8,4,-5,2,5,2,20.146
R_2YL0egL06rxNGj7,34,j,2,0,6809.000000000466,Gun-free campus police,Safe injection locations,0,8,3,3,7,2,3,-1,3,1,6.809000000000466
R_2YL0egL06rxNGj7,35,f,1,1,2265,Increased Gun regulations,Mask mandates,6,8,4,2,1,4,4,7,4,7,2.265
R_2YL0egL06rxNGj7,36,f,1,1,3454,Mandatory vaccinations,Tuition increases,6,6,4,0,7,4,6,-1,6,1,3.454
R_2YL0egL06rxNGj7,37,f,1,1,2628,Mandatory vaccinations,Increased Gun regulations,6,6,4,6,8,4,0,-2,0,2,2.628
R_2YL0egL06rxNGj7,38,f,1,1,14790,Mandatory vaccinations,Cuts to National Parks budget,6,6,4,3,4,2,3,2,3,2,14.79
R_2YL0egL06rxNGj7,39,f,1,1,2138,War on Drugs,Remove Christopher Columbus statues,6,8,3,1,4,3,5,4,5,4,2.138
R_2YL0egL06rxNGj7,40,f,1,1,5021,Tuition increases,Mandatory vaccinations,0,7,4,6,6,4,-6,1,6,1,5.021
R_2YL0egL06rxNGj7,41,j,2,0,8963,Ban on ethnic Halloween costumes,Gun-free campus police,3,0,1,0,8,3,-3,8,3,8,8.963
R_2YL0egL06rxNGj7,42,j,2,0,3379.9999999995343,Defund the police,"Boycott, Divest, and Sanction Israel",0,8,4,4,4,2,4,-4,4,4,3.3799999999995345
R_2YL0egL06rxNGj7,43,f,1,1,6499,Mandatory vaccinations,Abolishing private prisons,6,6,4,5,6,3,1,0,1,0,6.499
R_2YL0egL06rxNGj7,44,j,2,0,10537,Remove public Confederate memorials,Increased Gun regulations,3,1,3,6,8,4,3,7,3,7,10.537
R_2YL0egL06rxNGj7,45,j,2,0,5678,Legalization of marijuana,Mandatory vaccinations,0,8,4,6,6,4,6,-2,6,2,5.678
R_2YL0egL06rxNGj7,46,f,1,1,6500,Remove Christopher Columbus statues,Legalization of marijuana,1,4,3,0,8,4,1,-4,1,4,6.5
R_2YL0egL06rxNGj7,47,j,2,0,2855,Gun-free campus police,Ban on research with animals,0,8,3,5,3,2,5,-5,5,5,2.855
R_2YL0egL06rxNGj7,48,j,2,0,1172.9999999995343,Legalization of marijuana,Detention of migrant children,0,8,4,2,5,3,2,-3,2,3,1.1729999999995344
R_2YL0egL06rxNGj7,49,j,2,0,4200,Gun-free campus police,Ban on research with animals,0,8,3,5,3,2,5,-5,5,5,4.2
R_2YL0egL06rxNGj7,50,j,2,0,4300,Mandatory drug tests for welfare recipients,War on Drugs,5,5,2,6,8,3,1,3,1,3,4.3
R_2YL0egL06rxNGj7,51,j,2,0,3202,U.S. drone strikes in Afghanistan,Mandatory vaccinations,4,6,3,6,6,4,2,0,2,0,3.202
R_2YL0egL06rxNGj7,52,j,2,0,4376,Abolishing private prisons,Gun-free campus police,5,6,3,0,8,3,-5,2,5,2,4.376
R_2YL0egL06rxNGj7,53,j,2,0,3851,Remove Christopher Columbus statues,Legalization of marijuana,1,4,3,0,8,4,-1,4,1,4,3.851
R_2YL0egL06rxNGj7,54,j,2,0,8950,Defund the police,Dorms determined by gender identity,0,8,4,6,7,3,6,-1,6,1,8.95
R_2YL0egL06rxNGj7,55,f,1,1,5808,"Boycott, Divest, and Sanction Israel",Mandatory vaccinations,4,4,2,6,6,4,-2,-2,2,2,5.808
R_2YL0egL06rxNGj7,56,j,2,0,2250,Detention of migrant children,Increased Gun regulations,2,5,3,6,8,4,4,3,4,3,2.25
R_2YL0egL06rxNGj7,57,j,2,0,3580,Defund the police,Mask mandates,0,8,4,2,1,4,2,-7,2,7,3.58
R_2YL0egL06rxNGj7,58,f,1,1,9187,Remove public Confederate memorials,War on Drugs,3,1,3,6,8,3,-3,-7,3,7,9.187
R_2YL0egL06rxNGj7,59,j,2,0,4386,U.S. drone strikes in Afghanistan,Mandatory vaccinations,4,6,3,6,6,4,2,0,2,0,4.386
R_2YL0egL06rxNGj7,60,f,1,1,3823,Lift COVID lockdowns,Bathrooms restricted based on biological sex,5,6,4,6,8,4,-1,-2,1,2,3.823
R_2YL0egL06rxNGj7,61,f,1,1,17091,On campus concealed carry,Detention of migrant children,0,8,3,2,5,3,-2,3,2,3,17.091
R_2YL0egL06rxNGj7,62,j,2,0,266708.00000000047,Increased Gun regulations,Affirmative action,6,8,4,3,4,1,-3,-4,3,4,266.7080000000005
R_2YL0egL06rxNGj7,63,f,1,1,18867,Detention of migrant children,Mandatory vaccinations,2,5,3,6,6,4,-4,-1,4,1,18.867
R_2YL0egL06rxNGj7,64,f,1,1,17530,Gun-free campus police,"Boycott, Divest, and Sanction Israel",0,8,3,4,4,2,-4,4,4,4,17.53
R_2YL0egL06rxNGj7,65,f,1,1,192912,Mandatory vaccinations,Ban on ethnic Halloween costumes,6,6,4,3,0,1,3,6,3,6,192.912
R_2YL0egL06rxNGj7,66,j,2,0,17650,Mandatory vaccinations,Abortion rights,6,6,4,5,2,3,-1,-4,1,4,17.65
R_2YL0egL06rxNGj7,67,j,2,0,2700,Ban on ethnic Halloween costumes,Increased Gun regulations,3,0,1,6,8,4,3,8,3,8,2.7
R_2YL0egL06rxNGj7,68,j,2,0,89030,On campus concealed carry,Dorms determined by gender identity,0,8,3,6,7,3,6,-1,6,1,89.03
R_2YL0egL06rxNGj7,69,j,2,0,1023.0000000004657,Ban on research with animals,Legalization of marijuana,5,3,2,0,8,4,-5,5,5,5,1.0230000000004658
R_2YL0egL06rxNGj7,70,j,2,0,708,"Boycott, Divest, and Sanction Israel",On campus concealed carry,4,4,2,0,8,3,-4,4,4,4,0.708
R_2YL0egL06rxNGj7,71,j,2,0,70.99999999953434,Mandatory training on sexual consent,Gun-free campus police,4,3,1,0,8,3,-4,5,4,5,0.07099999999953434
R_2YL0egL06rxNGj7,72,f,1,1,3605,Raise the minimum wage,Mandatory vaccinations,5,5,3,6,6,4,-1,-1,1,1,3.605
R_2YL0egL06rxNGj7,73,f,1,1,1273,Mandatory vaccinations,Remove Christopher Columbus statues,6,6,4,1,4,3,5,2,5,2,1.273
R_2YL0egL06rxNGj7,74,j,2,0,1906,Gun-free campus police,Build southern border wall,0,8,3,3,4,3,3,-4,3,4,1.906
R_2YL0egL06rxNGj7,75,j,2,0,3213,Abortion rights,Defund the police,5,2,3,0,8,4,-5,6,5,6,3.213
R_2YL0egL06rxNGj7,76,j,2,0,1851.9999999995343,Gun-free campus police,Increased Gun regulations,0,8,3,6,8,4,6,0,6,0,1.8519999999995342
R_2YL0egL06rxNGj7,77,j,2,0,2750,Ban on research with animals,Mandatory vaccinations,5,3,2,6,6,4,1,3,1,3,2.75
R_2YL0egL06rxNGj7,78,j,2,0,8392,Dorms determined by gender identity,Mandatory vaccinations,6,7,3,6,6,4,0,-1,0,1,8.392
R_2YL0egL06rxNGj7,79,j,2,0,2060,Ban on research with animals,Mandatory vaccinations,5,3,2,6,6,4,1,3,1,3,2.06
R_2YL0egL06rxNGj7,80,j,2,0,84027.99999999953,Increased Gun regulations,Abortion rights,6,8,4,5,2,3,-1,-6,1,6,84.02799999999954
R_2YL0egL06rxNGj7,81,j,2,0,1922.0000000004657,Increased Gun regulations,Raise the minimum wage,6,8,4,5,5,3,-1,-3,1,3,1.9220000000004656
R_2YL0egL06rxNGj7,82,j,2,0,3934,Legalization of marijuana,Student worker unionization,0,8,4,5,5,3,5,-3,5,3,3.934
R_2YL0egL06rxNGj7,83,j,2,0,10863.000000000466,Tuition increases,Defund the police,0,7,4,0,8,4,0,1,0,1,10.863000000000465
R_2YL0egL06rxNGj7,84,j,2,0,1381.0000000004657,Mandatory vaccinations,Mandatory vaccinations,6,6,4,6,6,4,0,0,0,0,1.3810000000004656
R_2YL0egL06rxNGj7,85,j,2,0,1256,Mandatory vaccinations,Lift COVID lockdowns,6,6,4,5,6,4,-1,0,1,0,1.256
R_2YL0egL06rxNGj7,86,f,1,1,1695,Mandatory vaccinations,War on Drugs,6,6,4,6,8,3,0,-2,0,2,1.695
R_2YL0egL06rxNGj7,87,f,1,1,1041,Abortion rights,Mandatory vaccinations,5,2,3,6,6,4,-1,-4,1,4,1.041
R_2YL0egL06rxNGj7,88,j,2,0,2896,Mask mandates,Mandatory vaccinations,2,1,4,6,6,4,4,5,4,5,2.896
R_2YL0egL06rxNGj7,89,j,2,0,1403,Expel students with white nationlist views,Mandatory vaccinations,4,6,3,6,6,4,2,0,2,0,1.403
R_2YL0egL06rxNGj7,90,f,1,1,2052.0000000004657,Legalization of marijuana,Climate change legislation,0,8,4,4,6,3,-4,2,4,2,2.0520000000004655
R_2YL0egL06rxNGj7,91,j,2,0,14794,Remove Christopher Columbus statues,Mandatory vaccinations,1,4,3,6,6,4,5,2,5,2,14.794
R_2YL0egL06rxNGj7,92,j,2,0,6669,Mandatory training on sexual consent,Mandatory vaccinations,4,3,1,6,6,4,2,3,2,3,6.669
R_2YL0egL06rxNGj7,93,f,1,1,8432,Raise the minimum wage,Legalization of marijuana,5,5,3,0,8,4,5,-3,5,3,8.432
R_2YL0egL06rxNGj7,94,f,1,1,3243.0000000004657,Defund the police,Mandatory vaccinations,0,8,4,6,6,4,-6,2,6,2,3.2430000000004657
R_2YL0egL06rxNGj7,95,f,1,1,4623,Mandatory vaccinations,Remove public Confederate memorials,6,6,4,3,1,3,3,5,3,5,4.623
R_2YL0egL06rxNGj7,96,j,2,0,909.0000000004657,"Boycott, Divest, and Sanction Israel",Mandatory vaccinations,4,4,2,6,6,4,2,2,2,2,0.9090000000004657
R_2YL0egL06rxNGj7,97,j,2,0,108,Defund the police,Safe injection locations,0,8,4,3,7,2,3,-1,3,1,0.108
R_2YL0egL06rxNGj7,98,f,1,1,5914,Detention of migrant children,Mandatory vaccinations,2,5,3,6,6,4,-4,-1,4,1,5.914
R_2YL0egL06rxNGj7,99,j,2,0,887.0000000004657,Mandatory vaccinations,Dorms determined by gender identity,6,6,4,6,7,3,0,1,0,1,0.8870000000004656
R_2YL0egL06rxNGj7,100,j,2,0,1043,Legalization of marijuana,Remove Christopher Columbus statues,0,8,4,1,4,3,1,-4,1,4,1.043
R_xkZHGXwmDGW8BFf,1,j,2,0,23797.80000000447,Student worker unionization,Religious exemptions for discrimination laws,4,2,1,3,4,1,-1,2,1,2,23.79780000000447
R_xkZHGXwmDGW8BFf,2,f,1,1,9361,Mask mandates,War on Drugs,6,8,2,1,4,1,5,4,5,4,9.361
R_xkZHGXwmDGW8BFf,3,j,2,0,18606.60000000149,Raise the minimum wage,Student worker unionization,6,8,1,4,2,1,-2,-6,2,6,18.60660000000149
R_xkZHGXwmDGW8BFf,4,f,1,1,8357.70000000298,Religious exemptions for discrimination laws,War on Drugs,3,4,1,1,4,1,2,0,2,0,8.35770000000298
R_xkZHGXwmDGW8BFf,5,j,2,0,4790.5,Mandatory vaccinations,War on Drugs,4,6,1,1,4,1,-3,-2,3,2,4.7905
R_xkZHGXwmDGW8BFf,6,j,2,0,14886.39999999851,Detention of migrant children,Affirmative action,1,8,1,5,6,1,4,-2,4,2,14.88639999999851
R_xkZHGXwmDGW8BFf,7,f,1,1,4449.20000000298,Affirmative action,Student worker unionization,5,6,1,4,2,1,1,4,1,4,4.44920000000298
R_xkZHGXwmDGW8BFf,8,f,1,1,4234.39999999851,Affirmative action,Climate change legislation,5,6,1,6,4,1,-1,2,1,2,4.23439999999851
R_xkZHGXwmDGW8BFf,9,j,2,0,5431.60000000149,Detention of migrant children,Student worker unionization,1,8,1,4,2,1,3,-6,3,6,5.43160000000149
R_xkZHGXwmDGW8BFf,10,j,2,0,4855.5,War on Drugs,Student worker unionization,1,4,1,4,2,1,3,-2,3,2,4.8555
R_xkZHGXwmDGW8BFf,11,f,1,1,3655.89999999851,Religious exemptions for discrimination laws,Affirmative action,3,4,1,5,6,1,-2,-2,2,2,3.65589999999851
R_xkZHGXwmDGW8BFf,12,j,2,0,3172.8000000044703,U.S. drone strikes in Afghanistan,Student worker unionization,1,8,1,4,2,1,3,-6,3,6,3.1728000000044703
R_xkZHGXwmDGW8BFf,13,f,1,1,2763.5,Student worker unionization,War on Drugs,4,2,1,1,4,1,3,-2,3,2,2.7635
R_xkZHGXwmDGW8BFf,14,j,2,0,3224,Climate change legislation,Remove public Confederate memorials,6,4,1,1,4,1,-5,0,5,0,3.224
R_xkZHGXwmDGW8BFf,15,f,1,1,5310.20000000298,Religious exemptions for discrimination laws,Climate change legislation,3,4,1,6,4,1,-3,0,3,0,5.31020000000298
R_xkZHGXwmDGW8BFf,16,j,2,0,5253.30000000447,Remove public Confederate memorials,Detention of migrant children,1,4,1,1,8,1,0,4,0,4,5.2533000000044705
R_xkZHGXwmDGW8BFf,17,j,2,0,3662.7000000029802,Remove public Confederate memorials,Affirmative action,1,4,1,5,6,1,4,2,4,2,3.6627000000029803
R_xkZHGXwmDGW8BFf,18,f,1,1,3234,Stop police brutality,Affirmative action,5,8,1,5,6,1,0,2,0,2,3.234
R_xkZHGXwmDGW8BFf,19,j,2,0,4976.60000000149,Mandatory vaccinations,Increased Gun regulations,4,6,1,6,8,1,2,2,2,2,4.97660000000149
R_xkZHGXwmDGW8BFf,20,f,1,1,15438.39999999851,Remove public Confederate memorials,Religious exemptions for discrimination laws,1,4,1,3,4,1,-2,0,2,0,15.43839999999851
R_xkZHGXwmDGW8BFf,21,f,1,1,3755.60000000149,Remove public Confederate memorials,Mandatory vaccinations,1,4,1,4,6,1,-3,-2,3,2,3.75560000000149
R_xkZHGXwmDGW8BFf,22,j,2,0,5113.70000000298,Mandatory vaccinations,Stop police brutality,4,6,1,5,8,1,1,2,1,2,5.11370000000298
R_xkZHGXwmDGW8BFf,23,j,2,0,3379.7000000029802,U.S. drone strikes in Afghanistan,Legalization of marijuana,1,8,1,4,6,1,3,-2,3,2,3.3797000000029804
R_xkZHGXwmDGW8BFf,24,j,2,0,1981.1000000014901,Remove public Confederate memorials,Affirmative action,1,4,1,5,6,1,4,2,4,2,1.9811000000014902
R_xkZHGXwmDGW8BFf,25,j,2,0,3067.60000000149,U.S. drone strikes in Afghanistan,Increased Gun regulations,1,8,1,6,8,1,5,0,5,0,3.06760000000149
R_xkZHGXwmDGW8BFf,26,j,2,0,3473.8000000044703,Remove public Confederate memorials,Student worker unionization,1,4,1,4,2,1,3,-2,3,2,3.4738000000044704
R_xkZHGXwmDGW8BFf,27,j,2,0,4813.19999999553,Student worker unionization,Mask mandates,4,2,1,6,8,2,2,6,2,6,4.81319999999553
R_xkZHGXwmDGW8BFf,28,f,1,1,2449,Climate change legislation,War on Drugs,6,4,1,1,4,1,5,0,5,0,2.449
R_xkZHGXwmDGW8BFf,29,f,1,1,1558.7000000029802,Affirmative action,Student worker unionization,5,6,1,4,2,1,1,4,1,4,1.5587000000029803
R_xkZHGXwmDGW8BFf,30,j,2,0,4387.20000000298,Detention of migrant children,Remove public Confederate memorials,1,8,1,1,4,1,0,-4,0,4,4.38720000000298
R_xkZHGXwmDGW8BFf,31,f,1,1,3763.5,Religious exemptions for discrimination laws,Detention of migrant children,3,4,1,1,8,1,2,-4,2,4,3.7635
R_xkZHGXwmDGW8BFf,32,j,2,0,11176.29999999702,Affirmative action,Climate change legislation,5,6,1,6,4,1,1,-2,1,2,11.17629999999702
R_xkZHGXwmDGW8BFf,33,j,2,0,11233.09999999404,Mandatory vaccinations,Affirmative action,4,6,1,5,6,1,1,0,1,0,11.233099999994039
R_xkZHGXwmDGW8BFf,34,j,2,0,4876.29999999702,Affirmative action,War on Drugs,5,6,1,1,4,1,-4,-2,4,2,4.87629999999702
R_xkZHGXwmDGW8BFf,35,j,2,0,3950.2000000029802,Student worker unionization,Climate change legislation,4,2,1,6,4,1,2,2,2,2,3.9502000000029804
R_xkZHGXwmDGW8BFf,36,f,1,1,3639.5,Legalization of marijuana,Student worker unionization,4,6,1,4,2,1,0,4,0,4,3.6395
R_xkZHGXwmDGW8BFf,37,j,2,0,2058.10000000149,Student worker unionization,Stop police brutality,4,2,1,5,8,1,1,6,1,6,2.05810000000149
R_xkZHGXwmDGW8BFf,38,f,1,1,2205.2000000029802,Stop police brutality,War on Drugs,5,8,1,1,4,1,4,4,4,4,2.2052000000029803
R_xkZHGXwmDGW8BFf,39,j,2,0,3931.60000000149,Raise the minimum wage,Detention of migrant children,6,8,1,1,8,1,-5,0,5,0,3.93160000000149
R_xkZHGXwmDGW8BFf,40,j,2,0,4471.60000000149,Climate change legislation,Affirmative action,6,4,1,5,6,1,-1,2,1,2,4.47160000000149
R_xkZHGXwmDGW8BFf,41,f,1,1,6343.80000000447,Remove public Confederate memorials,Remove public Confederate memorials,1,4,1,1,4,1,0,0,0,0,6.34380000000447
R_xkZHGXwmDGW8BFf,42,j,2,0,3336.2999999970198,Remove public Confederate memorials,Legalization of marijuana,1,4,1,4,6,1,3,2,3,2,3.3362999999970198
R_xkZHGXwmDGW8BFf,43,f,1,1,5359.70000000298,"Boycott, Divest, and Sanction Israel",Detention of migrant children,2,6,1,1,8,1,1,-2,1,2,5.35970000000298
R_xkZHGXwmDGW8BFf,44,f,1,1,2282.60000000149,Increased Gun regulations,"Boycott, Divest, and Sanction Israel",6,8,1,2,6,1,4,2,4,2,2.2826000000014903
R_xkZHGXwmDGW8BFf,45,j,2,0,2390.60000000149,Climate change legislation,Increased Gun regulations,6,4,1,6,8,1,0,4,0,4,2.39060000000149
R_xkZHGXwmDGW8BFf,46,f,1,1,23084.89999999851,Stop police brutality,Climate change legislation,5,8,1,6,4,1,-1,4,1,4,23.08489999999851
R_xkZHGXwmDGW8BFf,47,j,2,0,4335.5,Mandatory vaccinations,Climate change legislation,4,6,1,6,4,1,2,-2,2,2,4.3355
R_xkZHGXwmDGW8BFf,48,f,1,1,8930.69999999553,Affirmative action,Mask mandates,5,6,1,6,8,2,-1,-2,1,2,8.930699999995529
R_xkZHGXwmDGW8BFf,49,f,1,1,3665.60000000149,Climate change legislation,Religious exemptions for discrimination laws,6,4,1,3,4,1,3,0,3,0,3.6656000000014903
R_xkZHGXwmDGW8BFf,50,f,1,1,1610.6999999955297,Climate change legislation,Remove public Confederate memorials,6,4,1,1,4,1,5,0,5,0,1.6106999999955296
R_xkZHGXwmDGW8BFf,51,f,1,1,10560.80000000447,Mask mandates,"Boycott, Divest, and Sanction Israel",6,8,2,2,6,1,4,2,4,2,10.56080000000447
R_xkZHGXwmDGW8BFf,52,f,1,1,4288.79999999702,Mask mandates,Affirmative action,6,8,2,5,6,1,1,2,1,2,4.288799999997019
R_xkZHGXwmDGW8BFf,53,j,2,0,2508.4000000059605,Increased Gun regulations,Increased Gun regulations,6,8,1,6,8,1,0,0,0,0,2.5084000000059605
R_xkZHGXwmDGW8BFf,54,f,1,1,2830.10000000149,Remove public Confederate memorials,U.S. drone strikes in Afghanistan,1,4,1,1,8,1,0,-4,0,4,2.83010000000149
R_xkZHGXwmDGW8BFf,55,j,2,0,1914.7999999970198,U.S. drone strikes in Afghanistan,Affirmative action,1,8,1,5,6,1,4,-2,4,2,1.9147999999970198
R_xkZHGXwmDGW8BFf,56,f,1,1,1356.2999999970198,Climate change legislation,Stop police brutality,6,4,1,5,8,1,1,-4,1,4,1.3562999999970198
R_xkZHGXwmDGW8BFf,57,j,2,0,16610.80000000447,"Boycott, Divest, and Sanction Israel",Student worker unionization,2,6,1,4,2,1,2,-4,2,4,16.61080000000447
R_xkZHGXwmDGW8BFf,58,j,2,0,1920.2999999970198,Increased Gun regulations,Affirmative action,6,8,1,5,6,1,-1,-2,1,2,1.9202999999970198
R_xkZHGXwmDGW8BFf,59,j,2,0,1790.8999999985099,Increased Gun regulations,Climate change legislation,6,8,1,6,4,1,0,-4,0,4,1.7908999999985098
R_xkZHGXwmDGW8BFf,60,j,2,0,1909.9000000059605,Mask mandates,Climate change legislation,6,8,2,6,4,1,0,-4,0,4,1.9099000000059605
R_xkZHGXwmDGW8BFf,61,f,1,1,1767.6999999955297,Climate change legislation,Student worker unionization,6,4,1,4,2,1,2,2,2,2,1.7676999999955296
R_xkZHGXwmDGW8BFf,62,f,1,1,2469,Detention of migrant children,"Boycott, Divest, and Sanction Israel",1,8,1,2,6,1,-1,2,1,2,2.469
R_xkZHGXwmDGW8BFf,63,f,1,1,2344.10000000149,Remove public Confederate memorials,Climate change legislation,1,4,1,6,4,1,-5,0,5,0,2.34410000000149
R_xkZHGXwmDGW8BFf,64,j,2,0,1697.7999999970198,War on Drugs,Increased Gun regulations,1,4,1,6,8,1,5,4,5,4,1.6977999999970197
R_xkZHGXwmDGW8BFf,65,j,2,0,1744.1000000014901,Student worker unionization,Student worker unionization,4,2,1,4,2,1,0,0,0,0,1.7441000000014901
R_xkZHGXwmDGW8BFf,66,j,2,0,1887.8999999985099,Affirmative action,Affirmative action,5,6,1,5,6,1,0,0,0,0,1.88789999999851
R_xkZHGXwmDGW8BFf,67,j,2,0,2819.2999999970198,Affirmative action,"Boycott, Divest, and Sanction Israel",5,6,1,2,6,1,-3,0,3,0,2.81929999999702
R_xkZHGXwmDGW8BFf,68,j,2,0,2559,Religious exemptions for discrimination laws,Raise the minimum wage,3,4,1,6,8,1,3,4,3,4,2.559
R_xkZHGXwmDGW8BFf,69,f,1,1,3152.9000000059605,Mandatory vaccinations,Remove public Confederate memorials,4,6,1,1,4,1,3,2,3,2,3.1529000000059604
R_xkZHGXwmDGW8BFf,70,f,1,1,3501.6999999955297,Remove public Confederate memorials,Increased Gun regulations,1,4,1,6,8,1,-5,-4,5,4,3.50169999999553
R_xkZHGXwmDGW8BFf,71,f,1,1,2325.4000000059605,Student worker unionization,Climate change legislation,4,2,1,6,4,1,-2,-2,2,2,2.3254000000059603
R_xkZHGXwmDGW8BFf,72,f,1,1,1804.6000000014901,Student worker unionization,Climate change legislation,4,2,1,6,4,1,-2,-2,2,2,1.8046000000014901
R_xkZHGXwmDGW8BFf,73,f,1,1,2199.4000000059605,Student worker unionization,Affirmative action,4,2,1,5,6,1,-1,-4,1,4,2.1994000000059604
R_xkZHGXwmDGW8BFf,74,j,2,0,6225,Religious exemptions for discrimination laws,Stop police brutality,3,4,1,5,8,1,2,4,2,4,6.225
R_xkZHGXwmDGW8BFf,75,f,1,1,3010.5,Affirmative action,Mandatory vaccinations,5,6,1,4,6,1,1,0,1,0,3.0105
R_xkZHGXwmDGW8BFf,76,j,2,0,8289.90000000596,Climate change legislation,Increased Gun regulations,6,4,1,6,8,1,0,4,0,4,8.28990000000596
R_xkZHGXwmDGW8BFf,77,j,2,0,6994,Legalization of marijuana,Increased Gun regulations,4,6,1,6,8,1,2,2,2,2,6.994
R_xkZHGXwmDGW8BFf,78,f,1,1,2959.89999999851,Climate change legislation,Mandatory vaccinations,6,4,1,4,6,1,2,-2,2,2,2.95989999999851
R_xkZHGXwmDGW8BFf,79,f,1,1,2230.7000000029802,Climate change legislation,Climate change legislation,6,4,1,6,4,1,0,0,0,0,2.2307000000029804
R_xkZHGXwmDGW8BFf,80,f,1,1,1756.2999999970198,Affirmative action,U.S. drone strikes in Afghanistan,5,6,1,1,8,1,4,-2,4,2,1.7562999999970197
R_xkZHGXwmDGW8BFf,81,j,2,0,2131,Climate change legislation,Mandatory vaccinations,6,4,1,4,6,1,-2,2,2,2,2.131
R_xkZHGXwmDGW8BFf,82,j,2,0,3525.5,Mask mandates,Student worker unionization,6,8,2,4,2,1,-2,-6,2,6,3.5255
R_xkZHGXwmDGW8BFf,83,j,2,0,6014,Stop police brutality,Climate change legislation,5,8,1,6,4,1,1,-4,1,4,6.014
R_xkZHGXwmDGW8BFf,84,f,1,1,2991.2000000029802,Affirmative action,Climate change legislation,5,6,1,6,4,1,-1,2,1,2,2.9912000000029804
R_xkZHGXwmDGW8BFf,85,j,2,0,3353.2000000029802,U.S. drone strikes in Afghanistan,Detention of migrant children,1,8,1,1,8,1,0,0,0,0,3.35320000000298
R_xkZHGXwmDGW8BFf,86,j,2,0,4346.89999999851,Affirmative action,Student worker unionization,5,6,1,4,2,1,-1,-4,1,4,4.34689999999851
R_xkZHGXwmDGW8BFf,87,f,1,1,7146.30000000447,Detention of migrant children,Climate change legislation,1,8,1,6,4,1,-5,4,5,4,7.14630000000447
R_xkZHGXwmDGW8BFf,88,j,2,0,3477.5999999940395,U.S. drone strikes in Afghanistan,Raise the minimum wage,1,8,1,6,8,1,5,0,5,0,3.4775999999940397
R_xkZHGXwmDGW8BFf,89,j,2,0,5517.39999999851,Increased Gun regulations,Religious exemptions for discrimination laws,6,8,1,3,4,1,-3,-4,3,4,5.51739999999851
R_xkZHGXwmDGW8BFf,90,f,1,1,4010.2999999970198,Remove public Confederate memorials,Student worker unionization,1,4,1,4,2,1,-3,2,3,2,4.01029999999702
R_xkZHGXwmDGW8BFf,91,f,1,1,3086,Raise the minimum wage,Student worker unionization,6,8,1,4,2,1,2,6,2,6,3.086
R_xkZHGXwmDGW8BFf,92,f,1,1,3944.60000000149,War on Drugs,Increased Gun regulations,1,4,1,6,8,1,-5,-4,5,4,3.9446000000014902
R_xkZHGXwmDGW8BFf,93,j,2,0,3621,Affirmative action,Remove public Confederate memorials,5,6,1,1,4,1,-4,-2,4,2,3.621
R_xkZHGXwmDGW8BFf,94,j,2,0,4179.69999999553,Legalization of marijuana,Affirmative action,4,6,1,5,6,1,1,0,1,0,4.179699999995529
R_xkZHGXwmDGW8BFf,95,j,2,0,2220.6999999955297,Increased Gun regulations,Affirmative action,6,8,1,5,6,1,-1,-2,1,2,2.2206999999955297
R_xkZHGXwmDGW8BFf,96,f,1,1,4227.5,Increased Gun regulations,Stop police brutality,6,8,1,5,8,1,1,0,1,0,4.2275
R_xkZHGXwmDGW8BFf,97,f,1,1,2681.60000000149,Student worker unionization,"Boycott, Divest, and Sanction Israel",4,2,1,2,6,1,2,-4,2,4,2.68160000000149
R_xkZHGXwmDGW8BFf,98,f,1,1,4039.8000000044703,U.S. drone strikes in Afghanistan,Student worker unionization,1,8,1,4,2,1,-3,6,3,6,4.039800000004471
R_xkZHGXwmDGW8BFf,99,f,1,1,5094.9000000059605,"Boycott, Divest, and Sanction Israel",Climate change legislation,2,6,1,6,4,1,-4,2,4,2,5.0949000000059605
R_xkZHGXwmDGW8BFf,100,j,2,0,4436.19999999553,Religious exemptions for discrimination laws,Affirmative action,3,4,1,5,6,1,2,2,2,2,4.436199999995529
R_Q5pGXS7FyTDS4mJ,1,f,1,1,8761.199999999953,Religious exemptions for discrimination laws,Physician-assisted suicide,3,1,2,6,6,4,-3,-5,3,5,8.761199999999953
R_Q5pGXS7FyTDS4mJ,2,j,2,0,2827.8000000000466,Physician-assisted suicide,Stop police brutality,6,6,4,5,4,4,-1,-2,1,2,2.8278000000000465
R_Q5pGXS7FyTDS4mJ,3,j,2,0,3113.5999999998603,Physician-assisted suicide,Mask mandates,6,6,4,5,5,4,-1,-1,1,1,3.1135999999998605
R_Q5pGXS7FyTDS4mJ,4,f,1,1,3775.100000000093,Remove police from schools,Legalization of marijuana,0,5,3,1,3,3,-1,2,1,2,3.775100000000093
R_Q5pGXS7FyTDS4mJ,5,j,2,0,1979,Stop police brutality,Mask mandates,5,4,4,5,5,4,0,1,0,1,1.979
R_Q5pGXS7FyTDS4mJ,6,f,1,1,6578.199999999953,Build southern border wall,Remove police from schools,2,1,3,0,5,3,2,-4,2,4,6.578199999999954
R_Q5pGXS7FyTDS4mJ,7,f,1,1,3693.8000000000466,Physician-assisted suicide,Dorms determined by gender identity,6,6,4,3,2,2,3,4,3,4,3.6938000000000466
R_Q5pGXS7FyTDS4mJ,8,f,1,1,3008.6999999999534,Climate change legislation,Remove police from schools,4,3,3,0,5,3,4,-2,4,2,3.0086999999999535
R_Q5pGXS7FyTDS4mJ,9,f,1,1,1576.1999999999534,Physician-assisted suicide,Bathrooms restricted based on biological sex,6,6,4,1,2,3,5,4,5,4,1.5761999999999534
R_Q5pGXS7FyTDS4mJ,10,j,2,0,1258.1000000000931,Build southern border wall,Physician-assisted suicide,2,1,3,6,6,4,4,5,4,5,1.258100000000093
R_Q5pGXS7FyTDS4mJ,11,j,2,0,2850.5,Build southern border wall,Remove police from schools,2,1,3,0,5,3,-2,4,2,4,2.8505
R_Q5pGXS7FyTDS4mJ,12,f,1,1,4656,Ban on research with animals,Hardening schools/Arming teachers,1,4,4,4,4,3,-3,0,3,0,4.656
R_Q5pGXS7FyTDS4mJ,13,j,2,0,1091,Defund the police,Physician-assisted suicide,1,3,3,6,6,4,5,3,5,3,1.091
R_Q5pGXS7FyTDS4mJ,14,f,1,1,5361.399999999907,Detention of migrant children,Abolishing fraternities,1,4,1,3,0,2,-2,4,2,4,5.3613999999999065
R_Q5pGXS7FyTDS4mJ,15,f,1,1,6472.59999999986,Mandatory vaccinations,Physician-assisted suicide,4,4,4,6,6,4,-2,-2,2,2,6.4725999999998605
R_Q5pGXS7FyTDS4mJ,16,j,2,0,3781.1999999999534,Expel students with white nationlist views,Remove police from schools,2,4,1,0,5,3,-2,1,2,1,3.7811999999999535
R_Q5pGXS7FyTDS4mJ,17,f,1,1,3395.6999999999534,Detention of migrant children,Lift COVID lockdowns,1,4,1,4,3,4,-3,1,3,1,3.3956999999999535
R_Q5pGXS7FyTDS4mJ,18,f,1,1,1528,Physician-assisted suicide,Climate change legislation,6,6,4,4,3,3,2,3,2,3,1.528
R_Q5pGXS7FyTDS4mJ,19,f,1,1,873.2000000001863,Physician-assisted suicide,Ban on research with animals,6,6,4,1,4,4,5,2,5,2,0.8732000000001863
R_Q5pGXS7FyTDS4mJ,20,j,2,0,4218.800000000047,Bathrooms restricted based on biological sex,Remove police from schools,1,2,3,0,5,3,-1,3,1,3,4.218800000000047
R_Q5pGXS7FyTDS4mJ,21,f,1,1,2052.6999999999534,Remove police from schools,Physician-assisted suicide,0,5,3,6,6,4,-6,-1,6,1,2.0526999999999536
R_Q5pGXS7FyTDS4mJ,22,j,2,0,4603.899999999907,Bathrooms restricted based on biological sex,Remove police from schools,1,2,3,0,5,3,-1,3,1,3,4.603899999999907
R_Q5pGXS7FyTDS4mJ,23,f,1,1,3495.3000000000466,Detention of migrant children,Mask mandates,1,4,1,5,5,4,-4,-1,4,1,3.4953000000000465
R_Q5pGXS7FyTDS4mJ,24,j,2,0,3040.5,Remove police from schools,Legalization of marijuana,0,5,3,1,3,3,1,-2,1,2,3.0405
R_Q5pGXS7FyTDS4mJ,25,j,2,0,3193,Ban on research with animals,Hardening schools/Arming teachers,1,4,4,4,4,3,3,0,3,0,3.193
R_Q5pGXS7FyTDS4mJ,26,f,1,1,3414.1999999999534,Climate change legislation,Remove police from schools,4,3,3,0,5,3,4,-2,4,2,3.4141999999999535
R_Q5pGXS7FyTDS4mJ,27,f,1,1,4081.5,Abolishing fraternities,Remove police from schools,3,0,2,0,5,3,3,-5,3,5,4.0815
R_Q5pGXS7FyTDS4mJ,28,j,2,0,4345.399999999907,Build southern border wall,Remove police from schools,2,1,3,0,5,3,-2,4,2,4,4.3453999999999064
R_Q5pGXS7FyTDS4mJ,29,f,1,1,5009.299999999814,Bathrooms restricted based on biological sex,Remove police from schools,1,2,3,0,5,3,1,-3,1,3,5.009299999999814
R_Q5pGXS7FyTDS4mJ,30,j,2,0,2637.8000000000466,Remove police from schools,Build southern border wall,0,5,3,2,1,3,2,-4,2,4,2.6378000000000466
R_Q5pGXS7FyTDS4mJ,31,f,1,1,1941,Mandatory vaccinations,Remove police from schools,4,4,4,0,5,3,4,-1,4,1,1.941
R_Q5pGXS7FyTDS4mJ,32,f,1,1,6276,Expel students with white nationlist views,Remove police from schools,2,4,1,0,5,3,2,-1,2,1,6.276
R_Q5pGXS7FyTDS4mJ,33,j,2,0,2787.3000000000466,Ban on research with animals,Student worker unionization,1,4,4,4,2,3,3,-2,3,2,2.7873000000000467
R_Q5pGXS7FyTDS4mJ,34,f,1,1,2024.3999999999069,Physician-assisted suicide,Physician-assisted suicide,6,6,4,6,6,4,0,0,0,0,2.0243999999999067
R_Q5pGXS7FyTDS4mJ,35,f,1,1,6379.299999999814,Remove police from schools,Allow alt-right speakers on campus,0,5,3,3,2,2,-3,3,3,3,6.379299999999814
R_Q5pGXS7FyTDS4mJ,36,j,2,0,2896.1999999999534,Mandatory trigger warnings,Physician-assisted suicide,4,2,3,6,6,4,2,4,2,4,2.8961999999999533
R_Q5pGXS7FyTDS4mJ,37,f,1,1,2109.2999999998137,Legalization of marijuana,Physician-assisted suicide,1,3,3,6,6,4,-5,-3,5,3,2.1092999999998137
R_Q5pGXS7FyTDS4mJ,38,j,2,0,1846.6999999999534,Remove police from schools,Mask mandates,0,5,3,5,5,4,5,0,5,0,1.8466999999999534
R_Q5pGXS7FyTDS4mJ,39,j,2,0,1311.8999999999069,Hardening schools/Arming teachers,Physician-assisted suicide,4,4,3,6,6,4,2,2,2,2,1.3118999999999068
R_Q5pGXS7FyTDS4mJ,40,f,1,1,1576.8000000000466,Physician-assisted suicide,Hardening schools/Arming teachers,6,6,4,4,4,3,2,2,2,2,1.5768000000000466
R_Q5pGXS7FyTDS4mJ,41,f,1,1,2370.9000000001397,Build southern border wall,Physician-assisted suicide,2,1,3,6,6,4,-4,-5,4,5,2.3709000000001397
R_Q5pGXS7FyTDS4mJ,42,f,1,1,2634.5,Ban on research with animals,Build southern border wall,1,4,4,2,1,3,-1,3,1,3,2.6345
R_Q5pGXS7FyTDS4mJ,43,f,1,1,2194.6999999999534,Remove police from schools,Climate change legislation,0,5,3,4,3,3,-4,2,4,2,2.1946999999999535
R_Q5pGXS7FyTDS4mJ,44,f,1,1,2926.600000000093,Ban on research with animals,Gun-free campus police,1,4,4,1,3,3,0,1,0,1,2.9266000000000933
R_Q5pGXS7FyTDS4mJ,45,f,1,1,3214.600000000093,Remove police from schools,Remove Christopher Columbus statues,0,5,3,3,1,2,-3,4,3,4,3.214600000000093
R_Q5pGXS7FyTDS4mJ,46,f,1,1,3832.5,Physician-assisted suicide,Build southern border wall,6,6,4,2,1,3,4,5,4,5,3.8325
R_Q5pGXS7FyTDS4mJ,47,f,1,1,2888.600000000093,Physician-assisted suicide,Tuition increases,6,6,4,1,3,3,5,3,5,3,2.888600000000093
R_Q5pGXS7FyTDS4mJ,48,f,1,1,2395.4000000001397,Stop police brutality,Lift COVID lockdowns,5,4,4,4,3,4,1,1,1,1,2.39540000000014
R_Q5pGXS7FyTDS4mJ,49,j,2,0,2386.0999999998603,Physician-assisted suicide,Mask mandates,6,6,4,5,5,4,-1,-1,1,1,2.3860999999998604
R_Q5pGXS7FyTDS4mJ,50,j,2,0,1432.6000000000931,Abolishing fraternities,Physician-assisted suicide,3,0,2,6,6,4,3,6,3,6,1.4326000000000931
R_Q5pGXS7FyTDS4mJ,51,f,1,1,1727,Hardening schools/Arming teachers,Physician-assisted suicide,4,4,3,6,6,4,-2,-2,2,2,1.727
R_Q5pGXS7FyTDS4mJ,52,f,1,1,3520.8000000000466,Lift COVID lockdowns,Physician-assisted suicide,4,3,4,6,6,4,-2,-3,2,3,3.5208000000000466
R_Q5pGXS7FyTDS4mJ,53,f,1,1,3469.0999999998603,Remove police from schools,Student worker unionization,0,5,3,4,2,3,-4,3,4,3,3.46909999999986
R_Q5pGXS7FyTDS4mJ,54,j,2,0,6198.700000000186,Remove police from schools,Dorms determined by gender identity,0,5,3,3,2,2,3,-3,3,3,6.198700000000186
R_Q5pGXS7FyTDS4mJ,55,f,1,1,3826.899999999907,Legalization of marijuana,Remove police from schools,1,3,3,0,5,3,1,-2,1,2,3.826899999999907
R_Q5pGXS7FyTDS4mJ,56,f,1,1,3515.0999999998603,Detention of migrant children,Cuts to National Parks budget,1,4,1,4,2,2,-3,2,3,2,3.5150999999998604
R_Q5pGXS7FyTDS4mJ,57,f,1,1,4828.300000000047,Physician-assisted suicide,Detention of migrant children,6,6,4,1,4,1,5,2,5,2,4.828300000000047
R_Q5pGXS7FyTDS4mJ,58,j,2,0,4181.799999999814,Remove police from schools,Remove Christopher Columbus statues,0,5,3,3,1,2,3,-4,3,4,4.1817999999998134
R_Q5pGXS7FyTDS4mJ,59,j,2,0,3286.5999999998603,Remove police from schools,Climate change legislation,0,5,3,4,3,3,4,-2,4,2,3.2865999999998605
R_Q5pGXS7FyTDS4mJ,60,f,1,1,4845.5,Mandatory trigger warnings,Remove police from schools,4,2,3,0,5,3,4,-3,4,3,4.8455
R_Q5pGXS7FyTDS4mJ,61,f,1,1,3170.3000000000466,Physician-assisted suicide,Cuts to National Parks budget,6,6,4,4,2,2,2,4,2,4,3.1703000000000467
R_Q5pGXS7FyTDS4mJ,62,j,2,0,4788.100000000093,Stop police brutality,Abortion rights,5,4,4,5,3,4,0,-1,0,1,4.788100000000093
R_Q5pGXS7FyTDS4mJ,63,j,2,0,2701,Physician-assisted suicide,Allow alt-right speakers on campus,6,6,4,3,2,2,-3,-4,3,4,2.701
R_Q5pGXS7FyTDS4mJ,64,f,1,1,3053.399999999907,Physician-assisted suicide,Religious exemptions for discrimination laws,6,6,4,3,1,2,3,5,3,5,3.053399999999907
R_Q5pGXS7FyTDS4mJ,65,f,1,1,10984.800000000047,Detention of migrant children,Remove police from schools,1,4,1,0,5,3,1,-1,1,1,10.984800000000046
R_Q5pGXS7FyTDS4mJ,66,j,2,0,2670.9000000001397,Physician-assisted suicide,Bathrooms restricted based on biological sex,6,6,4,1,2,3,-5,-4,5,4,2.6709000000001395
R_Q5pGXS7FyTDS4mJ,67,j,2,0,2331.4000000001397,Stop police brutality,Black Lives Matter,5,4,4,5,2,4,0,-2,0,2,2.33140000000014
R_Q5pGXS7FyTDS4mJ,68,j,2,0,2294.6999999999534,Remove police from schools,Stop police brutality,0,5,3,5,4,4,5,-1,5,1,2.2946999999999536
R_Q5pGXS7FyTDS4mJ,69,j,2,0,3179.4000000001397,Stop police brutality,Allow alt-right speakers on campus,5,4,4,3,2,2,-2,-2,2,2,3.1794000000001397
R_Q5pGXS7FyTDS4mJ,70,f,1,1,1477,Physician-assisted suicide,Remove police from schools,6,6,4,0,5,3,6,1,6,1,1.477
R_Q5pGXS7FyTDS4mJ,71,f,1,1,3712.5,Student worker unionization,Remove police from schools,4,2,3,0,5,3,4,-3,4,3,3.7125
R_Q5pGXS7FyTDS4mJ,72,f,1,1,2191.9000000001397,Student worker unionization,Physician-assisted suicide,4,2,3,6,6,4,-2,-4,2,4,2.19190000000014
R_Q5pGXS7FyTDS4mJ,73,f,1,1,5033.199999999953,Bathrooms restricted based on biological sex,Remove police from schools,1,2,3,0,5,3,1,-3,1,3,5.033199999999954
R_Q5pGXS7FyTDS4mJ,74,j,2,0,2846.3000000000466,Physician-assisted suicide,Abolishing fraternities,6,6,4,3,0,2,-3,-6,3,6,2.8463000000000465
R_Q5pGXS7FyTDS4mJ,75,j,2,0,2661.3000000000466,Remove police from schools,Cuts to National Parks budget,0,5,3,4,2,2,4,-3,4,3,2.6613000000000464
R_Q5pGXS7FyTDS4mJ,76,j,2,0,2586.9000000001397,Physician-assisted suicide,Gun-free campus police,6,6,4,1,3,3,-5,-3,5,3,2.58690000000014
R_Q5pGXS7FyTDS4mJ,77,j,2,0,934.5,Lift COVID lockdowns,Physician-assisted suicide,4,3,4,6,6,4,2,3,2,3,0.9345
R_Q5pGXS7FyTDS4mJ,78,f,1,1,1120.5999999998603,Physician-assisted suicide,Remove police from schools,6,6,4,0,5,3,6,1,6,1,1.1205999999998604
R_Q5pGXS7FyTDS4mJ,79,j,2,0,1708.8999999999069,Physician-assisted suicide,Bathrooms restricted based on biological sex,6,6,4,1,2,3,-5,-4,5,4,1.7088999999999068
R_Q5pGXS7FyTDS4mJ,80,f,1,1,2522,Mask mandates,Remove police from schools,5,5,4,0,5,3,5,0,5,0,2.522
R_Q5pGXS7FyTDS4mJ,81,j,2,0,3280,Remove police from schools,Abolishing fraternities,0,5,3,3,0,2,3,-5,3,5,3.28
R_Q5pGXS7FyTDS4mJ,82,j,2,0,3549.1999999999534,Expel students with white nationlist views,Remove police from schools,2,4,1,0,5,3,-2,1,2,1,3.5491999999999533
R_Q5pGXS7FyTDS4mJ,83,f,1,1,2148.100000000093,Stop police brutality,Detention of migrant children,5,4,4,1,4,1,4,0,4,0,2.148100000000093
R_Q5pGXS7FyTDS4mJ,84,j,2,0,1321.8999999999069,Mask mandates,Physician-assisted suicide,5,5,4,6,6,4,1,1,1,1,1.3218999999999068
R_Q5pGXS7FyTDS4mJ,85,f,1,1,2405.899999999907,Remove police from schools,Mask mandates,0,5,3,5,5,4,-5,0,5,0,2.4058999999999067
R_Q5pGXS7FyTDS4mJ,86,f,1,1,1909.1000000000931,Remove police from schools,Remove police from schools,0,5,3,0,5,3,0,0,0,0,1.909100000000093
R_Q5pGXS7FyTDS4mJ,87,j,2,0,1569.1999999999534,Physician-assisted suicide,Remove police from schools,6,6,4,0,5,3,-6,-1,6,1,1.5691999999999535
R_Q5pGXS7FyTDS4mJ,88,j,2,0,4666.5,Detention of migrant children,Physician-assisted suicide,1,4,1,6,6,4,5,2,5,2,4.6665
R_Q5pGXS7FyTDS4mJ,89,f,1,1,2881.0999999998603,Build southern border wall,Ban on research with animals,2,1,3,1,4,4,1,-3,1,3,2.88109999999986
R_Q5pGXS7FyTDS4mJ,90,f,1,1,3367.5,Physician-assisted suicide,Build southern border wall,6,6,4,2,1,3,4,5,4,5,3.3675
R_Q5pGXS7FyTDS4mJ,91,j,2,0,2903.3000000000466,Physician-assisted suicide,Climate change legislation,6,6,4,4,3,3,-2,-3,2,3,2.9033000000000464
R_Q5pGXS7FyTDS4mJ,92,j,2,0,4226.5,Black Lives Matter,Detention of migrant children,5,2,4,1,4,1,-4,2,4,2,4.2265
R_Q5pGXS7FyTDS4mJ,93,j,2,0,2389,Remove police from schools,Tuition increases,0,5,3,1,3,3,1,-2,1,2,2.389
R_Q5pGXS7FyTDS4mJ,94,f,1,1,1769,Physician-assisted suicide,Black Lives Matter,6,6,4,5,2,4,1,4,1,4,1.769
R_Q5pGXS7FyTDS4mJ,95,j,2,0,4848.300000000047,Remove Christopher Columbus statues,Ban on research with animals,3,1,2,1,4,4,-2,3,2,3,4.848300000000046
R_Q5pGXS7FyTDS4mJ,96,j,2,0,1583.2999999998137,Remove police from schools,Mask mandates,0,5,3,5,5,4,5,0,5,0,1.5832999999998136
R_Q5pGXS7FyTDS4mJ,97,j,2,0,1913.6999999999534,Physician-assisted suicide,Mandatory trigger warnings,6,6,4,4,2,3,-2,-4,2,4,1.9136999999999533
R_Q5pGXS7FyTDS4mJ,98,f,1,1,1306.6000000000931,Physician-assisted suicide,Mask mandates,6,6,4,5,5,4,1,1,1,1,1.3066000000000932
R_Q5pGXS7FyTDS4mJ,99,j,2,0,3314.8000000000466,Ban on research with animals,Remove police from schools,1,4,4,0,5,3,-1,1,1,1,3.3148000000000466
R_Q5pGXS7FyTDS4mJ,100,j,2,0,4323.800000000047,Remove police from schools,Ban on research with animals,0,5,3,1,4,4,1,-1,1,1,4.3238000000000465
R_3kjx3Kn3LCDsQmZ,1,f,1,1,7378.300000011921,Allow alt-right speakers on campus,Allow alt-right speakers on campus,1,3,1,1,3,1,0,0,0,0,7.3783000000119205
R_3kjx3Kn3LCDsQmZ,2,f,1,1,5303,Mandatory training on sexual consent,Allow alt-right speakers on campus,4,2,2,1,3,1,3,-1,3,1,5.303
R_3kjx3Kn3LCDsQmZ,3,f,1,1,10624.400000035763,Affirmative action,Physician-assisted suicide,1,5,2,4,5,3,-3,0,3,0,10.624400000035763
R_3kjx3Kn3LCDsQmZ,4,j,2,0,6611.599999964237,Mandatory training on sexual consent,Affirmative action,4,2,2,1,5,2,-3,3,3,3,6.611599999964238
R_3kjx3Kn3LCDsQmZ,5,j,2,0,3306.7000000476837,Affirmative action,Build southern border wall,1,5,2,3,4,2,2,-1,2,1,3.306700000047684
R_3kjx3Kn3LCDsQmZ,6,j,2,0,6362.699999988079,Allow alt-right speakers on campus,Physician-assisted suicide,1,3,1,4,5,3,3,2,3,2,6.362699999988079
R_3kjx3Kn3LCDsQmZ,7,f,1,1,10029,Physician-assisted suicide,Allow alt-right speakers on campus,4,5,3,1,3,1,3,2,3,2,10.029
R_3kjx3Kn3LCDsQmZ,8,j,2,0,3729.300000011921,Physician-assisted suicide,Physician-assisted suicide,4,5,3,4,5,3,0,0,0,0,3.729300000011921
R_3kjx3Kn3LCDsQmZ,9,j,2,0,5395.5,Physician-assisted suicide,Remove Christopher Columbus statues,4,5,3,3,4,2,-1,-1,1,1,5.3955
R_3kjx3Kn3LCDsQmZ,10,j,2,0,4093.5,Mandatory training on sexual consent,Physician-assisted suicide,4,2,2,4,5,3,0,3,0,3,4.0935
R_3kjx3Kn3LCDsQmZ,11,j,2,0,7887.600000023842,Allow alt-right speakers on campus,Physician-assisted suicide,1,3,1,4,5,3,3,2,3,2,7.887600000023842
R_3kjx3Kn3LCDsQmZ,12,j,2,0,5903.700000047684,Affirmative action,Affirmative action,1,5,2,1,5,2,0,0,0,0,5.903700000047683
R_3kjx3Kn3LCDsQmZ,13,f,1,1,2840.699999988079,Allow alt-right speakers on campus,Recognize Jerusalem as capital of Israel,1,3,1,3,4,2,-2,-1,2,1,2.840699999988079
R_3kjx3Kn3LCDsQmZ,14,j,2,0,4580.100000023842,Allow alt-right speakers on campus,Allow alt-right speakers on campus,1,3,1,1,3,1,0,0,0,0,4.580100000023842
R_3kjx3Kn3LCDsQmZ,15,j,2,0,10512.100000023842,Physician-assisted suicide,Allow alt-right speakers on campus,4,5,3,1,3,1,-3,-2,3,2,10.512100000023842
R_3kjx3Kn3LCDsQmZ,16,f,1,1,2536.199999988079,Allow alt-right speakers on campus,Defund the police,1,3,1,3,4,2,-2,-1,2,1,2.536199999988079
R_3kjx3Kn3LCDsQmZ,17,f,1,1,6929.300000011921,Affirmative action,Affirmative action,1,5,2,1,5,2,0,0,0,0,6.929300000011921
R_3kjx3Kn3LCDsQmZ,18,j,2,0,2725.900000035763,Affirmative action,U.S. drone strikes in Afghanistan,1,5,2,3,4,2,2,-1,2,1,2.7259000000357627
R_3kjx3Kn3LCDsQmZ,19,j,2,0,8399.699999988079,Allow alt-right speakers on campus,Mandatory training on sexual consent,1,3,1,4,2,2,3,-1,3,1,8.39969999998808
R_3kjx3Kn3LCDsQmZ,20,f,1,1,12633.5,Physician-assisted suicide,Allow alt-right speakers on campus,4,5,3,1,3,1,3,2,3,2,12.6335
R_3kjx3Kn3LCDsQmZ,21,f,1,1,11009.299999952316,Detention of migrant children,Affirmative action,3,4,2,1,5,2,2,-1,2,1,11.009299999952317
R_3kjx3Kn3LCDsQmZ,22,j,2,0,8674.600000023842,Climate change legislation,Allow alt-right speakers on campus,3,4,2,1,3,1,-2,-1,2,1,8.674600000023842
R_3kjx3Kn3LCDsQmZ,23,j,2,0,4618.199999988079,Affirmative action,Ban on research with animals,1,5,2,3,4,2,2,-1,2,1,4.618199999988079
R_3kjx3Kn3LCDsQmZ,24,j,2,0,7135,Physician-assisted suicide,Allow alt-right speakers on campus,4,5,3,1,3,1,-3,-2,3,2,7.135
R_3kjx3Kn3LCDsQmZ,25,j,2,0,11828.400000035763,Physician-assisted suicide,"Boycott, Divest, and Sanction Israel",4,5,3,3,4,2,-1,-1,1,1,11.828400000035764
R_3kjx3Kn3LCDsQmZ,26,j,2,0,460,Mandatory training on sexual consent,Physician-assisted suicide,4,2,2,4,5,3,0,3,0,3,0.46
R_3kjx3Kn3LCDsQmZ,27,j,2,0,4125.099999964237,Physician-assisted suicide,Physician-assisted suicide,4,5,3,4,5,3,0,0,0,0,4.125099999964237
R_3kjx3Kn3LCDsQmZ,28,j,2,0,4877.900000035763,Allow alt-right speakers on campus,Mandatory training on sexual consent,1,3,1,4,2,2,3,-1,3,1,4.877900000035763
R_3kjx3Kn3LCDsQmZ,29,j,2,0,6121.199999988079,Affirmative action,Allow alt-right speakers on campus,1,5,2,1,3,1,0,-2,0,2,6.121199999988079
R_3kjx3Kn3LCDsQmZ,30,j,2,0,6062.5,Affirmative action,Physician-assisted suicide,1,5,2,4,5,3,3,0,3,0,6.0625
R_3kjx3Kn3LCDsQmZ,31,j,2,0,2572.5,Physician-assisted suicide,Mandatory training on sexual consent,4,5,3,4,2,2,0,-3,0,3,2.5725
R_3kjx3Kn3LCDsQmZ,32,j,2,0,5040.300000011921,Affirmative action,Physician-assisted suicide,1,5,2,4,5,3,3,0,3,0,5.040300000011921
R_3kjx3Kn3LCDsQmZ,33,j,2,0,5258.199999988079,Allow alt-right speakers on campus,Mandatory training on sexual consent,1,3,1,4,2,2,3,-1,3,1,5.258199999988079
R_3kjx3Kn3LCDsQmZ,34,f,1,1,2752.5,Affirmative action,Allow alt-right speakers on campus,1,5,2,1,3,1,0,2,0,2,2.7525
R_3kjx3Kn3LCDsQmZ,35,j,2,0,3790.300000011921,Affirmative action,Allow alt-right speakers on campus,1,5,2,1,3,1,0,-2,0,2,3.790300000011921
R_3kjx3Kn3LCDsQmZ,36,j,2,0,4642,Mandatory training on sexual consent,Affirmative action,4,2,2,1,5,2,-3,3,3,3,4.642
R_3kjx3Kn3LCDsQmZ,37,j,2,0,4138.399999976158,Physician-assisted suicide,Mandatory training on sexual consent,4,5,3,4,2,2,0,-3,0,3,4.1383999999761585
R_3kjx3Kn3LCDsQmZ,38,f,1,1,2380,Mandatory training on sexual consent,Allow alt-right speakers on campus,4,2,2,1,3,1,3,-1,3,1,2.38
R_3kjx3Kn3LCDsQmZ,39,f,1,1,2503.699999988079,Affirmative action,Mandatory training on sexual consent,1,5,2,4,2,2,-3,3,3,3,2.503699999988079
R_3kjx3Kn3LCDsQmZ,40,f,1,1,6416.899999976158,Allow alt-right speakers on campus,Physician-assisted suicide,1,3,1,4,5,3,-3,-2,3,2,6.416899999976158
R_3kjx3Kn3LCDsQmZ,41,f,1,1,1711.1000000238419,Allow alt-right speakers on campus,Mandatory training on sexual consent,1,3,1,4,2,2,-3,1,3,1,1.7111000000238419
R_3kjx3Kn3LCDsQmZ,42,j,2,0,3436.099999964237,Allow alt-right speakers on campus,Physician-assisted suicide,1,3,1,4,5,3,3,2,3,2,3.436099999964237
R_3kjx3Kn3LCDsQmZ,43,f,1,1,874.7999999523163,Physician-assisted suicide,Affirmative action,4,5,3,1,5,2,3,0,3,0,0.8747999999523163
R_3kjx3Kn3LCDsQmZ,44,j,2,0,1145.699999988079,Physician-assisted suicide,Affirmative action,4,5,3,1,5,2,-3,0,3,0,1.145699999988079
R_3kjx3Kn3LCDsQmZ,45,j,2,0,8006.5,On campus concealed carry,Allow alt-right speakers on campus,3,4,2,1,3,1,-2,-1,2,1,8.0065
R_3kjx3Kn3LCDsQmZ,46,j,2,0,3970.399999976158,Affirmative action,Physician-assisted suicide,1,5,2,4,5,3,3,0,3,0,3.9703999999761583
R_3kjx3Kn3LCDsQmZ,47,j,2,0,6175.699999988079,Physician-assisted suicide,Affirmative action,4,5,3,1,5,2,-3,0,3,0,6.175699999988079
R_3kjx3Kn3LCDsQmZ,48,f,1,1,1930.9000000357628,Affirmative action,Allow alt-right speakers on campus,1,5,2,1,3,1,0,2,0,2,1.9309000000357628
R_3kjx3Kn3LCDsQmZ,49,f,1,1,2287.699999988079,Allow alt-right speakers on campus,Physician-assisted suicide,1,3,1,4,5,3,-3,-2,3,2,2.287699999988079
R_3kjx3Kn3LCDsQmZ,50,f,1,1,3398.399999976158,Physician-assisted suicide,Mandatory training on sexual consent,4,5,3,4,2,2,0,3,0,3,3.3983999999761583
R_3kjx3Kn3LCDsQmZ,51,j,2,0,4493,Mandatory training on sexual consent,Mandatory training on sexual consent,4,2,2,4,2,2,0,0,0,0,4.493
R_3kjx3Kn3LCDsQmZ,52,f,1,1,5205.800000011921,Mandatory training on sexual consent,Allow alt-right speakers on campus,4,2,2,1,3,1,3,-1,3,1,5.205800000011921
R_3kjx3Kn3LCDsQmZ,53,j,2,0,2250.5,Affirmative action,Mandatory training on sexual consent,1,5,2,4,2,2,3,-3,3,3,2.2505
R_3kjx3Kn3LCDsQmZ,54,f,1,1,1329.7999999523163,Mandatory training on sexual consent,Affirmative action,4,2,2,1,5,2,3,-3,3,3,1.3297999999523162
R_3kjx3Kn3LCDsQmZ,55,f,1,1,4908,Mandatory training on sexual consent,Allow alt-right speakers on campus,4,2,2,1,3,1,3,-1,3,1,4.908
R_3kjx3Kn3LCDsQmZ,56,j,2,0,1591.300000011921,Physician-assisted suicide,Physician-assisted suicide,4,5,3,4,5,3,0,0,0,0,1.5913000000119208
R_3kjx3Kn3LCDsQmZ,57,j,2,0,3784.300000011921,Religious exemptions for discrimination laws,Physician-assisted suicide,3,4,2,4,5,3,1,1,1,1,3.784300000011921
R_3kjx3Kn3LCDsQmZ,58,j,2,0,2124.400000035763,Affirmative action,Physician-assisted suicide,1,5,2,4,5,3,3,0,3,0,2.1244000000357626
R_3kjx3Kn3LCDsQmZ,59,j,2,0,3431.5,Mandatory training on sexual consent,Physician-assisted suicide,4,2,2,4,5,3,0,3,0,3,3.4315
R_3kjx3Kn3LCDsQmZ,60,j,2,0,5098.5,Mandatory training on sexual consent,Mandatory training on sexual consent,4,2,2,4,2,2,0,0,0,0,5.0985
R_3kjx3Kn3LCDsQmZ,61,f,1,1,3652.400000035763,Physician-assisted suicide,Affirmative action,4,5,3,1,5,2,3,0,3,0,3.6524000000357626
R_3kjx3Kn3LCDsQmZ,62,j,2,0,1716,Affirmative action,Allow alt-right speakers on campus,1,5,2,1,3,1,0,-2,0,2,1.716
R_3kjx3Kn3LCDsQmZ,63,f,1,1,4184.599999964237,Allow alt-right speakers on campus,Physician-assisted suicide,1,3,1,4,5,3,-3,-2,3,2,4.184599999964237
R_3kjx3Kn3LCDsQmZ,64,j,2,0,2370.100000023842,Mandatory training on sexual consent,Physician-assisted suicide,4,2,2,4,5,3,0,3,0,3,2.3701000000238417
R_3kjx3Kn3LCDsQmZ,65,f,1,1,3107.599999964237,Allow alt-right speakers on campus,Affirmative action,1,3,1,1,5,2,0,-2,0,2,3.107599999964237
R_3kjx3Kn3LCDsQmZ,66,j,2,0,3987.100000023842,Affirmative action,Abolishing private prisons,1,5,2,3,4,2,2,-1,2,1,3.9871000000238417
R_3kjx3Kn3LCDsQmZ,67,j,2,0,6261.199999988079,Legalization of marijuana,Mandatory training on sexual consent,3,4,2,4,2,2,1,-2,1,2,6.261199999988079
R_3kjx3Kn3LCDsQmZ,68,j,2,0,5057.5,Allow alt-right speakers on campus,Allow alt-right speakers on campus,1,3,1,1,3,1,0,0,0,0,5.0575
R_3kjx3Kn3LCDsQmZ,69,j,2,0,2620.599999964237,Affirmative action,Physician-assisted suicide,1,5,2,4,5,3,3,0,3,0,2.620599999964237
R_3kjx3Kn3LCDsQmZ,70,f,1,1,1476.4000000357628,Physician-assisted suicide,Affirmative action,4,5,3,1,5,2,3,0,3,0,1.4764000000357629
R_3kjx3Kn3LCDsQmZ,71,f,1,1,1715.800000011921,Allow alt-right speakers on campus,Affirmative action,1,3,1,1,5,2,0,-2,0,2,1.715800000011921
R_3kjx3Kn3LCDsQmZ,72,j,2,0,3330.100000023842,Allow alt-right speakers on campus,Physician-assisted suicide,1,3,1,4,5,3,3,2,3,2,3.3301000000238417
R_3kjx3Kn3LCDsQmZ,73,f,1,1,1959.5,Affirmative action,Allow alt-right speakers on campus,1,5,2,1,3,1,0,2,0,2,1.9595
R_3kjx3Kn3LCDsQmZ,74,f,1,1,3584.2999999523163,Mandatory training on sexual consent,War on Drugs,4,2,2,3,4,2,1,-2,1,2,3.584299999952316
R_3kjx3Kn3LCDsQmZ,75,f,1,1,5112.299999952316,Allow alt-right speakers on campus,Abortion rights,1,3,1,3,4,2,-2,-1,2,1,5.112299999952317
R_3kjx3Kn3LCDsQmZ,76,j,2,0,7841.599999964237,Dorms determined by gender identity,Physician-assisted suicide,3,4,2,4,5,3,1,1,1,1,7.841599999964237
R_3kjx3Kn3LCDsQmZ,77,j,2,0,4473.199999988079,Allow alt-right speakers on campus,Remove police from schools,1,3,1,3,4,2,2,1,2,1,4.473199999988079
R_3kjx3Kn3LCDsQmZ,78,f,1,1,1107.699999988079,Mandatory training on sexual consent,Affirmative action,4,2,2,1,5,2,3,-3,3,3,1.107699999988079
R_3kjx3Kn3LCDsQmZ,79,j,2,0,1518.3999999761581,Allow alt-right speakers on campus,Affirmative action,1,3,1,1,5,2,0,2,0,2,1.5183999999761582
R_3kjx3Kn3LCDsQmZ,80,f,1,1,2879.199999988079,Build southern border wall,Affirmative action,3,4,2,1,5,2,2,-1,2,1,2.879199999988079
R_3kjx3Kn3LCDsQmZ,81,j,2,0,2111.300000011921,Mandatory training on sexual consent,Physician-assisted suicide,4,2,2,4,5,3,0,3,0,3,2.111300000011921
R_3kjx3Kn3LCDsQmZ,82,f,1,1,1662.199999988079,Affirmative action,Mandatory training on sexual consent,1,5,2,4,2,2,-3,3,3,3,1.662199999988079
R_3kjx3Kn3LCDsQmZ,83,j,2,0,3416.699999988079,Mandatory training on sexual consent,Allow alt-right speakers on campus,4,2,2,1,3,1,-3,1,3,1,3.416699999988079
R_3kjx3Kn3LCDsQmZ,84,f,1,1,2204.100000023842,Affirmative action,Mandatory training on sexual consent,1,5,2,4,2,2,-3,3,3,3,2.2041000000238418
R_3kjx3Kn3LCDsQmZ,85,f,1,1,2911,Mandatory training on sexual consent,Affirmative action,4,2,2,1,5,2,3,-3,3,3,2.911
R_3kjx3Kn3LCDsQmZ,86,j,2,0,2363.5,Mandatory training on sexual consent,Physician-assisted suicide,4,2,2,4,5,3,0,3,0,3,2.3635
R_3kjx3Kn3LCDsQmZ,87,f,1,1,2367,Allow alt-right speakers on campus,Affirmative action,1,3,1,1,5,2,0,-2,0,2,2.367
R_3kjx3Kn3LCDsQmZ,88,j,2,0,1156.199999988079,Affirmative action,Mandatory training on sexual consent,1,5,2,4,2,2,3,-3,3,3,1.156199999988079
R_3kjx3Kn3LCDsQmZ,89,f,1,1,1121.699999988079,Allow alt-right speakers on campus,Affirmative action,1,3,1,1,5,2,0,-2,0,2,1.121699999988079
R_3kjx3Kn3LCDsQmZ,90,j,2,0,3999,Expel students with white nationlist views,Mandatory training on sexual consent,3,4,2,4,2,2,1,-2,1,2,3.999
R_3kjx3Kn3LCDsQmZ,91,f,1,1,1616.8999999761581,Affirmative action,Physician-assisted suicide,1,5,2,4,5,3,-3,0,3,0,1.6168999999761582
R_3kjx3Kn3LCDsQmZ,92,f,1,1,1676.3999999761581,Allow alt-right speakers on campus,Physician-assisted suicide,1,3,1,4,5,3,-3,-2,3,2,1.676399999976158
R_3kjx3Kn3LCDsQmZ,93,f,1,1,4278.799999952316,Affirmative action,Mandatory training on sexual consent,1,5,2,4,2,2,-3,3,3,3,4.278799999952316
R_3kjx3Kn3LCDsQmZ,94,f,1,1,1683.1000000238419,Mandatory training on sexual consent,Allow alt-right speakers on campus,4,2,2,1,3,1,3,-1,3,1,1.6831000000238419
R_3kjx3Kn3LCDsQmZ,95,f,1,1,3569.600000023842,Allow alt-right speakers on campus,Mandatory training on sexual consent,1,3,1,4,2,2,-3,1,3,1,3.5696000000238417
R_3kjx3Kn3LCDsQmZ,96,f,1,1,2084.600000023842,Allow alt-right speakers on campus,Affirmative action,1,3,1,1,5,2,0,-2,0,2,2.084600000023842
R_3kjx3Kn3LCDsQmZ,97,j,2,0,3799.899999976158,Mandatory training on sexual consent,Ban on ethnic Halloween costumes,4,2,2,3,4,2,-1,2,1,2,3.7998999999761582
R_3kjx3Kn3LCDsQmZ,98,f,1,1,3683.600000023842,Affirmative action,Affirmative action,1,5,2,1,5,2,0,0,0,0,3.683600000023842
R_3kjx3Kn3LCDsQmZ,99,f,1,1,1642.7999999523163,Mandatory training on sexual consent,Affirmative action,4,2,2,1,5,2,3,-3,3,3,1.6427999999523162
R_3kjx3Kn3LCDsQmZ,100,f,1,1,3157.300000011921,Mandatory training on sexual consent,Allow alt-right speakers on campus,4,2,2,1,3,1,3,-1,3,1,3.157300000011921
R_0ecl6IfcV1eq78R,1,j,2,0,17272.999999999884,Remove public Confederate memorials,Climate change legislation,5,7,4,6,5,3,1,-2,1,2,17.272999999999882
R_0ecl6IfcV1eq78R,2,j,2,0,7323.999999999884,Affirmative action,Climate change legislation,5,5,2,6,5,3,1,0,1,0,7.3239999999998835
R_0ecl6IfcV1eq78R,3,f,1,1,7783,Mandatory training on sexual consent,Climate change legislation,6,6,4,6,5,3,0,1,0,1,7.783
R_0ecl6IfcV1eq78R,4,f,1,1,7945,Mandatory training on sexual consent,Affirmative action,6,6,4,5,5,2,1,1,1,1,7.945
R_0ecl6IfcV1eq78R,5,j,2,0,4016.0000000001164,Abortion rights,Mandatory training on sexual consent,4,7,4,6,6,4,2,-1,2,1,4.016000000000116
R_0ecl6IfcV1eq78R,6,j,2,0,3702,Climate change legislation,Gun-free campus police,6,5,3,5,2,3,-1,-3,1,3,3.702
R_0ecl6IfcV1eq78R,7,f,1,1,17685,Safe injection locations,Climate change legislation,5,2,3,6,5,3,-1,-3,1,3,17.685
R_0ecl6IfcV1eq78R,8,j,2,0,3443,Abolishing fraternities,Climate change legislation,4,3,4,6,5,3,2,2,2,2,3.443
R_0ecl6IfcV1eq78R,9,j,2,0,3835,Mandatory vaccinations,Climate change legislation,4,2,3,6,5,3,2,3,2,3,3.835
R_0ecl6IfcV1eq78R,10,j,2,0,6702,Mandatory training on sexual consent,Tuition increases,6,6,4,0,4,4,-6,-2,6,2,6.702
R_0ecl6IfcV1eq78R,11,j,2,0,3357,Tuition increases,Mandatory training on sexual consent,0,4,4,6,6,4,6,2,6,2,3.357
R_0ecl6IfcV1eq78R,12,f,1,1,3712,Gun-free campus police,Mandatory training on sexual consent,5,2,3,6,6,4,-1,-4,1,4,3.712
R_0ecl6IfcV1eq78R,13,j,2,0,9724,On campus concealed carry,Climate change legislation,1,1,3,6,5,3,5,4,5,4,9.724
R_0ecl6IfcV1eq78R,14,j,2,0,5115.999999999884,Mask mandates,Mandatory training on sexual consent,5,6,4,6,6,4,1,0,1,0,5.115999999999883
R_0ecl6IfcV1eq78R,15,f,1,1,4431,Remove police from schools,Climate change legislation,5,3,4,6,5,3,-1,-2,1,2,4.431
R_0ecl6IfcV1eq78R,16,f,1,1,5919,Mask mandates,Mandatory training on sexual consent,5,6,4,6,6,4,-1,0,1,0,5.919
R_0ecl6IfcV1eq78R,17,f,1,1,2235.0000000001164,Climate change legislation,Ban on ethnic Halloween costumes,6,5,3,4,5,3,2,0,2,0,2.2350000000001162
R_0ecl6IfcV1eq78R,18,f,1,1,6029,Climate change legislation,Affirmative action,6,5,3,5,5,2,1,0,1,0,6.029
R_0ecl6IfcV1eq78R,19,j,2,0,1668,Safe injection locations,Mandatory training on sexual consent,5,2,3,6,6,4,1,4,1,4,1.668
R_0ecl6IfcV1eq78R,20,f,1,1,3165.0000000001164,Mandatory training on sexual consent,Affirmative action,6,6,4,5,5,2,1,1,1,1,3.1650000000001164
R_0ecl6IfcV1eq78R,21,f,1,1,2309.0000000001164,Climate change legislation,Mandatory vaccinations,6,5,3,4,2,3,2,3,2,3,2.3090000000001165
R_0ecl6IfcV1eq78R,22,j,2,0,7120,Climate change legislation,On campus concealed carry,6,5,3,1,1,3,-5,-4,5,4,7.12
R_0ecl6IfcV1eq78R,23,j,2,0,3985.0000000001164,Climate change legislation,Detention of migrant children,6,5,3,1,8,3,-5,3,5,3,3.9850000000001162
R_0ecl6IfcV1eq78R,24,j,2,0,9123.999999999884,Affirmative action,Climate change legislation,5,5,2,6,5,3,1,0,1,0,9.123999999999883
R_0ecl6IfcV1eq78R,25,j,2,0,500,University Campus should be a Sanctuary,Climate change legislation,5,6,3,6,5,3,1,-1,1,1,0.5
R_0ecl6IfcV1eq78R,26,j,2,0,5941,Mandatory training on sexual consent,Remove public Confederate memorials,6,6,4,5,7,4,-1,1,1,1,5.941
R_0ecl6IfcV1eq78R,27,j,2,0,2071,Religious exemptions for discrimination laws,Mandatory training on sexual consent,4,4,1,6,6,4,2,2,2,2,2.071
R_0ecl6IfcV1eq78R,28,f,1,1,12768,Climate change legislation,Defund Planned Parenthood,6,5,3,2,4,3,4,1,4,1,12.768
R_0ecl6IfcV1eq78R,29,f,1,1,2913,Mandatory training on sexual consent,Physician-assisted suicide,6,6,4,2,7,4,4,-1,4,1,2.913
R_0ecl6IfcV1eq78R,30,j,2,0,3046,Climate change legislation,Hardening schools/Arming teachers,6,5,3,1,4,4,-5,-1,5,1,3.046
R_0ecl6IfcV1eq78R,31,f,1,1,3481,Climate change legislation,Increased Gun regulations,6,5,3,5,4,4,1,1,1,1,3.481
R_0ecl6IfcV1eq78R,32,f,1,1,6380.999999999884,Climate change legislation,University Campus should be a Sanctuary,6,5,3,5,6,3,1,-1,1,1,6.380999999999884
R_0ecl6IfcV1eq78R,33,f,1,1,3845,Abolishing fraternities,Climate change legislation,4,3,4,6,5,3,-2,-2,2,2,3.845
R_0ecl6IfcV1eq78R,34,f,1,1,10614,Climate change legislation,Defund Planned Parenthood,6,5,3,2,4,3,4,1,4,1,10.614
R_0ecl6IfcV1eq78R,35,j,2,0,6795,Ban on ethnic Halloween costumes,Climate change legislation,4,5,3,6,5,3,2,0,2,0,6.795
R_0ecl6IfcV1eq78R,36,j,2,0,17376.000000000116,Religious exemptions for discrimination laws,Mandatory training on sexual consent,4,4,1,6,6,4,2,2,2,2,17.376000000000115
R_0ecl6IfcV1eq78R,37,j,2,0,1835,Mandatory training on sexual consent,Climate change legislation,6,6,4,6,5,3,0,-1,0,1,1.835
R_0ecl6IfcV1eq78R,38,j,2,0,5412,Lift COVID lockdowns,Climate change legislation,1,3,4,6,5,3,5,2,5,2,5.412
R_0ecl6IfcV1eq78R,39,f,1,1,8552.000000000116,Climate change legislation,War on Drugs,6,5,3,5,4,3,1,1,1,1,8.552000000000117
R_0ecl6IfcV1eq78R,40,f,1,1,2481,Tuition increases,Climate change legislation,0,4,4,6,5,3,-6,-1,6,1,2.481
R_0ecl6IfcV1eq78R,41,j,2,0,1867,Climate change legislation,Remove public Confederate memorials,6,5,3,5,7,4,-1,2,1,2,1.867
R_0ecl6IfcV1eq78R,42,j,2,0,5282.000000000116,Stop police brutality,Mandatory training on sexual consent,0,8,4,6,6,4,6,-2,6,2,5.282000000000116
R_0ecl6IfcV1eq78R,43,j,2,0,8264,Expel students with white nationlist views,Climate change legislation,1,6,4,6,5,3,5,-1,5,1,8.264
R_0ecl6IfcV1eq78R,44,j,2,0,15017,Abolishing fraternities,Climate change legislation,4,3,4,6,5,3,2,2,2,2,15.017
R_0ecl6IfcV1eq78R,45,j,2,0,1947,Mandatory vaccinations,Climate change legislation,4,2,3,6,5,3,2,3,2,3,1.947
R_0ecl6IfcV1eq78R,46,j,2,0,9091,Remove public Confederate memorials,Mandatory training on sexual consent,5,7,4,6,6,4,1,-1,1,1,9.091
R_0ecl6IfcV1eq78R,47,j,2,0,1801.9999999998836,Mandatory training on sexual consent,Ban on ethnic Halloween costumes,6,6,4,4,5,3,-2,-1,2,1,1.8019999999998837
R_0ecl6IfcV1eq78R,48,f,1,1,1707.9999999998836,Mandatory training on sexual consent,War on Drugs,6,6,4,5,4,3,1,2,1,2,1.7079999999998836
R_0ecl6IfcV1eq78R,49,f,1,1,13751.000000000116,Climate change legislation,Stop police brutality,6,5,3,0,8,4,6,-3,6,3,13.751000000000117
R_0ecl6IfcV1eq78R,50,f,1,1,5203.999999999884,Religious exemptions for discrimination laws,Climate change legislation,4,4,1,6,5,3,-2,-1,2,1,5.203999999999883
R_0ecl6IfcV1eq78R,51,f,1,1,2072,Stop police brutality,Climate change legislation,0,8,4,6,5,3,-6,3,6,3,2.072
R_0ecl6IfcV1eq78R,52,j,2,0,2212,Mandatory training on sexual consent,Stop police brutality,6,6,4,0,8,4,-6,2,6,2,2.212
R_0ecl6IfcV1eq78R,53,f,1,1,1661,Mandatory training on sexual consent,Ban on ethnic Halloween costumes,6,6,4,4,5,3,2,1,2,1,1.661
R_0ecl6IfcV1eq78R,54,j,2,0,1421,Ban on ethnic Halloween costumes,Climate change legislation,4,5,3,6,5,3,2,0,2,0,1.421
R_0ecl6IfcV1eq78R,55,j,2,0,1350,Safe injection locations,Climate change legislation,5,2,3,6,5,3,1,3,1,3,1.35
R_0ecl6IfcV1eq78R,56,f,1,1,2257,Remove police from schools,Climate change legislation,5,3,4,6,5,3,-1,-2,1,2,2.257
R_0ecl6IfcV1eq78R,57,f,1,1,2765,Mandatory training on sexual consent,Tuition increases,6,6,4,0,4,4,6,2,6,2,2.765
R_0ecl6IfcV1eq78R,58,f,1,1,6147,Mandatory training on sexual consent,On campus concealed carry,6,6,4,1,1,3,5,5,5,5,6.147
R_0ecl6IfcV1eq78R,59,f,1,1,2450,Mandatory training on sexual consent,Raise the minimum wage,6,6,4,5,8,3,1,-2,1,2,2.45
R_0ecl6IfcV1eq78R,60,f,1,1,7279.999999999767,Physician-assisted suicide,Climate change legislation,2,7,4,6,5,3,-4,2,4,2,7.2799999999997675
R_0ecl6IfcV1eq78R,61,j,2,0,8445.999999999767,Climate change legislation,Lift COVID lockdowns,6,5,3,1,3,4,-5,-2,5,2,8.445999999999767
R_0ecl6IfcV1eq78R,62,f,1,1,1483,Mandatory training on sexual consent,Abolishing fraternities,6,6,4,4,3,4,2,3,2,3,1.483
R_0ecl6IfcV1eq78R,63,f,1,1,2785,Mandatory training on sexual consent,On campus concealed carry,6,6,4,1,1,3,5,5,5,5,2.785
R_0ecl6IfcV1eq78R,64,f,1,1,5587,Climate change legislation,Abortion rights,6,5,3,4,7,4,2,-2,2,2,5.587
R_0ecl6IfcV1eq78R,65,f,1,1,1415,Stop police brutality,Climate change legislation,0,8,4,6,5,3,-6,3,6,3,1.415
R_0ecl6IfcV1eq78R,66,j,2,0,2827,Remove public Confederate memorials,Climate change legislation,5,7,4,6,5,3,1,-2,1,2,2.827
R_0ecl6IfcV1eq78R,67,j,2,0,18581,Detention of migrant children,Climate change legislation,1,8,3,6,5,3,5,-3,5,3,18.581
R_0ecl6IfcV1eq78R,68,j,2,0,2077.999999999767,Physician-assisted suicide,Climate change legislation,2,7,4,6,5,3,4,-2,4,2,2.077999999999767
R_0ecl6IfcV1eq78R,69,f,1,1,11048,Mandatory training on sexual consent,Mandatory training on sexual consent,6,6,4,6,6,4,0,0,0,0,11.048
R_0ecl6IfcV1eq78R,70,f,1,1,2046,Climate change legislation,Black Lives Matter,6,5,3,5,6,4,1,-1,1,1,2.046
R_0ecl6IfcV1eq78R,71,f,1,1,14163,Abolishing fraternities,Climate change legislation,4,3,4,6,5,3,-2,-2,2,2,14.163
R_0ecl6IfcV1eq78R,72,f,1,1,2180,Gun-free campus police,Climate change legislation,5,2,3,6,5,3,-1,-3,1,3,2.18
R_0ecl6IfcV1eq78R,73,f,1,1,17436,Mandatory training on sexual consent,Lift COVID lockdowns,6,6,4,1,3,4,5,3,5,3,17.436
R_0ecl6IfcV1eq78R,74,j,2,0,3212.999999999767,Lift COVID lockdowns,Mandatory training on sexual consent,1,3,4,6,6,4,5,3,5,3,3.2129999999997674
R_0ecl6IfcV1eq78R,75,j,2,0,16042,Stop police brutality,Climate change legislation,0,8,4,6,5,3,6,-3,6,3,16.042
R_0ecl6IfcV1eq78R,76,f,1,1,2506,Climate change legislation,Tuition increases,6,5,3,0,4,4,6,1,6,1,2.506
R_0ecl6IfcV1eq78R,77,j,2,0,2488,Mandatory training on sexual consent,Abolishing private prisons,6,6,4,5,4,3,-1,-2,1,2,2.488
R_0ecl6IfcV1eq78R,78,f,1,1,4064,Climate change legislation,Bathrooms restricted based on biological sex,6,5,3,2,4,3,4,1,4,1,4.064
R_0ecl6IfcV1eq78R,79,j,2,0,9576,Abortion rights,Climate change legislation,4,7,4,6,5,3,2,-2,2,2,9.576
R_0ecl6IfcV1eq78R,80,f,1,1,1760.0000000002328,Mandatory training on sexual consent,Climate change legislation,6,6,4,6,5,3,0,1,0,1,1.760000000000233
R_0ecl6IfcV1eq78R,81,j,2,0,17936,Climate change legislation,Raise the minimum wage,6,5,3,5,8,3,-1,3,1,3,17.936
R_0ecl6IfcV1eq78R,82,f,1,1,4884,Abolishing fraternities,Mandatory training on sexual consent,4,3,4,6,6,4,-2,-3,2,3,4.884
R_0ecl6IfcV1eq78R,83,j,2,0,14244,Mandatory training on sexual consent,Stop police brutality,6,6,4,0,8,4,-6,2,6,2,14.244
R_0ecl6IfcV1eq78R,84,f,1,1,3529,Remove public Confederate memorials,Climate change legislation,5,7,4,6,5,3,-1,2,1,2,3.529
R_0ecl6IfcV1eq78R,85,j,2,0,24428,Mandatory vaccinations,Mandatory training on sexual consent,4,2,3,6,6,4,2,4,2,4,24.428
R_0ecl6IfcV1eq78R,86,j,2,0,11325,Climate change legislation,Ban on ethnic Halloween costumes,6,5,3,4,5,3,-2,0,2,0,11.325
R_0ecl6IfcV1eq78R,87,f,1,1,20250,Detention of migrant children,Climate change legislation,1,8,3,6,5,3,-5,3,5,3,20.25
R_0ecl6IfcV1eq78R,88,f,1,1,23769,Climate change legislation,Tuition increases,6,5,3,0,4,4,6,1,6,1,23.769
R_0ecl6IfcV1eq78R,89,j,2,0,9513.999999999767,On campus concealed carry,Climate change legislation,1,1,3,6,5,3,5,4,5,4,9.513999999999767
R_0ecl6IfcV1eq78R,90,f,1,1,1762.9999999997672,Mandatory training on sexual consent,Climate change legislation,6,6,4,6,5,3,0,1,0,1,1.7629999999997672
R_0ecl6IfcV1eq78R,91,f,1,1,18804,Increased Gun regulations,Climate change legislation,5,4,4,6,5,3,-1,-1,1,1,18.804
R_0ecl6IfcV1eq78R,92,f,1,1,13216,Climate change legislation,Mandatory vaccinations,6,5,3,4,2,3,2,3,2,3,13.216
R_0ecl6IfcV1eq78R,93,j,2,0,2173,Climate change legislation,Climate change legislation,6,5,3,6,5,3,0,0,0,0,2.173
R_0ecl6IfcV1eq78R,94,j,2,0,23212,On campus concealed carry,Climate change legislation,1,1,3,6,5,3,5,4,5,4,23.212
R_0ecl6IfcV1eq78R,95,f,1,1,3117,Raise the minimum wage,Mandatory training on sexual consent,5,8,3,6,6,4,-1,2,1,2,3.117
R_0ecl6IfcV1eq78R,96,f,1,1,15866,Mandatory training on sexual consent,Stop police brutality,6,6,4,0,8,4,6,-2,6,2,15.866
R_0ecl6IfcV1eq78R,97,j,2,0,3624,Mandatory training on sexual consent,Tuition increases,6,6,4,0,4,4,-6,-2,6,2,3.624
R_0ecl6IfcV1eq78R,98,f,1,1,7200.000000000233,Affirmative action,Climate change legislation,5,5,2,6,5,3,-1,0,1,0,7.200000000000233
R_0ecl6IfcV1eq78R,99,j,2,0,1694,Mandatory vaccinations,Mandatory training on sexual consent,4,2,3,6,6,4,2,4,2,4,1.694
R_0ecl6IfcV1eq78R,100,j,2,0,2117,Climate change legislation,Tuition increases,6,5,3,0,4,4,-6,-1,6,1,2.117
R_2UWz7ehgkhwhZF9,1,f,1,1,31578.39999985695,Stop police brutality,Abortion rights,6,8,4,6,7,4,0,1,0,1,31.57839999985695
R_2UWz7ehgkhwhZF9,2,j,2,0,3622.5,Legalization of marijuana,Abortion rights,5,4,4,6,7,4,1,3,1,3,3.6225
R_2UWz7ehgkhwhZF9,3,j,2,0,16911.89999985695,Raise the minimum wage,Abolishing fraternities,6,8,4,3,2,3,-3,-6,3,6,16.91189999985695
R_2UWz7ehgkhwhZF9,4,f,1,1,10110.400000095367,Remove public Confederate memorials,Detention of migrant children,6,6,4,0,8,4,6,-2,6,2,10.110400000095368
R_2UWz7ehgkhwhZF9,5,j,2,0,6554.700000047684,Physician-assisted suicide,Stop police brutality,3,5,3,6,8,4,3,3,3,3,6.554700000047684
R_2UWz7ehgkhwhZF9,6,f,1,1,6102.400000095367,Expel students with white nationlist views,Increased Gun regulations,6,8,4,5,6,3,1,2,1,2,6.1024000000953675
R_2UWz7ehgkhwhZF9,7,f,1,1,12624.700000047684,Hardening schools/Arming teachers,Black Lives Matter,1,4,3,6,8,4,-5,-4,5,4,12.624700000047683
R_2UWz7ehgkhwhZF9,8,f,1,1,14421.099999904633,Remove Christopher Columbus statues,Mandatory vaccinations,6,6,3,6,7,3,0,-1,0,1,14.421099999904632
R_2UWz7ehgkhwhZF9,9,f,1,1,8770.699999809265,Bathrooms restricted based on biological sex,Black Lives Matter,1,5,3,6,8,4,-5,-3,5,3,8.770699999809265
R_2UWz7ehgkhwhZF9,10,j,2,0,9317,Raise the minimum wage,Physician-assisted suicide,6,8,4,3,5,3,-3,-3,3,3,9.317
R_2UWz7ehgkhwhZF9,11,f,1,1,13175.100000143051,Increased Gun regulations,Mandatory vaccinations,5,6,3,6,7,3,-1,-1,1,1,13.17510000014305
R_2UWz7ehgkhwhZF9,12,j,2,0,7170.099999904633,Mandatory vaccinations,Recognize Jerusalem as capital of Israel,6,7,3,3,0,1,-3,-7,3,7,7.170099999904632
R_2UWz7ehgkhwhZF9,13,f,1,1,5676.700000047684,Legalization of marijuana,Black Lives Matter,5,4,4,6,8,4,-1,-4,1,4,5.676700000047684
R_2UWz7ehgkhwhZF9,14,f,1,1,5437.299999952316,Mandatory vaccinations,Safe injection locations,6,7,3,5,5,3,1,2,1,2,5.437299999952316
R_2UWz7ehgkhwhZF9,15,j,2,0,4085.600000143051,Black Lives Matter,Mandatory vaccinations,6,8,4,6,7,3,0,-1,0,1,4.085600000143051
R_2UWz7ehgkhwhZF9,16,f,1,1,4796.599999904633,Bathrooms restricted based on biological sex,War on Drugs,1,5,3,4,3,1,-3,2,3,2,4.7965999999046325
R_2UWz7ehgkhwhZF9,17,j,2,0,12603.900000095367,Stop police brutality,Abolishing private prisons,6,8,4,4,2,2,-2,-6,2,6,12.603900000095367
R_2UWz7ehgkhwhZF9,18,j,2,0,3659.5,Recognize Jerusalem as capital of Israel,Expel students with white nationlist views,3,0,1,6,8,4,3,8,3,8,3.6595
R_2UWz7ehgkhwhZF9,19,f,1,1,3100.0999999046326,Expel students with white nationlist views,Remove police from schools,6,8,4,5,4,3,1,4,1,4,3.1000999999046326
R_2UWz7ehgkhwhZF9,20,j,2,0,3918.300000190735,Remove Christopher Columbus statues,Abolishing private prisons,6,6,3,4,2,2,-2,-4,2,4,3.918300000190735
R_2UWz7ehgkhwhZF9,21,j,2,0,10122.100000143051,Bathrooms restricted based on biological sex,Raise the minimum wage,1,5,3,6,8,4,5,3,5,3,10.122100000143051
R_2UWz7ehgkhwhZF9,22,f,1,1,7217,Expel students with white nationlist views,Remove public Confederate memorials,6,8,4,6,6,4,0,2,0,2,7.217
R_2UWz7ehgkhwhZF9,23,f,1,1,4578.5,Increased Gun regulations,Mandatory vaccinations,5,6,3,6,7,3,-1,-1,1,1,4.5785
R_2UWz7ehgkhwhZF9,24,f,1,1,4052.7999999523163,Abortion rights,Recognize Jerusalem as capital of Israel,6,7,4,3,0,1,3,7,3,7,4.052799999952316
R_2UWz7ehgkhwhZF9,25,f,1,1,7777.299999952316,Tuition increases,Remove Christopher Columbus statues,5,5,3,6,6,3,-1,-1,1,1,7.777299999952317
R_2UWz7ehgkhwhZF9,26,f,1,1,4887.400000095367,Mandatory vaccinations,Abolishing fraternities,6,7,3,3,2,3,3,5,3,5,4.887400000095368
R_2UWz7ehgkhwhZF9,27,f,1,1,5828.799999952316,Remove public Confederate memorials,Defund the police,6,6,4,5,4,3,1,2,1,2,5.828799999952317
R_2UWz7ehgkhwhZF9,28,j,2,0,4511.5,Black Lives Matter,Ban on research with animals,6,8,4,2,3,3,-4,-5,4,5,4.5115
R_2UWz7ehgkhwhZF9,29,f,1,1,4403.799999952316,Remove police from schools,Abortion rights,5,4,3,6,7,4,-1,-3,1,3,4.403799999952316
R_2UWz7ehgkhwhZF9,30,j,2,0,4387.299999952316,Ban on research with animals,Remove public Confederate memorials,2,3,3,6,6,4,4,3,4,3,4.387299999952316
R_2UWz7ehgkhwhZF9,31,f,1,1,13184.700000047684,Remove public Confederate memorials,Gun-free campus police,6,6,4,5,6,3,1,0,1,0,13.184700000047684
R_2UWz7ehgkhwhZF9,32,j,2,0,2191.5,Mandatory vaccinations,Abortion rights,6,7,3,6,7,4,0,0,0,0,2.1915
R_2UWz7ehgkhwhZF9,33,j,2,0,2992,Abortion rights,Mandatory trigger warnings,6,7,4,5,5,4,-1,-2,1,2,2.992
R_2UWz7ehgkhwhZF9,34,f,1,1,14495,Detention of migrant children,Expel students with white nationlist views,0,8,4,6,8,4,-6,0,6,0,14.495
R_2UWz7ehgkhwhZF9,35,f,1,1,2321.800000190735,Abortion rights,Ban on research with animals,6,7,4,2,3,3,4,4,4,4,2.321800000190735
R_2UWz7ehgkhwhZF9,36,j,2,0,2867.5,Recognize Jerusalem as capital of Israel,Remove Christopher Columbus statues,3,0,1,6,6,3,3,6,3,6,2.8675
R_2UWz7ehgkhwhZF9,37,f,1,1,5564.599999904633,Remove public Confederate memorials,Mandatory trigger warnings,6,6,4,5,5,4,1,1,1,1,5.564599999904632
R_2UWz7ehgkhwhZF9,38,f,1,1,20809.200000047684,Remove Christopher Columbus statues,Defund the police,6,6,3,5,4,3,1,2,1,2,20.809200000047685
R_2UWz7ehgkhwhZF9,39,j,2,0,1874.5,Ban on research with animals,Abortion rights,2,3,3,6,7,4,4,4,4,4,1.8745
R_2UWz7ehgkhwhZF9,40,j,2,0,5252.399999856949,Abolishing fraternities,Expel students with white nationlist views,3,2,3,6,8,4,3,6,3,6,5.252399999856949
R_2UWz7ehgkhwhZF9,41,f,1,1,3893.699999809265,War on Drugs,Mandatory vaccinations,4,3,1,6,7,3,-2,-4,2,4,3.893699999809265
R_2UWz7ehgkhwhZF9,42,j,2,0,1778.2999999523163,Remove Christopher Columbus statues,Abortion rights,6,6,3,6,7,4,0,1,0,1,1.7782999999523164
R_2UWz7ehgkhwhZF9,43,j,2,0,2448,Mandatory vaccinations,Abolishing private prisons,6,7,3,4,2,2,-2,-5,2,5,2.448
R_2UWz7ehgkhwhZF9,44,f,1,1,4065,Remove Christopher Columbus statues,Remove Christopher Columbus statues,6,6,3,6,6,3,0,0,0,0,4.065
R_2UWz7ehgkhwhZF9,45,f,1,1,9941.200000047684,Gun-free campus police,Detention of migrant children,5,6,3,0,8,4,5,-2,5,2,9.941200000047683
R_2UWz7ehgkhwhZF9,46,f,1,1,2670.0999999046326,Remove public Confederate memorials,Ban on research with animals,6,6,4,2,3,3,4,3,4,3,2.6700999999046324
R_2UWz7ehgkhwhZF9,47,f,1,1,3961.100000143051,Abolishing private prisons,Remove public Confederate memorials,4,2,2,6,6,4,-2,-4,2,4,3.961100000143051
R_2UWz7ehgkhwhZF9,48,f,1,1,2547.2999999523163,Abortion rights,Physician-assisted suicide,6,7,4,3,5,3,3,2,3,2,2.5472999999523163
R_2UWz7ehgkhwhZF9,49,f,1,1,6535.399999856949,Bathrooms restricted based on biological sex,Hardening schools/Arming teachers,1,5,3,1,4,3,0,1,0,1,6.535399999856949
R_2UWz7ehgkhwhZF9,50,j,2,0,4870.799999952316,Remove public Confederate memorials,War on Drugs,6,6,4,4,3,1,-2,-3,2,3,4.870799999952316
R_2UWz7ehgkhwhZF9,51,f,1,1,4487.900000095367,Ban on research with animals,Remove Christopher Columbus statues,2,3,3,6,6,3,-4,-3,4,3,4.487900000095367
R_2UWz7ehgkhwhZF9,52,j,2,0,9471.900000095367,Allow alt-right speakers on campus,Black Lives Matter,1,4,4,6,8,4,5,4,5,4,9.471900000095367
R_2UWz7ehgkhwhZF9,53,j,2,0,12430,U.S. drone strikes in Afghanistan,Remove public Confederate memorials,1,6,2,6,6,4,5,0,5,0,12.43
R_2UWz7ehgkhwhZF9,54,f,1,1,3681.800000190735,Abolishing fraternities,Abortion rights,3,2,3,6,7,4,-3,-5,3,5,3.681800000190735
R_2UWz7ehgkhwhZF9,55,f,1,1,3830.2000000476837,Mandatory vaccinations,Allow alt-right speakers on campus,6,7,3,1,4,4,5,3,5,3,3.8302000000476837
R_2UWz7ehgkhwhZF9,56,f,1,1,5465.099999904633,Remove Christopher Columbus statues,Abolishing private prisons,6,6,3,4,2,2,2,4,2,4,5.465099999904632
R_2UWz7ehgkhwhZF9,57,j,2,0,5614.799999952316,Tuition increases,Allow alt-right speakers on campus,5,5,3,1,4,4,-4,-1,4,1,5.614799999952316
R_2UWz7ehgkhwhZF9,58,j,2,0,5361.599999904633,Tuition increases,Raise the minimum wage,5,5,3,6,8,4,1,3,1,3,5.361599999904633
R_2UWz7ehgkhwhZF9,59,f,1,1,6582,Hardening schools/Arming teachers,Remove public Confederate memorials,1,4,3,6,6,4,-5,-2,5,2,6.582
R_2UWz7ehgkhwhZF9,60,j,2,0,2754.2000000476837,Abolishing fraternities,Remove public Confederate memorials,3,2,3,6,6,4,3,4,3,4,2.7542000000476836
R_2UWz7ehgkhwhZF9,61,f,1,1,4087.7000000476837,Climate change legislation,Remove Christopher Columbus statues,5,6,3,6,6,3,-1,0,1,0,4.0877000000476835
R_2UWz7ehgkhwhZF9,62,j,2,0,2969,Remove Christopher Columbus statues,Safe injection locations,6,6,3,5,5,3,-1,-1,1,1,2.969
R_2UWz7ehgkhwhZF9,63,f,1,1,3297.2999999523163,Stop police brutality,Ban on research with animals,6,8,4,2,3,3,4,5,4,5,3.2972999999523163
R_2UWz7ehgkhwhZF9,64,j,2,0,2765.100000143051,Black Lives Matter,Increased Gun regulations,6,8,4,5,6,3,-1,-2,1,2,2.7651000001430512
R_2UWz7ehgkhwhZF9,65,f,1,1,2845.800000190735,Remove public Confederate memorials,Safe injection locations,6,6,4,5,5,3,1,1,1,1,2.8458000001907346
R_2UWz7ehgkhwhZF9,66,f,1,1,2833.7000000476837,Abolishing fraternities,Remove Christopher Columbus statues,3,2,3,6,6,3,-3,-4,3,4,2.8337000000476835
R_2UWz7ehgkhwhZF9,67,j,2,0,3176.5,Remove Christopher Columbus statues,Allow alt-right speakers on campus,6,6,3,1,4,4,-5,-2,5,2,3.1765
R_2UWz7ehgkhwhZF9,68,f,1,1,3833.199999809265,Raise the minimum wage,Gun-free campus police,6,8,4,5,6,3,1,2,1,2,3.833199999809265
R_2UWz7ehgkhwhZF9,69,j,2,0,3671.7999999523163,Abolishing private prisons,Detention of migrant children,4,2,2,0,8,4,-4,6,4,6,3.671799999952316
R_2UWz7ehgkhwhZF9,70,f,1,1,4029.2999999523163,Tuition increases,Black Lives Matter,5,5,3,6,8,4,-1,-3,1,3,4.0292999999523165
R_2UWz7ehgkhwhZF9,71,f,1,1,2319.5,Mandatory vaccinations,Remove Christopher Columbus statues,6,7,3,6,6,3,0,1,0,1,2.3195
R_2UWz7ehgkhwhZF9,72,f,1,1,6005.699999809265,Ban on ethnic Halloween costumes,Mandatory vaccinations,5,5,3,6,7,3,-1,-2,1,2,6.0056999998092655
R_2UWz7ehgkhwhZF9,73,f,1,1,3006.7000000476837,Remove public Confederate memorials,Physician-assisted suicide,6,6,4,3,5,3,3,1,3,1,3.0067000000476836
R_2UWz7ehgkhwhZF9,74,j,2,0,3609.4000000953674,Remove public Confederate memorials,Affirmative action,6,6,4,5,6,3,-1,0,1,0,3.609400000095367
R_2UWz7ehgkhwhZF9,75,f,1,1,5440.700000047684,Recognize Jerusalem as capital of Israel,Stop police brutality,3,0,1,6,8,4,-3,-8,3,8,5.440700000047683
R_2UWz7ehgkhwhZF9,76,j,2,0,2439.399999856949,Abolishing private prisons,Expel students with white nationlist views,4,2,2,6,8,4,2,6,2,6,2.4393999998569487
R_2UWz7ehgkhwhZF9,77,f,1,1,2683.800000190735,Mandatory vaccinations,Safe injection locations,6,7,3,5,5,3,1,2,1,2,2.6838000001907347
R_2UWz7ehgkhwhZF9,78,j,2,0,2665.5999999046326,Gun-free campus police,Mandatory vaccinations,5,6,3,6,7,3,1,1,1,1,2.6655999999046327
R_2UWz7ehgkhwhZF9,79,j,2,0,5407,Detention of migrant children,Ban on research with animals,0,8,4,2,3,3,2,-5,2,5,5.407
R_2UWz7ehgkhwhZF9,80,f,1,1,6915.100000143051,Ban on ethnic Halloween costumes,Ban on research with animals,5,5,3,2,3,3,3,2,3,2,6.915100000143051
R_2UWz7ehgkhwhZF9,81,j,2,0,3335.5,Mandatory trigger warnings,Tuition increases,5,5,4,5,5,3,0,0,0,0,3.3355
R_2UWz7ehgkhwhZF9,82,j,2,0,2388.800000190735,Stop police brutality,Abortion rights,6,8,4,6,7,4,0,-1,0,1,2.388800000190735
R_2UWz7ehgkhwhZF9,83,f,1,1,2222,Remove public Confederate memorials,Abortion rights,6,6,4,6,7,4,0,-1,0,1,2.222
R_2UWz7ehgkhwhZF9,84,j,2,0,4424.300000190735,Mandatory vaccinations,Remove police from schools,6,7,3,5,4,3,-1,-3,1,3,4.424300000190735
R_2UWz7ehgkhwhZF9,85,j,2,0,2629.4000000953674,Abortion rights,Physician-assisted suicide,6,7,4,3,5,3,-3,-2,3,2,2.6294000000953672
R_2UWz7ehgkhwhZF9,86,f,1,1,2701.800000190735,Remove Christopher Columbus statues,Abolishing private prisons,6,6,3,4,2,2,2,4,2,4,2.701800000190735
R_2UWz7ehgkhwhZF9,87,f,1,1,2570.399999856949,Mandatory vaccinations,Abolishing private prisons,6,7,3,4,2,2,2,5,2,5,2.570399999856949
R_2UWz7ehgkhwhZF9,88,j,2,0,2135.7999999523163,Tuition increases,Climate change legislation,5,5,3,5,6,3,0,1,0,1,2.135799999952316
R_2UWz7ehgkhwhZF9,89,j,2,0,2478.100000143051,Remove Christopher Columbus statues,Raise the minimum wage,6,6,3,6,8,4,0,2,0,2,2.4781000001430513
R_2UWz7ehgkhwhZF9,90,j,2,0,2726.399999856949,Abortion rights,Abolishing private prisons,6,7,4,4,2,2,-2,-5,2,5,2.726399999856949
R_2UWz7ehgkhwhZF9,91,f,1,1,3008.0999999046326,Mandatory trigger warnings,Climate change legislation,5,5,4,5,6,3,0,-1,0,1,3.0080999999046325
R_2UWz7ehgkhwhZF9,92,j,2,0,2184.2999999523163,War on Drugs,Black Lives Matter,4,3,1,6,8,4,2,5,2,5,2.1842999999523163
R_2UWz7ehgkhwhZF9,93,f,1,1,2633.100000143051,War on Drugs,Mandatory vaccinations,4,3,1,6,7,3,-2,-4,2,4,2.633100000143051
R_2UWz7ehgkhwhZF9,94,j,2,0,6810.600000143051,Expel students with white nationlist views,Remove public Confederate memorials,6,8,4,6,6,4,0,-2,0,2,6.810600000143051
R_2UWz7ehgkhwhZF9,95,j,2,0,1897.8999998569489,Abolishing private prisons,Abortion rights,4,2,2,6,7,4,2,5,2,5,1.8978999998569488
R_2UWz7ehgkhwhZF9,96,j,2,0,3247.0999999046326,Mandatory vaccinations,Climate change legislation,6,7,3,5,6,3,-1,-1,1,1,3.2470999999046324
R_2UWz7ehgkhwhZF9,97,j,2,0,4719.299999952316,Remove public Confederate memorials,Physician-assisted suicide,6,6,4,3,5,3,-3,-1,3,1,4.719299999952316
R_2UWz7ehgkhwhZF9,98,j,2,0,2828,Abortion rights,Black Lives Matter,6,7,4,6,8,4,0,1,0,1,2.828
R_2UWz7ehgkhwhZF9,99,j,2,0,3257.699999809265,Expel students with white nationlist views,Abolishing private prisons,6,8,4,4,2,2,-2,-6,2,6,3.2576999998092653
R_2UWz7ehgkhwhZF9,100,j,2,0,2958.800000190735,Remove Christopher Columbus statues,Recognize Jerusalem as capital of Israel,6,6,3,3,0,1,-3,-6,3,6,2.958800000190735
