Subj,SID,Trial,Resp,Response,ChooseLeft,RT,IssueLeft,IssueRight,PosLeft,PosRight,LeftSupport,LeftMoral,LeftFamiliar,Support_z.x,RightSupport,RightMoral,RightFamiliar,Support_z.y,LeftAdj,RightAdj,ChoiceSupport,ChoiceSupportNaive,ChoiceMoral,ChoiceSupportDist,ChoiceMoralDist,LeftAdjDiff,RightAdjDiff,LeftDiff_raw,LeftMoral_diff,ChooseRight,Choice,RTs
22,R_2Yxsaos59MLqKPE,1,j,2,0,11985.65999999852,Abolishing private prisons,Raise the minimum wage,-1,-1,3,4,2,1.9333873324249353,2,3,2,1.114155411905895,-3,-2,1,-1,-1,1,1,-1,1,1,1,1,Right,11.98565999999852
22,R_2Yxsaos59MLqKPE,2,j,2,0,3941.145000000717,Build southern border wall,Mask mandates,1,1,-1,0,2,-1.3435403496512264,2,4,4,1.114155411905895,-1,2,3,3,4,3,4,-3,3,-3,-4,1,Right,3.9411450000007173
22,R_2Yxsaos59MLqKPE,3,j,2,0,4618.1299999988405,Mask mandates,Raise the minimum wage,1,1,2,4,4,1.114155411905895,2,3,2,1.114155411905895,2,2,0,0,-1,0,1,0,0,0,1,1,Right,4.618129999998841
22,R_2Yxsaos59MLqKPE,4,f,1,1,2953.079999999376,Abortion rights,Ban on research with animals,1,-1,2,4,3,1.114155411905895,1,6,1,0.2949234913868545,2,-1,3,1,-2,3,2,3,-3,1,-2,0,Left,2.953079999999376
22,R_2Yxsaos59MLqKPE,5,j,2,0,4385.320000001229,Abolishing private prisons,Abolishing private prisons,-1,1,3,4,2,1.9333873324249353,3,4,2,1.9333873324249353,-3,3,6,0,0,6,0,-6,6,0,0,1,Right,4.385320000001229
22,R_2Yxsaos59MLqKPE,6,j,2,0,7041.014999998966,Abortion rights,Abolishing private prisons,-1,1,2,4,3,1.114155411905895,3,4,2,1.9333873324249353,-2,3,5,1,0,5,0,-5,5,-1,0,1,Right,7.041014999998966
22,R_2Yxsaos59MLqKPE,7,j,2,0,14197.560000000522,Abolishing private prisons,Bathrooms restricted based on biological sex,-1,1,3,4,2,1.9333873324249353,0,1,1,-0.524308429132186,-3,0,3,-3,-3,3,3,-3,3,3,3,1,Right,14.197560000000522
22,R_2Yxsaos59MLqKPE,8,j,2,0,2505.909999999916,Ban on ethnic Halloween costumes,Abolishing private prisons,1,1,1,1,1,0.2949234913868545,3,4,2,1.9333873324249353,1,3,2,2,3,2,3,-2,2,-2,-3,1,Right,2.505909999999916
22,R_2Yxsaos59MLqKPE,9,f,1,1,7539.130000001052,Abolishing fraternities,Cuts to National Parks budget,-1,1,2,4,1,1.114155411905895,-1,2,1,-1.3435403496512264,-2,-1,-1,3,2,1,2,-1,1,3,2,0,Left,7.539130000001053
22,R_2Yxsaos59MLqKPE,10,j,2,0,2920.739999997779,Abolishing private prisons,Abortion rights,-1,1,3,4,2,1.9333873324249353,2,4,3,1.114155411905895,-3,2,5,-1,0,5,0,-5,5,1,0,1,Right,2.920739999997779
22,R_2Yxsaos59MLqKPE,11,j,2,0,2710.4749999998603,Abortion rights,Stop police brutality,-1,1,2,4,3,1.114155411905895,2,5,2,1.114155411905895,-2,2,4,0,1,4,1,-4,4,0,-1,1,Right,2.7104749999998603
22,R_2Yxsaos59MLqKPE,12,f,1,1,2616.1050000009127,Abolishing fraternities,Bathrooms restricted based on biological sex,1,1,2,4,1,1.114155411905895,0,1,1,-0.524308429132186,2,0,2,2,3,2,3,2,-2,2,3,0,Left,2.6161050000009127
22,R_2Yxsaos59MLqKPE,13,j,2,0,2386.3799999998882,Stop police brutality,Ban on ethnic Halloween costumes,-1,1,2,5,2,1.114155411905895,1,1,1,0.2949234913868545,-2,1,3,-1,-4,3,4,-3,3,1,4,1,Right,2.386379999999888
22,R_2Yxsaos59MLqKPE,14,f,1,1,7272.8399999977555,Mask mandates,Lift COVID lockdowns,-1,1,2,4,4,1.114155411905895,-1,3,2,-1.3435403496512264,-2,-1,-1,3,1,1,1,-1,1,3,1,0,Left,7.272839999997755
22,R_2Yxsaos59MLqKPE,15,j,2,0,4127.9950000025565,Abolishing private prisons,Build southern border wall,-1,-1,3,4,2,1.9333873324249353,-1,0,2,-1.3435403496512264,-3,1,4,-4,-4,4,4,-4,4,4,4,1,Right,4.1279950000025565
22,R_2Yxsaos59MLqKPE,16,j,2,0,3182.085000000312,Abolishing private prisons,Affirmative action,-1,1,3,4,2,1.9333873324249353,1,4,1,0.2949234913868545,-3,1,4,-2,0,4,0,-4,4,2,0,1,Right,3.182085000000312
22,R_2Yxsaos59MLqKPE,17,j,2,0,5531.914999999572,Build southern border wall,Abolishing private prisons,-1,1,-1,0,2,-1.3435403496512264,3,4,2,1.9333873324249353,1,3,2,4,4,2,4,-2,2,-4,-4,1,Right,5.531914999999572
22,R_2Yxsaos59MLqKPE,18,j,2,0,2322.6900000008754,Abolishing private prisons,Raise the minimum wage,-1,1,3,4,2,1.9333873324249353,2,3,2,1.114155411905895,-3,2,5,-1,-1,5,1,-5,5,1,1,1,Right,2.3226900000008754
22,R_2Yxsaos59MLqKPE,19,j,2,0,3718.095000000205,Increased Gun regulations,Abolishing private prisons,-1,1,0,3,3,-0.524308429132186,3,4,2,1.9333873324249353,-0,3,3,3,1,3,1,-3,3,-3,-1,1,Right,3.718095000000205
22,R_2Yxsaos59MLqKPE,20,f,1,1,2045.945000001695,Abortion rights,Increased Gun regulations,1,1,2,4,3,1.114155411905895,0,3,3,-0.524308429132186,2,0,2,2,1,2,1,2,-2,2,1,0,Left,2.045945000001695
22,R_2Yxsaos59MLqKPE,21,f,1,1,3275.2049999980954,Stop police brutality,Expel students with white nationlist views,1,-1,2,5,2,1.114155411905895,-1,3,1,-1.3435403496512264,2,1,1,3,2,1,2,1,-1,3,2,0,Left,3.2752049999980954
22,R_2Yxsaos59MLqKPE,22,f,1,1,9121.100000000326,Physician-assisted suicide,Abolishing private prisons,-1,-1,1,4,2,0.2949234913868545,3,4,2,1.9333873324249353,-1,-3,2,-2,0,2,0,2,-2,-2,0,0,Left,9.121100000000325
22,R_2Yxsaos59MLqKPE,23,f,1,1,11913.964999999735,Stop police brutality,Abortion rights,-1,-1,2,5,2,1.114155411905895,2,4,3,1.114155411905895,-2,-2,0,0,1,0,1,0,0,0,1,0,Left,11.913964999999735
22,R_2Yxsaos59MLqKPE,24,j,2,0,3134.654999998049,Ban on ethnic Halloween costumes,Abolishing fraternities,-1,1,1,1,1,0.2949234913868545,2,4,1,1.114155411905895,-1,2,3,1,3,3,3,-3,3,-1,-3,1,Right,3.134654999998049
22,R_2Yxsaos59MLqKPE,25,j,2,0,2431.904999997583,Abolishing private prisons,Legalization of marijuana,-1,-1,3,4,2,1.9333873324249353,1,3,3,0.2949234913868545,-3,-1,2,-2,-1,2,1,-2,2,2,1,1,Right,2.4319049999975832
22,R_2Yxsaos59MLqKPE,26,f,1,1,2065.370000000228,Ban on research with animals,Abolishing private prisons,1,-1,1,6,1,0.2949234913868545,3,4,2,1.9333873324249353,1,-3,4,-2,2,4,2,4,-4,-2,2,0,Left,2.065370000000228
22,R_2Yxsaos59MLqKPE,27,j,2,0,8900.24500000081,Abolishing private prisons,Increased Gun regulations,-1,1,3,4,2,1.9333873324249353,0,3,3,-0.524308429132186,-3,0,3,-3,-1,3,1,-3,3,3,1,1,Right,8.90024500000081
22,R_2Yxsaos59MLqKPE,28,j,2,0,2424.5799999989104,Abolishing private prisons,Ban on ethnic Halloween costumes,-1,1,3,4,2,1.9333873324249353,1,1,1,0.2949234913868545,-3,1,4,-2,-3,4,3,-4,4,2,3,1,Right,2.4245799999989104
22,R_2Yxsaos59MLqKPE,29,j,2,0,2290.304999998538,Ban on ethnic Halloween costumes,Abolishing private prisons,-1,1,1,1,1,0.2949234913868545,3,4,2,1.9333873324249353,-1,3,4,2,3,4,3,-4,4,-2,-3,1,Right,2.2903049999985376
22,R_2Yxsaos59MLqKPE,30,j,2,0,3250.7650000007125,Abolishing fraternities,Ban on ethnic Halloween costumes,-1,-1,2,4,1,1.114155411905895,1,1,1,0.2949234913868545,-2,-1,1,-1,-3,1,3,-1,1,1,3,1,Right,3.2507650000007127
22,R_2Yxsaos59MLqKPE,31,f,1,1,4965.384999999427,Mask mandates,Black Lives Matter,-1,-1,2,4,4,1.114155411905895,1,4,2,0.2949234913868545,-2,-1,-1,1,0,1,0,-1,1,1,0,0,Left,4.9653849999994275
22,R_2Yxsaos59MLqKPE,32,f,1,1,2017.8299999970477,Stop police brutality,Ban on research with animals,1,-1,2,5,2,1.114155411905895,1,6,1,0.2949234913868545,2,-1,3,1,-1,3,1,3,-3,1,-1,0,Left,2.0178299999970477
22,R_2Yxsaos59MLqKPE,33,j,2,0,1596.5250000008382,Stop police brutality,Stop police brutality,-1,1,2,5,2,1.114155411905895,2,5,2,1.114155411905895,-2,2,4,0,0,4,0,-4,4,0,0,1,Right,1.5965250000008382
22,R_2Yxsaos59MLqKPE,34,j,2,0,6293.144999999669,Build southern border wall,Mask mandates,1,-1,-1,0,2,-1.3435403496512264,2,4,4,1.114155411905895,-1,-2,-1,3,4,1,4,1,-1,-3,-4,1,Right,6.29314499999967
22,R_2Yxsaos59MLqKPE,35,j,2,0,1799.8049999986542,Build southern border wall,Stop police brutality,1,1,-1,0,2,-1.3435403496512264,2,5,2,1.114155411905895,-1,2,3,3,5,3,5,-3,3,-3,-5,1,Right,1.7998049999986543
22,R_2Yxsaos59MLqKPE,36,j,2,0,2874.5650000018068,Remove Christopher Columbus statues,Abolishing private prisons,1,1,-1,2,1,-1.3435403496512264,3,4,2,1.9333873324249353,-1,3,4,4,2,4,2,-4,4,-4,-2,1,Right,2.8745650000018066
22,R_2Yxsaos59MLqKPE,37,j,2,0,2070.0700000015786,Physician-assisted suicide,Stop police brutality,-1,1,1,4,2,0.2949234913868545,2,5,2,1.114155411905895,-1,2,3,1,1,3,1,-3,3,-1,-1,1,Right,2.0700700000015786
22,R_2Yxsaos59MLqKPE,38,j,2,0,2020.7399999998743,Raise the minimum wage,Abolishing private prisons,-1,1,2,3,2,1.114155411905895,3,4,2,1.9333873324249353,-2,3,5,1,1,5,1,-5,5,-1,-1,1,Right,2.0207399999998743
22,R_2Yxsaos59MLqKPE,39,j,2,0,2904.230000000214,Detention of migrant children,Abolishing private prisons,-1,1,-1,4,1,-1.3435403496512264,3,4,2,1.9333873324249353,1,3,2,4,0,2,0,-2,2,-4,0,1,Right,2.904230000000214
22,R_2Yxsaos59MLqKPE,40,f,1,1,6045.704999996815,Build southern border wall,Abolishing private prisons,1,-1,-1,0,2,-1.3435403496512264,3,4,2,1.9333873324249353,-1,-3,2,-4,-4,2,4,2,-2,-4,-4,0,Left,6.045704999996815
22,R_2Yxsaos59MLqKPE,41,j,2,0,2960.975000001723,Build southern border wall,Stop police brutality,-1,1,-1,0,2,-1.3435403496512264,2,5,2,1.114155411905895,1,2,1,3,5,1,5,-1,1,-3,-5,1,Right,2.960975000001723
22,R_2Yxsaos59MLqKPE,42,f,1,1,3384.7399999976624,Raise the minimum wage,Stop police brutality,-1,-1,2,3,2,1.114155411905895,2,5,2,1.114155411905895,-2,-2,0,0,-2,0,2,0,0,0,-2,0,Left,3.384739999997662
22,R_2Yxsaos59MLqKPE,43,f,1,1,2565.934999998659,Abortion rights,Build southern border wall,1,-1,2,4,3,1.114155411905895,-1,0,2,-1.3435403496512264,2,1,1,3,4,1,4,1,-1,3,4,0,Left,2.565934999998659
22,R_2Yxsaos59MLqKPE,44,f,1,1,12234.984999999171,Abolishing private prisons,Ban on research with animals,1,1,3,4,2,1.9333873324249353,1,6,1,0.2949234913868545,3,1,2,2,-2,2,2,2,-2,2,-2,0,Left,12.23498499999917
22,R_2Yxsaos59MLqKPE,45,f,1,1,7688.109999999171,Ban on research with animals,Abolishing private prisons,-1,-1,1,6,1,0.2949234913868545,3,4,2,1.9333873324249353,-1,-3,2,-2,2,2,2,2,-2,-2,2,0,Left,7.688109999999171
22,R_2Yxsaos59MLqKPE,46,j,2,0,4432.015000002226,Mask mandates,Cuts to National Parks budget,1,1,2,4,4,1.114155411905895,-1,2,1,-1.3435403496512264,2,-1,-3,-3,-2,3,2,3,-3,3,2,1,Right,4.432015000002226
22,R_2Yxsaos59MLqKPE,47,f,1,1,4223.659999999683,Cuts to National Parks budget,Abolishing private prisons,1,-1,-1,2,1,-1.3435403496512264,3,4,2,1.9333873324249353,-1,-3,2,-4,-2,2,2,2,-2,-4,-2,0,Left,4.2236599999996836
22,R_2Yxsaos59MLqKPE,48,f,1,1,2314.1599999980535,Abolishing fraternities,Ban on ethnic Halloween costumes,1,1,2,4,1,1.114155411905895,1,1,1,0.2949234913868545,2,1,1,1,3,1,3,1,-1,1,3,0,Left,2.3141599999980533
22,R_2Yxsaos59MLqKPE,49,j,2,0,1369.7299999985844,Cuts to National Parks budget,Abortion rights,-1,1,-1,2,1,-1.3435403496512264,2,4,3,1.114155411905895,1,2,1,3,2,1,2,-1,1,-3,-2,1,Right,1.3697299999985844
22,R_2Yxsaos59MLqKPE,50,f,1,1,2402.409999998752,Abolishing private prisons,Bathrooms restricted based on biological sex,1,1,3,4,2,1.9333873324249353,0,1,1,-0.524308429132186,3,0,3,3,3,3,3,3,-3,3,3,0,Left,2.402409999998752
22,R_2Yxsaos59MLqKPE,51,j,2,0,2827.744999998715,Abortion rights,Cuts to National Parks budget,-1,-1,2,4,3,1.114155411905895,-1,2,1,-1.3435403496512264,-2,1,3,-3,-2,3,2,-3,3,3,2,1,Right,2.827744999998715
22,R_2Yxsaos59MLqKPE,52,f,1,1,2328.1499999975786,Mask mandates,Lift COVID lockdowns,1,-1,2,4,4,1.114155411905895,-1,3,2,-1.3435403496512264,2,1,1,3,1,1,1,1,-1,3,1,0,Left,2.3281499999975788
22,R_2Yxsaos59MLqKPE,53,j,2,0,2187.874999999767,Abolishing private prisons,Ban on ethnic Halloween costumes,-1,-1,3,4,2,1.9333873324249353,1,1,1,0.2949234913868545,-3,-1,2,-2,-3,2,3,-2,2,2,3,1,Right,2.1878749999997673
22,R_2Yxsaos59MLqKPE,54,j,2,0,2110.9800000013784,Stop police brutality,Abolishing private prisons,-1,1,2,5,2,1.114155411905895,3,4,2,1.9333873324249353,-2,3,5,1,-1,5,1,-5,5,-1,1,1,Right,2.1109800000013785
22,R_2Yxsaos59MLqKPE,55,f,1,1,3710.890000001993,Expel students with white nationlist views,Stop police brutality,-1,-1,-1,3,1,-1.3435403496512264,2,5,2,1.114155411905895,1,-2,3,-3,-2,3,2,3,-3,-3,-2,0,Left,3.710890000001993
22,R_2Yxsaos59MLqKPE,56,f,1,1,2047.0999999998603,Raise the minimum wage,Mask mandates,1,-1,2,3,2,1.114155411905895,2,4,4,1.114155411905895,2,-2,4,0,-1,4,1,4,-4,0,-1,0,Left,2.0470999999998605
22,R_2Yxsaos59MLqKPE,57,j,2,0,1724.8849999995437,Raise the minimum wage,Stop police brutality,1,1,2,3,2,1.114155411905895,2,5,2,1.114155411905895,2,2,0,0,2,0,2,0,0,0,-2,1,Right,1.7248849999995437
22,R_2Yxsaos59MLqKPE,58,f,1,1,3686.480000000214,Abolishing fraternities,Abolishing private prisons,-1,-1,2,4,1,1.114155411905895,3,4,2,1.9333873324249353,-2,-3,1,-1,0,1,0,1,-1,-1,0,0,Left,3.686480000000214
22,R_2Yxsaos59MLqKPE,59,j,2,0,1627.4750000012573,Increased Gun regulations,Stop police brutality,1,1,0,3,3,-0.524308429132186,2,5,2,1.114155411905895,0,2,2,2,2,2,2,-2,2,-2,-2,1,Right,1.6274750000012572
22,R_2Yxsaos59MLqKPE,60,f,1,1,3960.3249999999534,Mask mandates,Mandatory vaccinations,-1,-1,2,4,4,1.114155411905895,-1,4,2,-1.3435403496512264,-2,1,-3,3,0,3,0,-3,3,3,0,0,Left,3.9603249999999535
22,R_2Yxsaos59MLqKPE,61,f,1,1,3645.6599999982864,Ban on research with animals,Mask mandates,1,1,1,6,1,0.2949234913868545,2,4,4,1.114155411905895,1,2,-1,-1,2,1,2,-1,1,-1,2,0,Left,3.645659999998286
22,R_2Yxsaos59MLqKPE,62,f,1,1,1129.9450000005309,Abortion rights,Stop police brutality,1,-1,2,4,3,1.114155411905895,2,5,2,1.114155411905895,2,-2,4,0,-1,4,1,4,-4,0,-1,0,Left,1.1299450000005309
22,R_2Yxsaos59MLqKPE,63,f,1,1,5089.915000000503,Abolishing private prisons,Stop police brutality,1,1,3,4,2,1.9333873324249353,2,5,2,1.114155411905895,3,2,1,1,-1,1,1,1,-1,1,-1,0,Left,5.089915000000503
22,R_2Yxsaos59MLqKPE,64,j,2,0,3552.379999997327,Bathrooms restricted based on biological sex,Mask mandates,-1,-1,0,1,1,-0.524308429132186,2,4,4,1.114155411905895,-0,-2,-2,2,3,2,3,2,-2,-2,-3,1,Right,3.552379999997327
22,R_2Yxsaos59MLqKPE,65,f,1,1,1663.1649999981746,Stop police brutality,Bathrooms restricted based on biological sex,1,1,2,5,2,1.114155411905895,0,1,1,-0.524308429132186,2,0,2,2,4,2,4,2,-2,2,4,0,Left,1.6631649999981746
22,R_2Yxsaos59MLqKPE,66,j,2,0,1900.779999999795,War on Drugs,Stop police brutality,-1,1,1,3,2,0.2949234913868545,2,5,2,1.114155411905895,-1,2,3,1,2,3,2,-3,3,-1,-2,1,Right,1.9007799999997952
22,R_2Yxsaos59MLqKPE,67,j,2,0,3617.1199999991804,Stop police brutality,Ban on research with animals,1,1,2,5,2,1.114155411905895,1,6,1,0.2949234913868545,2,1,-1,-1,1,1,1,1,-1,1,-1,1,Right,3.6171199999991805
22,R_2Yxsaos59MLqKPE,68,j,2,0,2269.799999998184,"Boycott, Divest, and Sanction Israel",Stop police brutality,1,1,1,4,1,0.2949234913868545,2,5,2,1.114155411905895,1,2,1,1,1,1,1,-1,1,-1,-1,1,Right,2.2697999999981837
22,R_2Yxsaos59MLqKPE,69,j,2,0,3898.399999998277,Ban on research with animals,Abolishing fraternities,-1,-1,1,6,1,0.2949234913868545,2,4,1,1.114155411905895,-1,-2,-1,1,-2,1,2,1,-1,-1,2,1,Right,3.898399999998277
22,R_2Yxsaos59MLqKPE,70,f,1,1,2794.7799999965355,Abolishing private prisons,Legalization of marijuana,1,-1,3,4,2,1.9333873324249353,1,3,3,0.2949234913868545,3,-1,4,2,1,4,1,4,-4,2,1,0,Left,2.7947799999965355
22,R_2Yxsaos59MLqKPE,71,j,2,0,1522.1950000012293,Lift COVID lockdowns,Abortion rights,1,1,-1,3,2,-1.3435403496512264,2,4,3,1.114155411905895,-1,2,3,3,1,3,1,-3,3,-3,-1,1,Right,1.5221950000012294
22,R_2Yxsaos59MLqKPE,72,j,2,0,2031.6700000003912,Abortion rights,Raise the minimum wage,-1,-1,2,4,3,1.114155411905895,2,3,2,1.114155411905895,-2,-2,0,0,-1,0,1,0,0,0,1,1,Right,2.0316700000003913
22,R_2Yxsaos59MLqKPE,73,f,1,1,1783.029999998631,Abolishing private prisons,Mask mandates,1,1,3,4,2,1.9333873324249353,2,4,4,1.114155411905895,3,2,1,1,0,1,0,1,-1,1,0,0,Left,1.783029999998631
22,R_2Yxsaos59MLqKPE,74,j,2,0,3087.260000000242,Abortion rights,Ban on research with animals,-1,1,2,4,3,1.114155411905895,1,6,1,0.2949234913868545,-2,1,3,-1,2,3,2,-3,3,1,-2,1,Right,3.087260000000242
22,R_2Yxsaos59MLqKPE,75,f,1,1,5466.89499999769,Abolishing fraternities,Increased Gun regulations,-1,1,2,4,1,1.114155411905895,0,3,3,-0.524308429132186,-2,0,-2,2,1,2,1,-2,2,2,1,0,Left,5.46689499999769
22,R_2Yxsaos59MLqKPE,76,j,2,0,4569.425000001444,Mandatory vaccinations,Mask mandates,-1,1,-1,4,2,-1.3435403496512264,2,4,4,1.114155411905895,1,2,1,3,0,1,0,-1,1,-3,0,1,Right,4.569425000001443
22,R_2Yxsaos59MLqKPE,77,j,2,0,2369.634999999078,Raise the minimum wage,Mask mandates,-1,1,2,3,2,1.114155411905895,2,4,4,1.114155411905895,-2,2,4,0,1,4,1,-4,4,0,-1,1,Right,2.369634999999078
22,R_2Yxsaos59MLqKPE,78,f,1,1,3191.275000001071,Gun-free campus police,Abolishing fraternities,1,-1,1,3,1,0.2949234913868545,2,4,1,1.114155411905895,1,-2,3,-1,-1,3,1,3,-3,-1,-1,0,Left,3.1912750000010712
22,R_2Yxsaos59MLqKPE,79,j,2,0,3603.5699999993667,Abolishing private prisons,Stop police brutality,-1,-1,3,4,2,1.9333873324249353,2,5,2,1.114155411905895,-3,-2,1,-1,1,1,1,-1,1,1,-1,1,Right,3.6035699999993667
22,R_2Yxsaos59MLqKPE,80,j,2,0,2250.985000002198,Ban on research with animals,Abolishing private prisons,-1,1,1,6,1,0.2949234913868545,3,4,2,1.9333873324249353,-1,3,4,2,-2,4,2,-4,4,-2,2,1,Right,2.250985000002198
22,R_2Yxsaos59MLqKPE,81,f,1,1,2985.8399999975227,Ban on ethnic Halloween costumes,Mask mandates,1,-1,1,1,1,0.2949234913868545,2,4,4,1.114155411905895,1,-2,3,-1,-3,3,3,3,-3,-1,-3,0,Left,2.9858399999975225
22,R_2Yxsaos59MLqKPE,82,f,1,1,1608.7850000003818,Stop police brutality,Abolishing private prisons,1,-1,2,5,2,1.114155411905895,3,4,2,1.9333873324249353,2,-3,5,-1,1,5,1,5,-5,-1,1,0,Left,1.6087850000003818
22,R_2Yxsaos59MLqKPE,83,j,2,0,3808.3600000026636,Abolishing fraternities,Stop police brutality,1,1,2,4,1,1.114155411905895,2,5,2,1.114155411905895,2,2,0,0,1,0,1,0,0,0,-1,1,Right,3.8083600000026636
22,R_2Yxsaos59MLqKPE,84,j,2,0,2710.4949999994133,Abolishing fraternities,Build southern border wall,-1,-1,2,4,1,1.114155411905895,-1,0,2,-1.3435403496512264,-2,1,3,-3,-4,3,4,-3,3,3,4,1,Right,2.7104949999994132
22,R_2Yxsaos59MLqKPE,85,f,1,1,1676.3199999986682,Abolishing private prisons,Cuts to National Parks budget,1,-1,3,4,2,1.9333873324249353,-1,2,1,-1.3435403496512264,3,1,2,4,2,2,2,2,-2,4,2,0,Left,1.6763199999986682
22,R_2Yxsaos59MLqKPE,86,j,2,0,1664.0050000024494,Expel students with white nationlist views,Abolishing private prisons,-1,1,-1,3,1,-1.3435403496512264,3,4,2,1.9333873324249353,1,3,2,4,1,2,1,-2,2,-4,-1,1,Right,1.6640050000024493
22,R_2Yxsaos59MLqKPE,87,f,1,1,2667.385000000708,Mask mandates,Abolishing fraternities,1,-1,2,4,4,1.114155411905895,2,4,1,1.114155411905895,2,-2,4,0,0,4,0,4,-4,0,0,0,Left,2.6673850000007078
22,R_2Yxsaos59MLqKPE,88,f,1,1,2524.570000001462,Abolishing fraternities,Mandatory vaccinations,1,1,2,4,1,1.114155411905895,-1,4,2,-1.3435403496512264,2,-1,3,3,0,3,0,3,-3,3,0,0,Left,2.524570000001462
22,R_2Yxsaos59MLqKPE,89,f,1,1,1639.9899999997579,Stop police brutality,Ban on ethnic Halloween costumes,1,1,2,5,2,1.114155411905895,1,1,1,0.2949234913868545,2,1,1,1,4,1,4,1,-1,1,4,0,Left,1.6399899999997578
22,R_2Yxsaos59MLqKPE,90,f,1,1,1598.8400000021793,Stop police brutality,Remove Christopher Columbus statues,1,-1,2,5,2,1.114155411905895,-1,2,1,-1.3435403496512264,2,1,1,3,3,1,3,1,-1,3,3,0,Left,1.5988400000021792
22,R_2Yxsaos59MLqKPE,91,j,2,0,1377.7200000004377,Remove public Confederate memorials,Abolishing private prisons,-1,1,1,4,1,0.2949234913868545,3,4,2,1.9333873324249353,-1,3,4,2,0,4,0,-4,4,-2,0,1,Right,1.3777200000004377
22,R_2Yxsaos59MLqKPE,92,j,2,0,2035.8549999983516,Stop police brutality,Raise the minimum wage,-1,1,2,5,2,1.114155411905895,2,3,2,1.114155411905895,-2,2,4,0,-2,4,2,-4,4,0,2,1,Right,2.0358549999983517
22,R_2Yxsaos59MLqKPE,93,j,2,0,1546.994999997085,Remove Christopher Columbus statues,Stop police brutality,1,1,-1,2,1,-1.3435403496512264,2,5,2,1.114155411905895,-1,2,3,3,3,3,3,-3,3,-3,-3,1,Right,1.546994999997085
22,R_2Yxsaos59MLqKPE,94,f,1,1,2087.769999998389,Gun-free campus police,Abolishing private prisons,1,-1,1,3,1,0.2949234913868545,3,4,2,1.9333873324249353,1,-3,4,-2,-1,4,1,4,-4,-2,-1,0,Left,2.0877699999983887
22,R_2Yxsaos59MLqKPE,95,f,1,1,1414.4100000010803,Stop police brutality,Raise the minimum wage,1,-1,2,5,2,1.114155411905895,2,3,2,1.114155411905895,2,-2,4,0,2,4,2,4,-4,0,2,0,Left,1.4144100000010804
22,R_2Yxsaos59MLqKPE,96,j,2,0,3925.139999999432,Stop police brutality,Gun-free campus police,-1,-1,2,5,2,1.114155411905895,1,3,1,0.2949234913868545,-2,-1,1,-1,-2,1,2,-1,1,1,2,1,Right,3.925139999999432
22,R_2Yxsaos59MLqKPE,97,j,2,0,2334.7700000014156,Abolishing private prisons,Remove Christopher Columbus statues,-1,-1,3,4,2,1.9333873324249353,-1,2,1,-1.3435403496512264,-3,1,4,-4,-2,4,2,-4,4,4,2,1,Right,2.3347700000014155
22,R_2Yxsaos59MLqKPE,98,f,1,1,1948.950000001816,Abolishing private prisons,Build southern border wall,1,1,3,4,2,1.9333873324249353,-1,0,2,-1.3435403496512264,3,-1,4,4,4,4,4,4,-4,4,4,0,Left,1.948950000001816
22,R_2Yxsaos59MLqKPE,99,f,1,1,1741.6900000025053,Stop police brutality,Ban on ethnic Halloween costumes,1,-1,2,5,2,1.114155411905895,1,1,1,0.2949234913868545,2,-1,3,1,4,3,4,3,-3,1,4,0,Left,1.7416900000025053
22,R_2Yxsaos59MLqKPE,100,j,2,0,1752.905000001192,Raise the minimum wage,Abolishing private prisons,1,1,2,3,2,1.114155411905895,3,4,2,1.9333873324249353,2,3,1,1,1,1,1,-1,1,-1,-1,1,Right,1.752905000001192
15,R_2tbPVD1DV0HLe3w,1,j,2,0,1432.1999999284744,Mandatory vaccinations,Ban on research with animals,1,-1,2,7,2,0.16666666666666682,3,5,3,1.023809523809524,2,-3,-5,1,-2,5,2,5,-5,-1,2,1,Right,1.4321999999284745
15,R_2tbPVD1DV0HLe3w,2,j,2,0,3582.5,"Boycott, Divest, and Sanction Israel",Abolishing private prisons,1,1,3,5,3,1.023809523809524,3,6,3,1.023809523809524,3,3,0,0,1,0,1,0,0,0,-1,1,Right,3.5825
15,R_2tbPVD1DV0HLe3w,3,j,2,0,20010.5,Mandatory drug tests for welfare recipients,Ban on research with animals,-1,1,2,6,2,0.16666666666666682,3,5,3,1.023809523809524,-2,3,5,1,-1,5,1,-5,5,-1,1,1,Right,20.0105
15,R_2tbPVD1DV0HLe3w,4,j,2,0,6690.900000095367,Mask mandates,Raise the minimum wage,1,-1,3,7,3,1.023809523809524,2,4,4,0.16666666666666682,3,-2,-5,-1,-3,5,3,5,-5,1,3,1,Right,6.690900000095367
15,R_2tbPVD1DV0HLe3w,5,j,2,0,2268.2000000476837,Raise the minimum wage,Mask mandates,1,1,2,4,4,0.16666666666666682,3,7,3,1.023809523809524,2,3,1,1,3,1,3,-1,1,-1,-3,1,Right,2.268200000047684
15,R_2tbPVD1DV0HLe3w,6,j,2,0,4118.699999928474,Student worker unionization,Religious exemptions for discrimination laws,1,1,2,5,4,0.16666666666666682,3,5,3,1.023809523809524,2,3,1,1,0,1,0,-1,1,-1,0,1,Right,4.118699999928475
15,R_2tbPVD1DV0HLe3w,7,j,2,0,3752.5,Affirmative action,U.S. drone strikes in Afghanistan,-1,1,3,7,3,1.023809523809524,2,6,2,0.16666666666666682,-3,2,5,-1,-1,5,1,-5,5,1,1,1,Right,3.7525
15,R_2tbPVD1DV0HLe3w,8,j,2,0,2182.7000000476837,Mask mandates,Abolishing fraternities,1,-1,3,7,3,1.023809523809524,-1,5,3,-2.4047619047619047,3,1,-2,-4,-2,2,2,2,-2,4,2,1,Right,2.1827000000476837
15,R_2tbPVD1DV0HLe3w,9,j,2,0,8248.600000023842,Hardening schools/Arming teachers,Increased Gun regulations,-1,1,3,6,3,1.023809523809524,1,5,3,-0.6904761904761902,-3,1,4,-2,-1,4,1,-4,4,2,1,1,Right,8.248600000023842
15,R_2tbPVD1DV0HLe3w,10,j,2,0,3029.3000000715256,Tuition increases,Hardening schools/Arming teachers,-1,1,0,6,3,-1.5476190476190474,3,6,3,1.023809523809524,-0,3,3,3,0,3,0,-3,3,-3,0,1,Right,3.0293000000715256
15,R_2tbPVD1DV0HLe3w,11,j,2,0,2267.2999999523163,Climate change legislation,Cuts to National Parks budget,1,1,3,6,3,1.023809523809524,2,7,2,0.16666666666666682,3,2,-1,-1,1,1,1,1,-1,1,-1,1,Right,2.2672999999523165
15,R_2tbPVD1DV0HLe3w,12,f,1,1,10956.899999976158,Abortion rights,Defund the police,1,1,3,5,3,1.023809523809524,2,7,2,0.16666666666666682,3,2,1,1,-2,1,2,1,-1,1,-2,0,Left,10.956899999976159
15,R_2tbPVD1DV0HLe3w,13,j,2,0,599.0999999046326,Hardening schools/Arming teachers,Raise the minimum wage,-1,-1,3,6,3,1.023809523809524,2,4,4,0.16666666666666682,-3,-2,1,-1,-2,1,2,-1,1,1,2,1,Right,0.5990999999046326
15,R_2tbPVD1DV0HLe3w,14,f,1,1,1030.1000000238419,On campus concealed carry,"Boycott, Divest, and Sanction Israel",-1,1,0,5,3,-1.5476190476190474,3,5,3,1.023809523809524,-0,3,-3,-3,0,3,0,-3,3,-3,0,0,Left,1.0301000000238418
15,R_2tbPVD1DV0HLe3w,15,j,2,0,2643.100000023842,Mask mandates,Student worker unionization,-1,-1,3,7,3,1.023809523809524,2,5,4,0.16666666666666682,-3,-2,1,-1,-2,1,2,-1,1,1,2,1,Right,2.643100000023842
15,R_2tbPVD1DV0HLe3w,16,j,2,0,4187.600000023842,Affirmative action,University Campus should be a Sanctuary,1,-1,3,7,3,1.023809523809524,1,7,3,-0.6904761904761902,3,-1,-4,-2,0,4,0,4,-4,2,0,1,Right,4.187600000023842
15,R_2tbPVD1DV0HLe3w,17,f,1,1,2564.600000023842,Affirmative action,Remove public Confederate memorials,1,-1,3,7,3,1.023809523809524,2,6,2,0.16666666666666682,3,-2,5,1,1,5,1,5,-5,1,1,0,Left,2.564600000023842
15,R_2tbPVD1DV0HLe3w,18,f,1,1,1273,Hardening schools/Arming teachers,Tuition increases,-1,-1,3,6,3,1.023809523809524,0,6,3,-1.5476190476190474,-3,-0,-3,3,0,3,0,-3,3,3,0,0,Left,1.273
15,R_2tbPVD1DV0HLe3w,19,j,2,0,854.1999999284744,Defund Planned Parenthood,Climate change legislation,-1,1,3,6,3,1.023809523809524,3,6,3,1.023809523809524,-3,3,6,0,0,6,0,-6,6,0,0,1,Right,0.8541999999284744
15,R_2tbPVD1DV0HLe3w,20,j,2,0,1637.0999999046326,Build southern border wall,Climate change legislation,1,1,0,5,3,-1.5476190476190474,3,6,3,1.023809523809524,0,3,3,3,1,3,1,-3,3,-3,-1,1,Right,1.6370999999046325
15,R_2tbPVD1DV0HLe3w,21,f,1,1,2863.7999999523163,Safe injection locations,War on Drugs,1,1,3,6,3,1.023809523809524,1,6,2,-0.6904761904761902,3,1,2,2,0,2,0,2,-2,2,0,0,Left,2.8637999999523163
15,R_2tbPVD1DV0HLe3w,22,j,2,0,1025.2000000476837,Affirmative action,Mandatory trigger warnings,1,1,3,7,3,1.023809523809524,2,5,2,0.16666666666666682,3,2,-1,-1,-2,1,2,1,-1,1,2,1,Right,1.0252000000476837
15,R_2tbPVD1DV0HLe3w,23,f,1,1,1556.3000000715256,Abortion rights,Physician-assisted suicide,-1,1,3,5,3,1.023809523809524,1,6,2,-0.6904761904761902,-3,1,-4,2,-1,4,1,-4,4,2,-1,0,Left,1.5563000000715255
15,R_2tbPVD1DV0HLe3w,24,j,2,0,1937.3999999761581,Abortion rights,Physician-assisted suicide,-1,-1,3,5,3,1.023809523809524,1,6,2,-0.6904761904761902,-3,-1,2,-2,1,2,1,-2,2,2,-1,1,Right,1.9373999999761582
15,R_2tbPVD1DV0HLe3w,25,j,2,0,1873.8999999761581,Safe injection locations,Raise the minimum wage,1,1,3,6,3,1.023809523809524,2,4,4,0.16666666666666682,3,2,-1,-1,-2,1,2,1,-1,1,2,1,Right,1.873899999976158
15,R_2tbPVD1DV0HLe3w,26,f,1,1,1328.8999999761581,Climate change legislation,Affirmative action,1,1,3,6,3,1.023809523809524,3,7,3,1.023809523809524,3,3,0,0,-1,0,1,0,0,0,-1,0,Left,1.3288999999761582
15,R_2tbPVD1DV0HLe3w,27,f,1,1,2462.7000000476837,Climate change legislation,Mandatory training on sexual consent,-1,1,3,6,3,1.023809523809524,1,7,3,-0.6904761904761902,-3,1,-4,2,-1,4,1,-4,4,2,-1,0,Left,2.4627000000476835
15,R_2tbPVD1DV0HLe3w,28,j,2,0,1672.8000000715256,Student worker unionization,Religious exemptions for discrimination laws,1,-1,2,5,4,0.16666666666666682,3,5,3,1.023809523809524,2,-3,-5,1,0,5,0,5,-5,-1,0,1,Right,1.6728000000715255
15,R_2tbPVD1DV0HLe3w,29,j,2,0,2383.2000000476837,Raise the minimum wage,"Boycott, Divest, and Sanction Israel",-1,-1,2,4,4,0.16666666666666682,3,5,3,1.023809523809524,-2,-3,-1,1,1,1,1,1,-1,-1,-1,1,Right,2.3832000000476836
15,R_2tbPVD1DV0HLe3w,30,f,1,1,1901.1000000238419,Physician-assisted suicide,Ban on research with animals,1,1,1,6,2,-0.6904761904761902,3,5,3,1.023809523809524,1,3,-2,-2,1,2,1,-2,2,-2,1,0,Left,1.9011000000238418
15,R_2tbPVD1DV0HLe3w,31,f,1,1,2156.8000000715256,Physician-assisted suicide,Abolishing private prisons,1,-1,1,6,2,-0.6904761904761902,3,6,3,1.023809523809524,1,-3,4,-2,0,4,0,4,-4,-2,0,0,Left,2.1568000000715255
15,R_2tbPVD1DV0HLe3w,32,j,2,0,4317.800000071526,Abortion rights,Mandatory training on sexual consent,1,1,3,5,3,1.023809523809524,1,7,3,-0.6904761904761902,3,1,-2,-2,2,2,2,2,-2,2,-2,1,Right,4.317800000071526
15,R_2tbPVD1DV0HLe3w,33,f,1,1,3523.3000000715256,Detention of migrant children,Expel students with white nationlist views,-1,-1,2,6,2,0.16666666666666682,3,6,3,1.023809523809524,-2,-3,1,-1,0,1,0,1,-1,-1,0,0,Left,3.5233000000715258
15,R_2tbPVD1DV0HLe3w,34,j,2,0,1445.2000000476837,Legalization of marijuana,Affirmative action,1,1,-1,5,3,-2.4047619047619047,3,7,3,1.023809523809524,-1,3,4,4,2,4,2,-4,4,-4,-2,1,Right,1.4452000000476837
15,R_2tbPVD1DV0HLe3w,35,f,1,1,2106.4000000953674,Mask mandates,Abortion rights,1,-1,3,7,3,1.023809523809524,3,5,3,1.023809523809524,3,-3,6,0,2,6,2,6,-6,0,2,0,Left,2.1064000000953675
15,R_2tbPVD1DV0HLe3w,36,f,1,1,2224.7000000476837,Student worker unionization,Expel students with white nationlist views,-1,1,2,5,4,0.16666666666666682,3,6,3,1.023809523809524,-2,3,-5,-1,-1,5,1,-5,5,-1,-1,0,Left,2.2247000000476835
15,R_2tbPVD1DV0HLe3w,37,j,2,0,2980.399999976158,Mask mandates,On campus concealed carry,1,-1,3,7,3,1.023809523809524,0,5,3,-1.5476190476190474,3,-0,-3,-3,-2,3,2,3,-3,3,2,1,Right,2.980399999976158
15,R_2tbPVD1DV0HLe3w,38,j,2,0,1433.2000000476837,Gun-free campus police,Abortion rights,-1,-1,1,7,2,-0.6904761904761902,3,5,3,1.023809523809524,-1,-3,-2,2,-2,2,2,2,-2,-2,2,1,Right,1.4332000000476837
15,R_2tbPVD1DV0HLe3w,39,f,1,1,1651.8000000715256,Remove public Confederate memorials,Expel students with white nationlist views,1,-1,2,6,2,0.16666666666666682,3,6,3,1.023809523809524,2,-3,5,-1,0,5,0,5,-5,-1,0,0,Left,1.6518000000715256
15,R_2tbPVD1DV0HLe3w,40,j,2,0,2083.5,Student worker unionization,Affirmative action,-1,1,2,5,4,0.16666666666666682,3,7,3,1.023809523809524,-2,3,5,1,2,5,2,-5,5,-1,-2,1,Right,2.0835
15,R_2tbPVD1DV0HLe3w,41,f,1,1,1614.2999999523163,Detention of migrant children,Safe injection locations,1,1,2,6,2,0.16666666666666682,3,6,3,1.023809523809524,2,3,-1,-1,0,1,0,-1,1,-1,0,0,Left,1.6142999999523162
15,R_2tbPVD1DV0HLe3w,42,f,1,1,2154.9000000953674,Expel students with white nationlist views,Ban on research with animals,1,-1,3,6,3,1.023809523809524,3,5,3,1.023809523809524,3,-3,6,0,1,6,1,6,-6,0,1,0,Left,2.1549000000953673
15,R_2tbPVD1DV0HLe3w,43,j,2,0,2398.2999999523163,Remove Christopher Columbus statues,Defund Planned Parenthood,-1,-1,1,5,2,-0.6904761904761902,3,6,3,1.023809523809524,-1,-3,-2,2,1,2,1,2,-2,-2,-1,1,Right,2.3982999999523162
15,R_2tbPVD1DV0HLe3w,44,f,1,1,1902.3999999761581,Affirmative action,Mandatory drug tests for welfare recipients,1,1,3,7,3,1.023809523809524,2,6,2,0.16666666666666682,3,2,1,1,1,1,1,1,-1,1,1,0,Left,1.902399999976158
15,R_2tbPVD1DV0HLe3w,45,j,2,0,1112.3000000715256,Gun-free campus police,"Boycott, Divest, and Sanction Israel",-1,1,1,7,2,-0.6904761904761902,3,5,3,1.023809523809524,-1,3,4,2,-2,4,2,-4,4,-2,2,1,Right,1.1123000000715255
15,R_2tbPVD1DV0HLe3w,46,f,1,1,1867.5,"Boycott, Divest, and Sanction Israel","Boycott, Divest, and Sanction Israel",1,-1,3,5,3,1.023809523809524,3,5,3,1.023809523809524,3,-3,6,0,0,6,0,6,-6,0,0,0,Left,1.8675
15,R_2tbPVD1DV0HLe3w,47,f,1,1,2032,Affirmative action,War on Drugs,1,-1,3,7,3,1.023809523809524,1,6,2,-0.6904761904761902,3,-1,4,2,1,4,1,4,-4,2,1,0,Left,2.032
15,R_2tbPVD1DV0HLe3w,48,f,1,1,2354.7000000476837,Ban on research with animals,Affirmative action,-1,-1,3,5,3,1.023809523809524,3,7,3,1.023809523809524,-3,-3,0,0,-2,0,2,0,0,0,-2,0,Left,2.354700000047684
15,R_2tbPVD1DV0HLe3w,49,f,1,1,2112.5,Mandatory trigger warnings,Abortion rights,-1,1,2,5,2,0.16666666666666682,3,5,3,1.023809523809524,-2,3,-5,-1,0,5,0,-5,5,-1,0,0,Left,2.1125
15,R_2tbPVD1DV0HLe3w,50,j,2,0,2046.6999999284744,Tuition increases,Ban on research with animals,1,1,0,6,3,-1.5476190476190474,3,5,3,1.023809523809524,0,3,3,3,-1,3,1,-3,3,-3,1,1,Right,2.0466999999284745
15,R_2tbPVD1DV0HLe3w,51,f,1,1,1513.2000000476837,Mask mandates,Expel students with white nationlist views,1,-1,3,7,3,1.023809523809524,3,6,3,1.023809523809524,3,-3,6,0,1,6,1,6,-6,0,1,0,Left,1.5132000000476837
15,R_2tbPVD1DV0HLe3w,52,f,1,1,1372.3000000715256,Mandatory training on sexual consent,"Boycott, Divest, and Sanction Israel",1,-1,1,7,3,-0.6904761904761902,3,5,3,1.023809523809524,1,-3,4,-2,2,4,2,4,-4,-2,2,0,Left,1.3723000000715255
15,R_2tbPVD1DV0HLe3w,53,j,2,0,2055.100000023842,Climate change legislation,"Boycott, Divest, and Sanction Israel",-1,1,3,6,3,1.023809523809524,3,5,3,1.023809523809524,-3,3,6,0,-1,6,1,-6,6,0,1,1,Right,2.0551000000238417
15,R_2tbPVD1DV0HLe3w,54,f,1,1,1859.5999999046326,Raise the minimum wage,Safe injection locations,-1,1,2,4,4,0.16666666666666682,3,6,3,1.023809523809524,-2,3,-5,-1,-2,5,2,-5,5,-1,-2,0,Left,1.8595999999046327
15,R_2tbPVD1DV0HLe3w,55,j,2,0,1528.6000000238419,Mask mandates,Cuts to National Parks budget,1,1,3,7,3,1.023809523809524,2,7,2,0.16666666666666682,3,2,-1,-1,0,1,0,1,-1,1,0,1,Right,1.5286000000238418
15,R_2tbPVD1DV0HLe3w,56,j,2,0,2047.7000000476837,Remove Christopher Columbus statues,Expel students with white nationlist views,1,1,1,5,2,-0.6904761904761902,3,6,3,1.023809523809524,1,3,2,2,1,2,1,-2,2,-2,-1,1,Right,2.047700000047684
15,R_2tbPVD1DV0HLe3w,57,f,1,1,1198,Dorms determined by gender identity,Affirmative action,1,-1,2,5,3,0.16666666666666682,3,7,3,1.023809523809524,2,-3,5,-1,-2,5,2,5,-5,-1,-2,0,Left,1.198
15,R_2tbPVD1DV0HLe3w,58,j,2,0,1904.3999999761581,Mandatory vaccinations,Ban on research with animals,-1,-1,2,7,2,0.16666666666666682,3,5,3,1.023809523809524,-2,-3,-1,1,-2,1,2,1,-1,-1,2,1,Right,1.904399999976158
15,R_2tbPVD1DV0HLe3w,59,f,1,1,1869.3999999761581,Raise the minimum wage,Abortion rights,1,1,2,4,4,0.16666666666666682,3,5,3,1.023809523809524,2,3,-1,-1,-1,1,1,-1,1,-1,-1,0,Left,1.8693999999761581
15,R_2tbPVD1DV0HLe3w,60,f,1,1,2332.399999976158,Mask mandates,Defund the police,1,-1,3,7,3,1.023809523809524,2,7,2,0.16666666666666682,3,-2,5,1,0,5,0,5,-5,1,0,0,Left,2.332399999976158
15,R_2tbPVD1DV0HLe3w,61,f,1,1,2123.5,Religious exemptions for discrimination laws,On campus concealed carry,-1,-1,3,5,3,1.023809523809524,0,5,3,-1.5476190476190474,-3,-0,-3,3,0,3,0,-3,3,3,0,0,Left,2.1235
15,R_2tbPVD1DV0HLe3w,62,j,2,0,1952,Hardening schools/Arming teachers,Mandatory vaccinations,-1,-1,3,6,3,1.023809523809524,2,7,2,0.16666666666666682,-3,-2,1,-1,1,1,1,-1,1,1,-1,1,Right,1.952
15,R_2tbPVD1DV0HLe3w,63,j,2,0,2279.399999976158,Raise the minimum wage,Religious exemptions for discrimination laws,-1,1,2,4,4,0.16666666666666682,3,5,3,1.023809523809524,-2,3,5,1,1,5,1,-5,5,-1,-1,1,Right,2.279399999976158
15,R_2tbPVD1DV0HLe3w,64,j,2,0,1887.6000000238419,Mask mandates,Ban on research with animals,1,1,3,7,3,1.023809523809524,3,5,3,1.023809523809524,3,3,0,0,-2,0,2,0,0,0,2,1,Right,1.8876000000238418
15,R_2tbPVD1DV0HLe3w,65,j,2,0,1874.7000000476837,Expel students with white nationlist views,Raise the minimum wage,-1,1,3,6,3,1.023809523809524,2,4,4,0.16666666666666682,-3,2,5,-1,-2,5,2,-5,5,1,2,1,Right,1.8747000000476837
15,R_2tbPVD1DV0HLe3w,66,f,1,1,2186,Abortion rights,Tuition increases,-1,-1,3,5,3,1.023809523809524,0,6,3,-1.5476190476190474,-3,-0,-3,3,-1,3,1,-3,3,3,-1,0,Left,2.186
15,R_2tbPVD1DV0HLe3w,67,f,1,1,1247.5,Defund Planned Parenthood,Mandatory trigger warnings,1,1,3,6,3,1.023809523809524,2,5,2,0.16666666666666682,3,2,1,1,1,1,1,1,-1,1,1,0,Left,1.2475
15,R_2tbPVD1DV0HLe3w,68,j,2,0,1315.5,Affirmative action,Religious exemptions for discrimination laws,-1,1,3,7,3,1.023809523809524,3,5,3,1.023809523809524,-3,3,6,0,-2,6,2,-6,6,0,2,1,Right,1.3155
15,R_2tbPVD1DV0HLe3w,69,f,1,1,1248.6000000238419,Defund the police,Climate change legislation,-1,1,2,7,2,0.16666666666666682,3,6,3,1.023809523809524,-2,3,-5,-1,1,5,1,-5,5,-1,1,0,Left,1.2486000000238417
15,R_2tbPVD1DV0HLe3w,70,j,2,0,1994,Religious exemptions for discrimination laws,Remove Christopher Columbus statues,1,-1,3,5,3,1.023809523809524,1,5,2,-0.6904761904761902,3,-1,-4,-2,0,4,0,4,-4,2,0,1,Right,1.994
15,R_2tbPVD1DV0HLe3w,71,f,1,1,1728.5,Remove public Confederate memorials,"Boycott, Divest, and Sanction Israel",1,-1,2,6,2,0.16666666666666682,3,5,3,1.023809523809524,2,-3,5,-1,1,5,1,5,-5,-1,1,0,Left,1.7285
15,R_2tbPVD1DV0HLe3w,72,j,2,0,1013.6000000238419,Gun-free campus police,Climate change legislation,-1,1,1,7,2,-0.6904761904761902,3,6,3,1.023809523809524,-1,3,4,2,-1,4,1,-4,4,-2,1,1,Right,1.0136000000238419
15,R_2tbPVD1DV0HLe3w,73,f,1,1,1348.7000000476837,Student worker unionization,Ban on research with animals,-1,-1,2,5,4,0.16666666666666682,3,5,3,1.023809523809524,-2,-3,1,-1,0,1,0,1,-1,-1,0,0,Left,1.3487000000476836
15,R_2tbPVD1DV0HLe3w,74,f,1,1,1100.7999999523163,Remove Christopher Columbus statues,Ban on research with animals,1,1,1,5,2,-0.6904761904761902,3,5,3,1.023809523809524,1,3,-2,-2,0,2,0,-2,2,-2,0,0,Left,1.1007999999523164
15,R_2tbPVD1DV0HLe3w,75,j,2,0,1890.7999999523163,Mask mandates,Detention of migrant children,-1,-1,3,7,3,1.023809523809524,2,6,2,0.16666666666666682,-3,-2,1,-1,-1,1,1,-1,1,1,1,1,Right,1.8907999999523162
15,R_2tbPVD1DV0HLe3w,76,f,1,1,1013.7000000476837,Religious exemptions for discrimination laws,Ban on ethnic Halloween costumes,1,1,3,5,3,1.023809523809524,2,6,2,0.16666666666666682,3,2,1,1,-1,1,1,1,-1,1,-1,0,Left,1.0137000000476837
15,R_2tbPVD1DV0HLe3w,77,j,2,0,1859.8999999761581,Abortion rights,Physician-assisted suicide,1,-1,3,5,3,1.023809523809524,1,6,2,-0.6904761904761902,3,-1,-4,-2,1,4,1,4,-4,2,-1,1,Right,1.859899999976158
15,R_2tbPVD1DV0HLe3w,78,j,2,0,1462.2000000476837,"Boycott, Divest, and Sanction Israel",Raise the minimum wage,-1,1,3,5,3,1.023809523809524,2,4,4,0.16666666666666682,-3,2,5,-1,-1,5,1,-5,5,1,1,1,Right,1.4622000000476838
15,R_2tbPVD1DV0HLe3w,79,j,2,0,2130,Tuition increases,Mask mandates,1,1,0,6,3,-1.5476190476190474,3,7,3,1.023809523809524,0,3,3,3,1,3,1,-3,3,-3,-1,1,Right,2.13
15,R_2tbPVD1DV0HLe3w,80,j,2,0,3684.899999976158,Mask mandates,Mandatory vaccinations,-1,1,3,7,3,1.023809523809524,2,7,2,0.16666666666666682,-3,2,5,-1,0,5,0,-5,5,1,0,1,Right,3.684899999976158
15,R_2tbPVD1DV0HLe3w,81,f,1,1,1742.8999999761581,Climate change legislation,Mandatory trigger warnings,-1,-1,3,6,3,1.023809523809524,2,5,2,0.16666666666666682,-3,-2,-1,1,1,1,1,-1,1,1,1,0,Left,1.742899999976158
15,R_2tbPVD1DV0HLe3w,82,f,1,1,2333.5,Religious exemptions for discrimination laws,Abolishing fraternities,-1,-1,3,5,3,1.023809523809524,-1,5,3,-2.4047619047619047,-3,1,-4,4,0,4,0,-4,4,4,0,0,Left,2.3335
15,R_2tbPVD1DV0HLe3w,83,j,2,0,1287.2000000476837,Religious exemptions for discrimination laws,Defund the police,1,-1,3,5,3,1.023809523809524,2,7,2,0.16666666666666682,3,-2,-5,-1,2,5,2,5,-5,1,-2,1,Right,1.2872000000476838
15,R_2tbPVD1DV0HLe3w,84,f,1,1,1938,Mandatory drug tests for welfare recipients,Expel students with white nationlist views,-1,1,2,6,2,0.16666666666666682,3,6,3,1.023809523809524,-2,3,-5,-1,0,5,0,-5,5,-1,0,0,Left,1.938
15,R_2tbPVD1DV0HLe3w,85,j,2,0,1474,Increased Gun regulations,Abortion rights,-1,-1,1,5,3,-0.6904761904761902,3,5,3,1.023809523809524,-1,-3,-2,2,0,2,0,2,-2,-2,0,1,Right,1.474
15,R_2tbPVD1DV0HLe3w,86,j,2,0,2305.1999999284744,On campus concealed carry,Defund Planned Parenthood,-1,-1,0,5,3,-1.5476190476190474,3,6,3,1.023809523809524,-0,-3,-3,3,1,3,1,3,-3,-3,-1,1,Right,2.3051999999284742
15,R_2tbPVD1DV0HLe3w,87,j,2,0,2432.2999999523163,Ban on research with animals,Safe injection locations,-1,-1,3,5,3,1.023809523809524,3,6,3,1.023809523809524,-3,-3,0,0,1,0,1,0,0,0,-1,1,Right,2.4322999999523165
15,R_2tbPVD1DV0HLe3w,88,f,1,1,2477.399999976158,Abolishing private prisons,Dorms determined by gender identity,-1,1,3,6,3,1.023809523809524,2,5,3,0.16666666666666682,-3,2,-5,1,1,5,1,-5,5,1,1,0,Left,2.477399999976158
15,R_2tbPVD1DV0HLe3w,89,j,2,0,1655.2000000476837,Remove public Confederate memorials,"Boycott, Divest, and Sanction Israel",-1,-1,2,6,2,0.16666666666666682,3,5,3,1.023809523809524,-2,-3,-1,1,-1,1,1,1,-1,-1,1,1,Right,1.6552000000476836
15,R_2tbPVD1DV0HLe3w,90,j,2,0,1821.8999999761581,Climate change legislation,Remove Christopher Columbus statues,1,-1,3,6,3,1.023809523809524,1,5,2,-0.6904761904761902,3,-1,-4,-2,-1,4,1,4,-4,2,1,1,Right,1.821899999976158
15,R_2tbPVD1DV0HLe3w,91,j,2,0,2259.7000000476837,Affirmative action,Mask mandates,-1,1,3,7,3,1.023809523809524,3,7,3,1.023809523809524,-3,3,6,0,0,6,0,-6,6,0,0,1,Right,2.2597000000476837
15,R_2tbPVD1DV0HLe3w,92,f,1,1,2262.9000000953674,Climate change legislation,Mask mandates,-1,-1,3,6,3,1.023809523809524,3,7,3,1.023809523809524,-3,-3,0,0,-1,0,1,0,0,0,-1,0,Left,2.2629000000953674
15,R_2tbPVD1DV0HLe3w,93,j,2,0,2201.8000000715256,Affirmative action,War on Drugs,1,1,3,7,3,1.023809523809524,1,6,2,-0.6904761904761902,3,1,-2,-2,-1,2,1,2,-2,2,1,1,Right,2.2018000000715254
15,R_2tbPVD1DV0HLe3w,94,j,2,0,1866.7000000476837,War on Drugs,Hardening schools/Arming teachers,-1,-1,1,6,2,-0.6904761904761902,3,6,3,1.023809523809524,-1,-3,-2,2,0,2,0,2,-2,-2,0,1,Right,1.8667000000476837
15,R_2tbPVD1DV0HLe3w,95,j,2,0,2435,Mandatory training on sexual consent,Affirmative action,1,1,1,7,3,-0.6904761904761902,3,7,3,1.023809523809524,1,3,2,2,0,2,0,-2,2,-2,0,1,Right,2.435
15,R_2tbPVD1DV0HLe3w,96,j,2,0,3273.600000023842,Mandatory training on sexual consent,Defund Planned Parenthood,-1,-1,1,7,3,-0.6904761904761902,3,6,3,1.023809523809524,-1,-3,-2,2,-1,2,1,2,-2,-2,1,1,Right,3.273600000023842
15,R_2tbPVD1DV0HLe3w,97,j,2,0,535.9000000953674,Defund Planned Parenthood,Mandatory training on sexual consent,1,1,3,6,3,1.023809523809524,1,7,3,-0.6904761904761902,3,1,-2,-2,1,2,1,2,-2,2,-1,1,Right,0.5359000000953674
15,R_2tbPVD1DV0HLe3w,98,f,1,1,4051.1999999284744,Defund the police,Hardening schools/Arming teachers,1,-1,2,7,2,0.16666666666666682,3,6,3,1.023809523809524,2,-3,5,-1,1,5,1,5,-5,-1,1,0,Left,4.051199999928475
15,R_2tbPVD1DV0HLe3w,99,j,2,0,1601,Defund Planned Parenthood,Affirmative action,1,-1,3,6,3,1.023809523809524,3,7,3,1.023809523809524,3,-3,-6,0,1,6,1,6,-6,0,-1,1,Right,1.601
15,R_2tbPVD1DV0HLe3w,100,f,1,1,1694.3999999761581,Abolishing private prisons,Physician-assisted suicide,1,-1,3,6,3,1.023809523809524,1,6,2,-0.6904761904761902,3,-1,4,2,0,4,0,4,-4,2,0,0,Left,1.694399999976158
14,R_2t56Fwl8ddfXWCS,1,j,2,0,1013.3000000119209,Hardening schools/Arming teachers,Dorms determined by gender identity,1,1,0,6,3,-1.5583874449479593,1,5,2,0.25973124082465976,0,1,1,1,-1,1,1,-1,1,-1,1,1,Right,1.013300000011921
14,R_2t56Fwl8ddfXWCS,2,f,1,1,4797.300000011921,Defund Planned Parenthood,Increased Gun regulations,-1,-1,2,3,2,2.077849926597279,1,7,2,0.25973124082465976,-2,-1,-1,1,-4,1,4,-1,1,1,-4,0,Left,4.797300000011921
14,R_2t56Fwl8ddfXWCS,3,j,2,0,3366.100000023842,Affirmative action,Raise the minimum wage,1,1,1,6,1,0.25973124082465976,2,5,2,2.077849926597279,1,2,1,1,-1,1,1,-1,1,-1,1,1,Right,3.3661000000238417
14,R_2t56Fwl8ddfXWCS,4,j,2,0,4611.699999988079,Raise the minimum wage,Defund Planned Parenthood,1,1,2,5,2,2.077849926597279,2,3,2,2.077849926597279,2,2,0,0,-2,0,2,0,0,0,2,1,Right,4.611699999988079
14,R_2t56Fwl8ddfXWCS,5,j,2,0,4947.600000023842,Mask mandates,Increased Gun regulations,-1,-1,-1,4,2,-3.376506130720579,1,7,2,0.25973124082465976,1,-1,-2,2,3,2,3,2,-2,-2,-3,1,Right,4.947600000023842
14,R_2t56Fwl8ddfXWCS,6,f,1,1,3308.5,Defund Planned Parenthood,Mask mandates,-1,-1,2,3,2,2.077849926597279,-1,4,2,-3.376506130720579,-2,1,-3,3,-1,3,1,-3,3,3,-1,0,Left,3.3085
14,R_2t56Fwl8ddfXWCS,7,j,2,0,4730,Physician-assisted suicide,Defund Planned Parenthood,-1,-1,0,5,2,-1.5583874449479593,2,3,2,2.077849926597279,-0,-2,-2,2,-2,2,2,2,-2,-2,2,1,Right,4.73
14,R_2t56Fwl8ddfXWCS,8,j,2,0,4038.400000035763,Increased Gun regulations,Hardening schools/Arming teachers,-1,-1,1,7,2,0.25973124082465976,0,6,3,-1.5583874449479593,-1,-0,1,-1,-1,1,1,-1,1,1,1,1,Right,4.038400000035763
14,R_2t56Fwl8ddfXWCS,9,j,2,0,3948.2999999523163,Affirmative action,Defund Planned Parenthood,1,1,1,6,1,0.25973124082465976,2,3,2,2.077849926597279,1,2,1,1,-3,1,3,-1,1,-1,3,1,Right,3.948299999952316
14,R_2t56Fwl8ddfXWCS,10,f,1,1,4952.800000011921,Detention of migrant children,Defund Planned Parenthood,1,-1,1,5,2,0.25973124082465976,2,3,2,2.077849926597279,1,-2,3,-1,2,3,2,3,-3,-1,2,0,Left,4.952800000011921
14,R_2t56Fwl8ddfXWCS,11,j,2,0,6821.399999976158,Hardening schools/Arming teachers,Bathrooms restricted based on biological sex,1,-1,0,6,3,-1.5583874449479593,1,6,1,0.25973124082465976,0,-1,-1,1,0,1,0,1,-1,-1,0,1,Right,6.821399999976158
14,R_2t56Fwl8ddfXWCS,12,j,2,0,4564.800000011921,"Boycott, Divest, and Sanction Israel",Raise the minimum wage,1,1,1,5,2,0.25973124082465976,2,5,2,2.077849926597279,1,2,1,1,0,1,0,-1,1,-1,0,1,Right,4.564800000011921
14,R_2t56Fwl8ddfXWCS,13,j,2,0,4031.899999976158,Increased Gun regulations,Defund the police,-1,1,1,7,2,0.25973124082465976,1,5,2,0.25973124082465976,-1,1,2,0,-2,2,2,-2,2,0,2,1,Right,4.031899999976158
14,R_2t56Fwl8ddfXWCS,14,f,1,1,3132,Increased Gun regulations,Lift COVID lockdowns,1,1,1,7,2,0.25973124082465976,1,6,1,0.25973124082465976,1,1,0,0,1,0,1,0,0,0,1,0,Left,3.132
14,R_2t56Fwl8ddfXWCS,15,j,2,0,2384.800000011921,Raise the minimum wage,Defund Planned Parenthood,-1,-1,2,5,2,2.077849926597279,2,3,2,2.077849926597279,-2,-2,0,0,-2,0,2,0,0,0,2,1,Right,2.384800000011921
14,R_2t56Fwl8ddfXWCS,16,j,2,0,3989.899999976158,Lift COVID lockdowns,Student worker unionization,1,1,1,6,1,0.25973124082465976,1,5,2,0.25973124082465976,1,1,0,0,-1,0,1,0,0,0,1,1,Right,3.989899999976158
14,R_2t56Fwl8ddfXWCS,17,j,2,0,8200.399999976158,Mask mandates,Raise the minimum wage,1,-1,-1,4,2,-3.376506130720579,2,5,2,2.077849926597279,-1,-2,-1,3,1,1,1,1,-1,-3,-1,1,Right,8.200399999976158
14,R_2t56Fwl8ddfXWCS,18,j,2,0,2310.800000011921,Defund Planned Parenthood,Raise the minimum wage,-1,1,2,3,2,2.077849926597279,2,5,2,2.077849926597279,-2,2,4,0,2,4,2,-4,4,0,-2,1,Right,2.310800000011921
14,R_2t56Fwl8ddfXWCS,19,f,1,1,4338.599999964237,Defund Planned Parenthood,Mask mandates,1,-1,2,3,2,2.077849926597279,-1,4,2,-3.376506130720579,2,1,1,3,-1,1,1,1,-1,3,-1,0,Left,4.338599999964237
14,R_2t56Fwl8ddfXWCS,20,j,2,0,2507.099999964237,Raise the minimum wage,Raise the minimum wage,-1,1,2,5,2,2.077849926597279,2,5,2,2.077849926597279,-2,2,4,0,0,4,0,-4,4,0,0,1,Right,2.5070999999642374
14,R_2t56Fwl8ddfXWCS,21,j,2,0,8245.800000011921,Hardening schools/Arming teachers,U.S. drone strikes in Afghanistan,1,-1,0,6,3,-1.5583874449479593,1,5,2,0.25973124082465976,0,-1,-1,1,-1,1,1,1,-1,-1,1,1,Right,8.24580000001192
14,R_2t56Fwl8ddfXWCS,22,f,1,1,7165.199999988079,Raise the minimum wage,Bathrooms restricted based on biological sex,1,-1,2,5,2,2.077849926597279,1,6,1,0.25973124082465976,2,-1,3,1,-1,3,1,3,-3,1,-1,0,Left,7.165199999988079
14,R_2t56Fwl8ddfXWCS,23,j,2,0,4390.5,Raise the minimum wage,"Boycott, Divest, and Sanction Israel",1,-1,2,5,2,2.077849926597279,1,5,2,0.25973124082465976,2,-1,-3,-1,0,3,0,3,-3,1,0,1,Right,4.3905
14,R_2t56Fwl8ddfXWCS,24,f,1,1,4985,Defund Planned Parenthood,Increased Gun regulations,-1,1,2,3,2,2.077849926597279,1,7,2,0.25973124082465976,-2,1,-3,1,-4,3,4,-3,3,1,-4,0,Left,4.985
14,R_2t56Fwl8ddfXWCS,25,f,1,1,3643.100000023842,Gun-free campus police,Increased Gun regulations,-1,1,0,5,3,-1.5583874449479593,1,7,2,0.25973124082465976,-0,1,-1,-1,-2,1,2,-1,1,-1,-2,0,Left,3.643100000023842
14,R_2t56Fwl8ddfXWCS,26,f,1,1,4338.600000023842,Affirmative action,Raise the minimum wage,1,-1,1,6,1,0.25973124082465976,2,5,2,2.077849926597279,1,-2,3,-1,1,3,1,3,-3,-1,1,0,Left,4.338600000023842
14,R_2t56Fwl8ddfXWCS,27,j,2,0,7575.099999964237,Affirmative action,Affirmative action,1,-1,1,6,1,0.25973124082465976,1,6,1,0.25973124082465976,1,-1,-2,0,0,2,0,2,-2,0,0,1,Right,7.575099999964237
14,R_2t56Fwl8ddfXWCS,28,f,1,1,3504,Increased Gun regulations,Raise the minimum wage,-1,-1,1,7,2,0.25973124082465976,2,5,2,2.077849926597279,-1,-2,1,-1,2,1,2,1,-1,-1,2,0,Left,3.504
14,R_2t56Fwl8ddfXWCS,29,f,1,1,5572.900000035763,Raise the minimum wage,Increased Gun regulations,-1,1,2,5,2,2.077849926597279,1,7,2,0.25973124082465976,-2,1,-3,1,-2,3,2,-3,3,1,-2,0,Left,5.572900000035763
14,R_2t56Fwl8ddfXWCS,30,j,2,0,5168.400000035763,Increased Gun regulations,Raise the minimum wage,-1,1,1,7,2,0.25973124082465976,2,5,2,2.077849926597279,-1,2,3,1,-2,3,2,-3,3,-1,2,1,Right,5.168400000035763
14,R_2t56Fwl8ddfXWCS,31,j,2,0,6096.199999988079,Increased Gun regulations,Raise the minimum wage,1,1,1,7,2,0.25973124082465976,2,5,2,2.077849926597279,1,2,1,1,-2,1,2,-1,1,-1,2,1,Right,6.096199999988079
14,R_2t56Fwl8ddfXWCS,32,j,2,0,13460.699999988079,Increased Gun regulations,Mask mandates,1,1,1,7,2,0.25973124082465976,-1,4,2,-3.376506130720579,1,-1,-2,-2,-3,2,3,2,-2,2,3,1,Right,13.46069999998808
14,R_2t56Fwl8ddfXWCS,33,f,1,1,3964.800000011921,Mask mandates,Raise the minimum wage,-1,1,-1,4,2,-3.376506130720579,2,5,2,2.077849926597279,1,2,-1,-3,-1,1,1,-1,1,-3,-1,0,Left,3.964800000011921
14,R_2t56Fwl8ddfXWCS,34,j,2,0,3170.699999988079,Mask mandates,Mask mandates,1,-1,-1,4,2,-3.376506130720579,-1,4,2,-3.376506130720579,-1,1,2,0,0,2,0,-2,2,0,0,1,Right,3.170699999988079
14,R_2t56Fwl8ddfXWCS,35,j,2,0,5309.400000035763,Defund Planned Parenthood,Hardening schools/Arming teachers,1,1,2,3,2,2.077849926597279,0,6,3,-1.5583874449479593,2,0,-2,-2,3,2,3,2,-2,2,-3,1,Right,5.309400000035763
14,R_2t56Fwl8ddfXWCS,36,j,2,0,2706.600000023842,Defund Planned Parenthood,Increased Gun regulations,1,1,2,3,2,2.077849926597279,1,7,2,0.25973124082465976,2,1,-1,-1,4,1,4,1,-1,1,-4,1,Right,2.7066000000238417
14,R_2t56Fwl8ddfXWCS,37,j,2,0,2634.399999976158,Affirmative action,Increased Gun regulations,-1,1,1,6,1,0.25973124082465976,1,7,2,0.25973124082465976,-1,1,2,0,1,2,1,-2,2,0,-1,1,Right,2.634399999976158
14,R_2t56Fwl8ddfXWCS,38,j,2,0,3844.400000035763,Raise the minimum wage,Expel students with white nationlist views,-1,1,2,5,2,2.077849926597279,1,5,2,0.25973124082465976,-2,1,3,-1,0,3,0,-3,3,1,0,1,Right,3.8444000000357628
14,R_2t56Fwl8ddfXWCS,39,j,2,0,7370.800000011921,Lift COVID lockdowns,Abortion rights,1,-1,1,6,1,0.25973124082465976,1,5,2,0.25973124082465976,1,-1,-2,0,-1,2,1,2,-2,0,1,1,Right,7.370800000011921
14,R_2t56Fwl8ddfXWCS,40,f,1,1,5540.800000011921,Affirmative action,Raise the minimum wage,1,1,1,6,1,0.25973124082465976,2,5,2,2.077849926597279,1,2,-1,-1,1,1,1,-1,1,-1,1,0,Left,5.540800000011921
14,R_2t56Fwl8ddfXWCS,41,j,2,0,3060.899999976158,Raise the minimum wage,Hardening schools/Arming teachers,-1,1,2,5,2,2.077849926597279,0,6,3,-1.5583874449479593,-2,0,2,-2,1,2,1,-2,2,2,-1,1,Right,3.0608999999761584
14,R_2t56Fwl8ddfXWCS,42,j,2,0,6549.099999964237,Defund Planned Parenthood,Lift COVID lockdowns,-1,1,2,3,2,2.077849926597279,1,6,1,0.25973124082465976,-2,1,3,-1,3,3,3,-3,3,1,-3,1,Right,6.549099999964238
14,R_2t56Fwl8ddfXWCS,43,j,2,0,3601.699999988079,Remove public Confederate memorials,Lift COVID lockdowns,-1,1,0,5,3,-1.5583874449479593,1,6,1,0.25973124082465976,-0,1,1,1,1,1,1,-1,1,-1,-1,1,Right,3.601699999988079
14,R_2t56Fwl8ddfXWCS,44,f,1,1,5531.5,Mask mandates,Defund Planned Parenthood,1,1,-1,4,2,-3.376506130720579,2,3,2,2.077849926597279,-1,2,-3,-3,1,3,1,-3,3,-3,1,0,Left,5.5315
14,R_2t56Fwl8ddfXWCS,45,f,1,1,7845.900000035763,Bathrooms restricted based on biological sex,Hardening schools/Arming teachers,1,-1,1,6,1,0.25973124082465976,0,6,3,-1.5583874449479593,1,-0,1,1,0,1,0,1,-1,1,0,0,Left,7.845900000035763
14,R_2t56Fwl8ddfXWCS,46,j,2,0,4536.800000011921,Ban on ethnic Halloween costumes,Increased Gun regulations,-1,1,1,5,2,0.25973124082465976,1,7,2,0.25973124082465976,-1,1,2,0,2,2,2,-2,2,0,-2,1,Right,4.536800000011921
14,R_2t56Fwl8ddfXWCS,47,j,2,0,2340.199999988079,Defund Planned Parenthood,Mask mandates,-1,1,2,3,2,2.077849926597279,-1,4,2,-3.376506130720579,-2,-1,1,-3,1,1,1,-1,1,3,-1,1,Right,2.340199999988079
14,R_2t56Fwl8ddfXWCS,48,f,1,1,3686.7999999523163,Increased Gun regulations,Raise the minimum wage,-1,1,1,7,2,0.25973124082465976,2,5,2,2.077849926597279,-1,2,-3,-1,2,3,2,-3,3,-1,2,0,Left,3.686799999952316
14,R_2t56Fwl8ddfXWCS,49,f,1,1,2847.300000011921,Lift COVID lockdowns,Defund Planned Parenthood,-1,-1,1,6,1,0.25973124082465976,2,3,2,2.077849926597279,-1,-2,1,-1,3,1,3,1,-1,-1,3,0,Left,2.847300000011921
14,R_2t56Fwl8ddfXWCS,50,j,2,0,3601.199999988079,Affirmative action,Mask mandates,-1,1,1,6,1,0.25973124082465976,-1,4,2,-3.376506130720579,-1,-1,0,-2,-2,0,2,0,0,2,2,1,Right,3.6011999999880793
14,R_2t56Fwl8ddfXWCS,51,f,1,1,2670.899999976158,Bathrooms restricted based on biological sex,Raise the minimum wage,-1,-1,1,6,1,0.25973124082465976,2,5,2,2.077849926597279,-1,-2,1,-1,1,1,1,1,-1,-1,1,0,Left,2.6708999999761582
14,R_2t56Fwl8ddfXWCS,52,f,1,1,3818.2000000476837,Increased Gun regulations,Mask mandates,1,-1,1,7,2,0.25973124082465976,-1,4,2,-3.376506130720579,1,1,0,2,3,0,3,0,0,2,3,0,Left,3.8182000000476837
14,R_2t56Fwl8ddfXWCS,53,j,2,0,9603.600000023842,Raise the minimum wage,Ban on ethnic Halloween costumes,-1,-1,2,5,2,2.077849926597279,1,5,2,0.25973124082465976,-2,-1,1,-1,0,1,0,-1,1,1,0,1,Right,9.603600000023842
14,R_2t56Fwl8ddfXWCS,54,f,1,1,7574,Remove police from schools,Defund Planned Parenthood,-1,-1,1,5,2,0.25973124082465976,2,3,2,2.077849926597279,-1,-2,1,-1,2,1,2,1,-1,-1,2,0,Left,7.574
14,R_2t56Fwl8ddfXWCS,55,f,1,1,10666.800000011921,Defund Planned Parenthood,Recognize Jerusalem as capital of Israel,1,-1,2,3,2,2.077849926597279,1,5,2,0.25973124082465976,2,-1,3,1,-2,3,2,3,-3,1,-2,0,Left,10.666800000011921
14,R_2t56Fwl8ddfXWCS,56,j,2,0,2432.5,Raise the minimum wage,Mask mandates,-1,-1,2,5,2,2.077849926597279,-1,4,2,-3.376506130720579,-2,1,3,-3,-1,3,1,-3,3,3,1,1,Right,2.4325
14,R_2t56Fwl8ddfXWCS,57,f,1,1,2095.199999988079,Gun-free campus police,Mask mandates,1,1,0,5,3,-1.5583874449479593,-1,4,2,-3.376506130720579,0,-1,1,1,1,1,1,1,-1,1,1,0,Left,2.095199999988079
14,R_2t56Fwl8ddfXWCS,58,j,2,0,2777.2999999523163,Raise the minimum wage,Hardening schools/Arming teachers,1,-1,2,5,2,2.077849926597279,0,6,3,-1.5583874449479593,2,-0,-2,-2,1,2,1,2,-2,2,-1,1,Right,2.7772999999523162
14,R_2t56Fwl8ddfXWCS,59,j,2,0,6384.5,Raise the minimum wage,Bathrooms restricted based on biological sex,1,-1,2,5,2,2.077849926597279,1,6,1,0.25973124082465976,2,-1,-3,-1,1,3,1,3,-3,1,-1,1,Right,6.3845
14,R_2t56Fwl8ddfXWCS,60,f,1,1,9920.699999988079,Gun-free campus police,Defund Planned Parenthood,-1,1,0,5,3,-1.5583874449479593,2,3,2,2.077849926597279,-0,2,-2,-2,2,2,2,-2,2,-2,2,0,Left,9.920699999988079
14,R_2t56Fwl8ddfXWCS,61,j,2,0,6679.800000011921,Remove police from schools,Ban on research with animals,1,-1,1,5,2,0.25973124082465976,0,5,2,-1.5583874449479593,1,-0,-1,-1,0,1,0,1,-1,1,0,1,Right,6.679800000011921
14,R_2t56Fwl8ddfXWCS,62,j,2,0,3828.600000023842,Legalization of marijuana,Mask mandates,-1,1,1,5,2,0.25973124082465976,-1,4,2,-3.376506130720579,-1,-1,0,-2,-1,0,1,0,0,2,1,1,Right,3.828600000023842
14,R_2t56Fwl8ddfXWCS,63,f,1,1,2045.800000011921,Raise the minimum wage,Defund Planned Parenthood,1,-1,2,5,2,2.077849926597279,2,3,2,2.077849926597279,2,-2,4,0,2,4,2,4,-4,0,2,0,Left,2.045800000011921
14,R_2t56Fwl8ddfXWCS,64,f,1,1,2149.600000023842,Defund Planned Parenthood,Raise the minimum wage,1,-1,2,3,2,2.077849926597279,2,5,2,2.077849926597279,2,-2,4,0,-2,4,2,4,-4,0,-2,0,Left,2.1496000000238418
14,R_2t56Fwl8ddfXWCS,65,j,2,0,3071.399999976158,Increased Gun regulations,Ban on research with animals,-1,1,1,7,2,0.25973124082465976,0,5,2,-1.5583874449479593,-1,0,1,-1,-2,1,2,-1,1,1,2,1,Right,3.0713999999761583
14,R_2t56Fwl8ddfXWCS,66,f,1,1,3494.5,Hardening schools/Arming teachers,Mask mandates,-1,-1,0,6,3,-1.5583874449479593,-1,4,2,-3.376506130720579,-0,1,-1,1,2,1,2,-1,1,1,2,0,Left,3.4945
14,R_2t56Fwl8ddfXWCS,67,f,1,1,2203.300000011921,Raise the minimum wage,Defund Planned Parenthood,1,1,2,5,2,2.077849926597279,2,3,2,2.077849926597279,2,2,0,0,2,0,2,0,0,0,2,0,Left,2.2033000000119207
14,R_2t56Fwl8ddfXWCS,68,j,2,0,5186.199999988079,Defund Planned Parenthood,Affirmative action,1,-1,2,3,2,2.077849926597279,1,6,1,0.25973124082465976,2,-1,-3,-1,3,3,3,3,-3,1,-3,1,Right,5.186199999988079
14,R_2t56Fwl8ddfXWCS,69,f,1,1,4033.300000011921,Increased Gun regulations,University Campus should be a Sanctuary,1,1,1,7,2,0.25973124082465976,1,5,2,0.25973124082465976,1,1,0,0,2,0,2,0,0,0,2,0,Left,4.033300000011921
14,R_2t56Fwl8ddfXWCS,70,j,2,0,2704.2000000476837,"Boycott, Divest, and Sanction Israel",Climate change legislation,-1,1,1,5,2,0.25973124082465976,1,5,2,0.25973124082465976,-1,1,2,0,0,2,0,-2,2,0,0,1,Right,2.704200000047684
14,R_2t56Fwl8ddfXWCS,71,j,2,0,1936.9000000357628,Hardening schools/Arming teachers,Increased Gun regulations,-1,1,0,6,3,-1.5583874449479593,1,7,2,0.25973124082465976,-0,1,1,1,1,1,1,-1,1,-1,-1,1,Right,1.9369000000357628
14,R_2t56Fwl8ddfXWCS,72,j,2,0,3310.699999988079,Defund the police,Mask mandates,1,1,1,5,2,0.25973124082465976,-1,4,2,-3.376506130720579,1,-1,-2,-2,-1,2,1,2,-2,2,1,1,Right,3.310699999988079
14,R_2t56Fwl8ddfXWCS,73,f,1,1,2864.100000023842,Hardening schools/Arming teachers,Gun-free campus police,1,-1,0,6,3,-1.5583874449479593,0,5,3,-1.5583874449479593,0,-0,0,0,1,0,1,0,-0,0,1,0,Left,2.864100000023842
14,R_2t56Fwl8ddfXWCS,74,j,2,0,3429.5,Increased Gun regulations,Affirmative action,-1,-1,1,7,2,0.25973124082465976,1,6,1,0.25973124082465976,-1,-1,0,0,-1,0,1,0,0,0,1,1,Right,3.4295
14,R_2t56Fwl8ddfXWCS,75,j,2,0,2245.800000011921,Allow alt-right speakers on campus,Increased Gun regulations,-1,-1,1,5,2,0.25973124082465976,1,7,2,0.25973124082465976,-1,-1,0,0,2,0,2,0,0,0,-2,1,Right,2.245800000011921
14,R_2t56Fwl8ddfXWCS,76,j,2,0,2382.800000011921,Defund Planned Parenthood,Defund Planned Parenthood,1,-1,2,3,2,2.077849926597279,2,3,2,2.077849926597279,2,-2,-4,0,0,4,0,4,-4,0,0,1,Right,2.3828000000119207
14,R_2t56Fwl8ddfXWCS,77,j,2,0,5548.900000035763,Lift COVID lockdowns,Student worker unionization,-1,-1,1,6,1,0.25973124082465976,1,5,2,0.25973124082465976,-1,-1,0,0,-1,0,1,0,0,0,1,1,Right,5.548900000035763
14,R_2t56Fwl8ddfXWCS,78,j,2,0,3078.2999999523163,University Campus should be a Sanctuary,Mask mandates,-1,-1,1,5,2,0.25973124082465976,-1,4,2,-3.376506130720579,-1,1,2,-2,-1,2,1,-2,2,2,1,1,Right,3.0782999999523164
14,R_2t56Fwl8ddfXWCS,79,j,2,0,1581.3999999761581,Mask mandates,Lift COVID lockdowns,-1,1,-1,4,2,-3.376506130720579,1,6,1,0.25973124082465976,1,1,0,2,2,0,2,0,0,-2,-2,1,Right,1.581399999976158
14,R_2t56Fwl8ddfXWCS,80,f,1,1,5875.799999952316,Remove public Confederate memorials,Raise the minimum wage,-1,-1,0,5,3,-1.5583874449479593,2,5,2,2.077849926597279,-0,-2,2,-2,0,2,0,2,-2,-2,0,0,Left,5.875799999952316
14,R_2t56Fwl8ddfXWCS,81,j,2,0,2497.899999976158,Mask mandates,Bathrooms restricted based on biological sex,-1,-1,-1,4,2,-3.376506130720579,1,6,1,0.25973124082465976,1,-1,-2,2,2,2,2,2,-2,-2,-2,1,Right,2.497899999976158
14,R_2t56Fwl8ddfXWCS,82,f,1,1,1621.1000000238419,Mandatory vaccinations,Mask mandates,1,-1,1,5,2,0.25973124082465976,-1,4,2,-3.376506130720579,1,1,0,2,1,0,1,0,0,2,1,0,Left,1.6211000000238418
14,R_2t56Fwl8ddfXWCS,83,f,1,1,1701.8999999761581,Defund the police,Lift COVID lockdowns,1,-1,1,5,2,0.25973124082465976,1,6,1,0.25973124082465976,1,-1,2,0,-1,2,1,2,-2,0,-1,0,Left,1.7018999999761582
14,R_2t56Fwl8ddfXWCS,84,j,2,0,1780.0999999642372,Mask mandates,Raise the minimum wage,1,1,-1,4,2,-3.376506130720579,2,5,2,2.077849926597279,-1,2,3,3,1,3,1,-3,3,-3,-1,1,Right,1.7800999999642373
14,R_2t56Fwl8ddfXWCS,85,f,1,1,2094.699999988079,Bathrooms restricted based on biological sex,Mask mandates,1,1,1,6,1,0.25973124082465976,-1,4,2,-3.376506130720579,1,-1,2,2,2,2,2,2,-2,2,2,0,Left,2.094699999988079
14,R_2t56Fwl8ddfXWCS,86,f,1,1,1673.800000011921,Remove public Confederate memorials,Mask mandates,1,-1,0,5,3,-1.5583874449479593,-1,4,2,-3.376506130720579,0,1,-1,1,1,1,1,-1,1,1,1,0,Left,1.6738000000119209
14,R_2t56Fwl8ddfXWCS,87,f,1,1,2046.1000000238419,Mask mandates,Hardening schools/Arming teachers,1,-1,-1,4,2,-3.376506130720579,0,6,3,-1.5583874449479593,-1,-0,-1,-1,-2,1,2,-1,1,-1,-2,0,Left,2.046100000023842
14,R_2t56Fwl8ddfXWCS,88,f,1,1,3082.5,Raise the minimum wage,Tuition increases,1,1,2,5,2,2.077849926597279,1,5,2,0.25973124082465976,2,1,1,1,0,1,0,1,-1,1,0,0,Left,3.0825
14,R_2t56Fwl8ddfXWCS,89,f,1,1,1561.800000011921,Raise the minimum wage,Expel students with white nationlist views,1,-1,2,5,2,2.077849926597279,1,5,2,0.25973124082465976,2,-1,3,1,0,3,0,3,-3,1,0,0,Left,1.561800000011921
14,R_2t56Fwl8ddfXWCS,90,f,1,1,2086.199999988079,Affirmative action,Increased Gun regulations,1,-1,1,6,1,0.25973124082465976,1,7,2,0.25973124082465976,1,-1,2,0,-1,2,1,2,-2,0,-1,0,Left,2.086199999988079
14,R_2t56Fwl8ddfXWCS,91,j,2,0,1858.699999988079,Defund Planned Parenthood,On campus concealed carry,1,1,2,3,2,2.077849926597279,1,5,2,0.25973124082465976,2,1,-1,-1,2,1,2,1,-1,1,-2,1,Right,1.858699999988079
14,R_2t56Fwl8ddfXWCS,93,f,1,1,2865.600000023842,Hardening schools/Arming teachers,Defund Planned Parenthood,1,-1,0,6,3,-1.5583874449479593,2,3,2,2.077849926597279,0,-2,2,-2,3,2,3,2,-2,-2,3,0,Left,2.865600000023842
14,R_2t56Fwl8ddfXWCS,94,f,1,1,4361.899999976158,Ban on research with animals,Raise the minimum wage,1,1,0,5,2,-1.5583874449479593,2,5,2,2.077849926597279,0,2,-2,-2,0,2,0,-2,2,-2,0,0,Left,4.361899999976158
14,R_2t56Fwl8ddfXWCS,95,f,1,1,4150.599999964237,Bathrooms restricted based on biological sex,Remove public Confederate memorials,-1,-1,1,6,1,0.25973124082465976,0,5,3,-1.5583874449479593,-1,-0,-1,1,1,1,1,-1,1,1,1,0,Left,4.150599999964237
14,R_2t56Fwl8ddfXWCS,96,j,2,0,52765.40000003576,Increased Gun regulations,Defund Planned Parenthood,-1,1,1,7,2,0.25973124082465976,2,3,2,2.077849926597279,-1,2,3,1,-4,3,4,-3,3,-1,4,1,Right,52.76540000003576
14,R_2t56Fwl8ddfXWCS,97,j,2,0,2240.600000023842,Legalization of marijuana,Ban on research with animals,-1,1,1,5,2,0.25973124082465976,0,5,2,-1.5583874449479593,-1,0,1,-1,0,1,0,-1,1,1,0,1,Right,2.240600000023842
14,R_2t56Fwl8ddfXWCS,98,f,1,1,6472.699999988079,Raise the minimum wage,Raise the minimum wage,-1,1,2,5,2,2.077849926597279,2,5,2,2.077849926597279,-2,2,-4,0,0,4,0,-4,4,0,0,0,Left,6.472699999988079
14,R_2t56Fwl8ddfXWCS,99,j,2,0,3193.300000011921,Increased Gun regulations,Mask mandates,-1,1,1,7,2,0.25973124082465976,-1,4,2,-3.376506130720579,-1,-1,0,-2,-3,0,3,0,0,2,3,1,Right,3.193300000011921
14,R_2t56Fwl8ddfXWCS,100,j,2,0,1879.300000011921,Raise the minimum wage,Increased Gun regulations,1,1,2,5,2,2.077849926597279,1,7,2,0.25973124082465976,2,1,-1,-1,2,1,2,1,-1,1,-2,1,Right,1.8793000000119209
2,R_1ir3HZuypop5xQB,1,f,1,1,10683.900000095367,University Campus should be a Sanctuary,Safe injection locations,-1,-1,2,7,2,1.5168173299110996,2,4,1,1.5168173299110996,-2,-2,0,0,3,0,3,0,0,0,3,0,Left,10.683900000095367
2,R_1ir3HZuypop5xQB,2,j,2,0,1268.6999999284744,Abolishing fraternities,War on Drugs,1,-1,2,6,2,1.5168173299110996,2,5,2,1.5168173299110996,2,-2,-4,0,-1,4,1,4,-4,0,1,1,Right,1.2686999999284745
2,R_1ir3HZuypop5xQB,3,j,2,0,880.1999999284744,Safe injection locations,Gun-free campus police,1,-1,2,4,1,1.5168173299110996,1,5,2,0.48652631336771124,2,-1,-3,-1,1,3,1,3,-3,1,-1,1,Right,0.8801999999284744
2,R_1ir3HZuypop5xQB,4,f,1,1,600.3999999761581,Hardening schools/Arming teachers,Abolishing fraternities,1,-1,0,4,3,-0.543764703175677,2,6,2,1.5168173299110996,0,-2,2,-2,-2,2,2,2,-2,-2,-2,0,Left,0.6003999999761581
2,R_1ir3HZuypop5xQB,5,f,1,1,1110.5,Safe injection locations,Mandatory drug tests for welfare recipients,-1,1,2,4,1,1.5168173299110996,1,2,1,0.48652631336771124,-2,1,-3,1,2,3,2,-3,3,1,2,0,Left,1.1105
2,R_1ir3HZuypop5xQB,6,f,1,1,1120.6999999284744,Safe injection locations,Detention of migrant children,-1,1,2,4,1,1.5168173299110996,2,3,3,1.5168173299110996,-2,2,-4,0,1,4,1,-4,4,0,1,0,Left,1.1206999999284744
2,R_1ir3HZuypop5xQB,7,j,2,0,1162.1000000238419,Safe injection locations,"Boycott, Divest, and Sanction Israel",-1,-1,2,4,1,1.5168173299110996,-1,6,3,-1.5740557197190654,-2,1,3,-3,2,3,2,-3,3,3,-2,1,Right,1.162100000023842
2,R_1ir3HZuypop5xQB,8,f,1,1,907.1000000238419,Remove Christopher Columbus statues,Abolishing fraternities,1,1,0,6,1,-0.543764703175677,2,6,2,1.5168173299110996,0,2,-2,-2,0,2,0,-2,2,-2,0,0,Left,0.9071000000238418
2,R_1ir3HZuypop5xQB,9,j,2,0,940.3999999761581,Abolishing fraternities,Mandatory drug tests for welfare recipients,-1,1,2,6,2,1.5168173299110996,1,2,1,0.48652631336771124,-2,1,3,-1,-4,3,4,-3,3,1,4,1,Right,0.9403999999761582
2,R_1ir3HZuypop5xQB,10,f,1,1,585.2999999523163,War on Drugs,Safe injection locations,1,1,2,5,2,1.5168173299110996,2,4,1,1.5168173299110996,2,2,0,0,1,0,1,0,0,0,1,0,Left,0.5852999999523163
2,R_1ir3HZuypop5xQB,11,f,1,1,2167.5,On campus concealed carry,Recognize Jerusalem as capital of Israel,-1,-1,2,4,2,1.5168173299110996,0,7,3,-0.543764703175677,-2,-0,-2,2,-3,2,3,-2,2,2,-3,0,Left,2.1675
2,R_1ir3HZuypop5xQB,12,f,1,1,1633.6999999284744,Abolishing fraternities,Mandatory drug tests for welfare recipients,-1,-1,2,6,2,1.5168173299110996,1,2,1,0.48652631336771124,-2,-1,-1,1,4,1,4,-1,1,1,4,0,Left,1.6336999999284745
2,R_1ir3HZuypop5xQB,13,j,2,0,794.2999999523163,"Boycott, Divest, and Sanction Israel",Safe injection locations,1,-1,-1,6,3,-1.5740557197190654,2,4,1,1.5168173299110996,-1,-2,-1,3,-2,1,2,1,-1,-3,2,1,Right,0.7942999999523163
2,R_1ir3HZuypop5xQB,15,j,2,0,4325.299999952316,War on Drugs,University Campus should be a Sanctuary,1,-1,2,5,2,1.5168173299110996,2,7,2,1.5168173299110996,2,-2,-4,0,2,4,2,4,-4,0,-2,1,Right,4.325299999952316
2,R_1ir3HZuypop5xQB,16,f,1,1,1948.9000000953674,Safe injection locations,Dorms determined by gender identity,-1,-1,2,4,1,1.5168173299110996,1,4,2,0.48652631336771124,-2,-1,-1,1,0,1,0,-1,1,1,0,0,Left,1.9489000000953673
2,R_1ir3HZuypop5xQB,17,f,1,1,608.6000000238419,Abolishing fraternities,"Boycott, Divest, and Sanction Israel",-1,1,2,6,2,1.5168173299110996,-1,6,3,-1.5740557197190654,-2,-1,-1,3,0,1,0,-1,1,3,0,0,Left,0.6086000000238418
2,R_1ir3HZuypop5xQB,18,j,2,0,453.5,Abolishing fraternities,University Campus should be a Sanctuary,-1,1,2,6,2,1.5168173299110996,2,7,2,1.5168173299110996,-2,2,4,0,1,4,1,-4,4,0,-1,1,Right,0.4535
2,R_1ir3HZuypop5xQB,19,f,1,1,893.8000000715256,Increased Gun regulations,Abolishing fraternities,-1,-1,1,5,2,0.48652631336771124,2,6,2,1.5168173299110996,-1,-2,1,-1,-1,1,1,1,-1,-1,-1,0,Left,0.8938000000715256
2,R_1ir3HZuypop5xQB,20,f,1,1,3369.2000000476837,Safe injection locations,Mandatory drug tests for welfare recipients,1,1,2,4,1,1.5168173299110996,1,2,1,0.48652631336771124,2,1,1,1,2,1,2,1,-1,1,2,0,Left,3.369200000047684
2,R_1ir3HZuypop5xQB,21,f,1,1,236.69999992847443,Ban on ethnic Halloween costumes,War on Drugs,-1,1,-1,5,3,-1.5740557197190654,2,5,2,1.5168173299110996,1,2,-1,-3,0,1,0,-1,1,-3,0,0,Left,0.23669999992847443
2,R_1ir3HZuypop5xQB,22,f,1,1,4596,Expel students with white nationlist views,Safe injection locations,-1,1,2,3,3,1.5168173299110996,2,4,1,1.5168173299110996,-2,2,-4,0,-1,4,1,-4,4,0,-1,0,Left,4.596
2,R_1ir3HZuypop5xQB,23,f,1,1,2111.2999999523163,Abolishing fraternities,"Boycott, Divest, and Sanction Israel",1,1,2,6,2,1.5168173299110996,-1,6,3,-1.5740557197190654,2,-1,3,3,0,3,0,3,-3,3,0,0,Left,2.1112999999523163
2,R_1ir3HZuypop5xQB,24,f,1,1,515.0999999046326,Abolishing fraternities,Recognize Jerusalem as capital of Israel,1,-1,2,6,2,1.5168173299110996,0,7,3,-0.543764703175677,2,-0,2,2,-1,2,1,2,-2,2,-1,0,Left,0.5150999999046326
2,R_1ir3HZuypop5xQB,25,f,1,1,386,Increased Gun regulations,War on Drugs,-1,1,1,5,2,0.48652631336771124,2,5,2,1.5168173299110996,-1,2,-3,-1,0,3,0,-3,3,-1,0,0,Left,0.386
2,R_1ir3HZuypop5xQB,26,f,1,1,459.3000000715256,University Campus should be a Sanctuary,Safe injection locations,1,-1,2,7,2,1.5168173299110996,2,4,1,1.5168173299110996,2,-2,4,0,3,4,3,4,-4,0,3,0,Left,0.45930000007152555
2,R_1ir3HZuypop5xQB,27,j,2,0,1728.6000000238419,Safe injection locations,Safe injection locations,1,-1,2,4,1,1.5168173299110996,2,4,1,1.5168173299110996,2,-2,-4,0,0,4,0,4,-4,0,0,1,Right,1.728600000023842
2,R_1ir3HZuypop5xQB,28,j,2,0,352.39999997615814,Abolishing fraternities,War on Drugs,1,1,2,6,2,1.5168173299110996,2,5,2,1.5168173299110996,2,2,0,0,-1,0,1,0,0,0,1,1,Right,0.3523999999761581
2,R_1ir3HZuypop5xQB,29,f,1,1,963.5,Abolishing fraternities,Affirmative action,1,1,2,6,2,1.5168173299110996,1,7,2,0.48652631336771124,2,1,1,1,-1,1,1,1,-1,1,-1,0,Left,0.9635
2,R_1ir3HZuypop5xQB,30,j,2,0,214.29999995231628,Safe injection locations,Gun-free campus police,1,1,2,4,1,1.5168173299110996,1,5,2,0.48652631336771124,2,1,-1,-1,1,1,1,1,-1,1,-1,1,Right,0.21429999995231627
2,R_1ir3HZuypop5xQB,31,f,1,1,314.7000000476837,Dorms determined by gender identity,Abolishing fraternities,1,-1,1,4,2,0.48652631336771124,2,6,2,1.5168173299110996,1,-2,3,-1,-2,3,2,3,-3,-1,-2,0,Left,0.3147000000476837
2,R_1ir3HZuypop5xQB,33,f,1,1,1087.5,Abolishing private prisons,Abolishing fraternities,-1,1,0,5,3,-0.543764703175677,2,6,2,1.5168173299110996,-0,2,-2,-2,-1,2,1,-2,2,-2,-1,0,Left,1.0875
2,R_1ir3HZuypop5xQB,35,j,2,0,401.59999990463257,Affirmative action,War on Drugs,1,1,1,7,2,0.48652631336771124,2,5,2,1.5168173299110996,1,2,1,1,-2,1,2,-1,1,-1,2,1,Right,0.4015999999046326
2,R_1ir3HZuypop5xQB,36,j,2,0,770.2000000476837,On campus concealed carry,War on Drugs,1,-1,2,4,2,1.5168173299110996,2,5,2,1.5168173299110996,2,-2,-4,0,1,4,1,4,-4,0,-1,1,Right,0.7702000000476837
2,R_1ir3HZuypop5xQB,37,f,1,1,1271.8000000715256,On campus concealed carry,Abolishing fraternities,-1,-1,2,4,2,1.5168173299110996,2,6,2,1.5168173299110996,-2,-2,0,0,-2,0,2,0,0,0,-2,0,Left,1.2718000000715255
2,R_1ir3HZuypop5xQB,38,f,1,1,1704.7999999523163,Hardening schools/Arming teachers,Abolishing fraternities,1,1,0,4,3,-0.543764703175677,2,6,2,1.5168173299110996,0,2,-2,-2,-2,2,2,-2,2,-2,-2,0,Left,1.7047999999523162
2,R_1ir3HZuypop5xQB,39,f,1,1,859.6999999284744,Abolishing fraternities,Remove Christopher Columbus statues,-1,1,2,6,2,1.5168173299110996,0,6,1,-0.543764703175677,-2,0,-2,2,0,2,0,-2,2,2,0,0,Left,0.8596999999284745
2,R_1ir3HZuypop5xQB,40,f,1,1,503.7000000476837,Abolishing fraternities,Climate change legislation,1,1,2,6,2,1.5168173299110996,1,4,2,0.48652631336771124,2,1,1,1,2,1,2,1,-1,1,2,0,Left,0.5037000000476837
2,R_1ir3HZuypop5xQB,41,j,2,0,309.2999999523163,Cuts to National Parks budget,War on Drugs,1,1,1,4,2,0.48652631336771124,2,5,2,1.5168173299110996,1,2,1,1,1,1,1,-1,1,-1,-1,1,Right,0.3092999999523163
2,R_1ir3HZuypop5xQB,42,f,1,1,365.09999990463257,Mandatory drug tests for welfare recipients,Safe injection locations,-1,-1,1,2,1,0.48652631336771124,2,4,1,1.5168173299110996,-1,-2,1,-1,-2,1,2,1,-1,-1,-2,0,Left,0.36509999990463254
2,R_1ir3HZuypop5xQB,43,f,1,1,226.5,On campus concealed carry,University Campus should be a Sanctuary,1,-1,2,4,2,1.5168173299110996,2,7,2,1.5168173299110996,2,-2,4,0,-3,4,3,4,-4,0,-3,0,Left,0.2265
2,R_1ir3HZuypop5xQB,44,f,1,1,158.70000004768372,"Boycott, Divest, and Sanction Israel",Abolishing fraternities,-1,1,-1,6,3,-1.5740557197190654,2,6,2,1.5168173299110996,1,2,-1,-3,0,1,0,-1,1,-3,0,0,Left,0.15870000004768373
2,R_1ir3HZuypop5xQB,45,f,1,1,1094.2999999523163,University Campus should be a Sanctuary,Abolishing fraternities,-1,1,2,7,2,1.5168173299110996,2,6,2,1.5168173299110996,-2,2,-4,0,1,4,1,-4,4,0,1,0,Left,1.0942999999523162
2,R_1ir3HZuypop5xQB,46,f,1,1,1089.1000000238419,Abolishing fraternities,"Boycott, Divest, and Sanction Israel",-1,-1,2,6,2,1.5168173299110996,-1,6,3,-1.5740557197190654,-2,1,-3,3,0,3,0,-3,3,3,0,0,Left,1.0891000000238418
2,R_1ir3HZuypop5xQB,47,f,1,1,207.19999992847443,Lift COVID lockdowns,Abolishing fraternities,1,-1,0,2,3,-0.543764703175677,2,6,2,1.5168173299110996,0,-2,2,-2,-4,2,4,2,-2,-2,-4,0,Left,0.20719999992847443
2,R_1ir3HZuypop5xQB,48,f,1,1,970.6999999284744,Abolishing private prisons,Safe injection locations,1,-1,0,5,3,-0.543764703175677,2,4,1,1.5168173299110996,0,-2,2,-2,1,2,1,2,-2,-2,1,0,Left,0.9706999999284744
2,R_1ir3HZuypop5xQB,49,j,2,0,1095.5,Stop police brutality,Safe injection locations,1,-1,-1,7,3,-1.5740557197190654,2,4,1,1.5168173299110996,-1,-2,-1,3,-3,1,3,1,-1,-3,3,1,Right,1.0955
2,R_1ir3HZuypop5xQB,50,j,2,0,2314.7999999523163,War on Drugs,Expel students with white nationlist views,1,1,2,5,2,1.5168173299110996,2,3,3,1.5168173299110996,2,2,0,0,-2,0,2,0,0,0,2,1,Right,2.3147999999523163
2,R_1ir3HZuypop5xQB,52,f,1,1,781.7000000476837,Safe injection locations,Bathrooms restricted based on biological sex,-1,1,2,4,1,1.5168173299110996,0,2,3,-0.543764703175677,-2,0,-2,2,2,2,2,-2,2,2,2,0,Left,0.7817000000476837
2,R_1ir3HZuypop5xQB,53,f,1,1,235,Ban on ethnic Halloween costumes,Abolishing fraternities,-1,-1,-1,5,3,-1.5740557197190654,2,6,2,1.5168173299110996,1,-2,3,-3,-1,3,1,3,-3,-3,-1,0,Left,0.235
2,R_1ir3HZuypop5xQB,54,j,2,0,1037.1000000238419,Remove Christopher Columbus statues,On campus concealed carry,-1,1,0,6,1,-0.543764703175677,2,4,2,1.5168173299110996,-0,2,2,2,-2,2,2,-2,2,-2,2,1,Right,1.037100000023842
2,R_1ir3HZuypop5xQB,55,j,2,0,443.2999999523163,Abolishing fraternities,War on Drugs,-1,-1,2,6,2,1.5168173299110996,2,5,2,1.5168173299110996,-2,-2,0,0,-1,0,1,0,0,0,1,1,Right,0.4432999999523163
2,R_1ir3HZuypop5xQB,56,j,2,0,462.39999997615814,Black Lives Matter,On campus concealed carry,-1,1,1,4,2,0.48652631336771124,2,4,2,1.5168173299110996,-1,2,3,1,0,3,0,-3,3,-1,0,1,Right,0.46239999997615816
2,R_1ir3HZuypop5xQB,57,j,2,0,1151.7000000476837,Abolishing fraternities,University Campus should be a Sanctuary,1,1,2,6,2,1.5168173299110996,2,7,2,1.5168173299110996,2,2,0,0,1,0,1,0,0,0,-1,1,Right,1.1517000000476838
2,R_1ir3HZuypop5xQB,58,f,1,1,944.7999999523163,Abolishing fraternities,University Campus should be a Sanctuary,-1,-1,2,6,2,1.5168173299110996,2,7,2,1.5168173299110996,-2,-2,0,0,-1,0,1,0,0,0,-1,0,Left,0.9447999999523163
2,R_1ir3HZuypop5xQB,59,f,1,1,291,War on Drugs,Stop police brutality,1,1,2,5,2,1.5168173299110996,-1,7,3,-1.5740557197190654,2,-1,3,3,-2,3,2,3,-3,3,-2,0,Left,0.291
2,R_1ir3HZuypop5xQB,60,f,1,1,229,Safe injection locations,Expel students with white nationlist views,-1,-1,2,4,1,1.5168173299110996,2,3,3,1.5168173299110996,-2,-2,0,0,1,0,1,0,0,0,1,0,Left,0.229
2,R_1ir3HZuypop5xQB,61,f,1,1,2163.600000023842,Abolishing fraternities,Abolishing fraternities,1,-1,2,6,2,1.5168173299110996,2,6,2,1.5168173299110996,2,-2,4,0,0,4,0,4,-4,0,0,0,Left,2.163600000023842
2,R_1ir3HZuypop5xQB,62,f,1,1,519.2000000476837,Safe injection locations,Mask mandates,1,-1,2,4,1,1.5168173299110996,0,4,3,-0.543764703175677,2,-0,2,2,0,2,0,2,-2,2,0,0,Left,0.5192000000476837
2,R_1ir3HZuypop5xQB,63,f,1,1,671.4000000953674,War on Drugs,On campus concealed carry,-1,-1,2,5,2,1.5168173299110996,2,4,2,1.5168173299110996,-2,-2,0,0,1,0,1,0,0,0,1,0,Left,0.6714000000953674
2,R_1ir3HZuypop5xQB,64,j,2,0,448.10000002384186,Abolishing fraternities,Expel students with white nationlist views,-1,-1,2,6,2,1.5168173299110996,2,3,3,1.5168173299110996,-2,-2,0,0,-3,0,3,0,0,0,3,1,Right,0.44810000002384187
2,R_1ir3HZuypop5xQB,65,j,2,0,1105.5,Defund the police,On campus concealed carry,-1,1,1,7,2,0.48652631336771124,2,4,2,1.5168173299110996,-1,2,3,1,-3,3,3,-3,3,-1,3,1,Right,1.1055
2,R_1ir3HZuypop5xQB,66,j,2,0,694,Abolishing fraternities,Recognize Jerusalem as capital of Israel,-1,1,2,6,2,1.5168173299110996,0,7,3,-0.543764703175677,-2,0,2,-2,1,2,1,-2,2,2,-1,1,Right,0.694
2,R_1ir3HZuypop5xQB,67,f,1,1,344.89999997615814,Cuts to National Parks budget,Safe injection locations,1,1,1,4,2,0.48652631336771124,2,4,1,1.5168173299110996,1,2,-1,-1,0,1,0,-1,1,-1,0,0,Left,0.34489999997615817
2,R_1ir3HZuypop5xQB,68,j,2,0,855.1000000238419,Safe injection locations,Mandatory training on sexual consent,-1,1,2,4,1,1.5168173299110996,0,4,2,-0.543764703175677,-2,0,2,-2,0,2,0,-2,2,2,0,1,Right,0.8551000000238419
2,R_1ir3HZuypop5xQB,69,f,1,1,1558.7999999523163,Abolishing fraternities,Detention of migrant children,1,-1,2,6,2,1.5168173299110996,2,3,3,1.5168173299110996,2,-2,4,0,3,4,3,4,-4,0,3,0,Left,1.5587999999523163
2,R_1ir3HZuypop5xQB,70,f,1,1,258.60000002384186,Safe injection locations,Abolishing private prisons,1,1,2,4,1,1.5168173299110996,0,5,3,-0.543764703175677,2,0,2,2,-1,2,1,2,-2,2,-1,0,Left,0.25860000002384187
2,R_1ir3HZuypop5xQB,71,f,1,1,860,Abolishing fraternities,Black Lives Matter,-1,-1,2,6,2,1.5168173299110996,1,4,2,0.48652631336771124,-2,-1,-1,1,2,1,2,-1,1,1,2,0,Left,0.86
2,R_1ir3HZuypop5xQB,72,j,2,0,534.0999999046326,War on Drugs,Abolishing fraternities,1,-1,2,5,2,1.5168173299110996,2,6,2,1.5168173299110996,2,-2,-4,0,1,4,1,4,-4,0,-1,1,Right,0.5340999999046325
2,R_1ir3HZuypop5xQB,73,j,2,0,875.3999999761581,Bathrooms restricted based on biological sex,On campus concealed carry,-1,1,0,2,3,-0.543764703175677,2,4,2,1.5168173299110996,-0,2,2,2,2,2,2,-2,2,-2,-2,1,Right,0.8753999999761581
2,R_1ir3HZuypop5xQB,74,f,1,1,184.80000007152557,"Boycott, Divest, and Sanction Israel",On campus concealed carry,1,1,-1,6,3,-1.5740557197190654,2,4,2,1.5168173299110996,-1,2,-3,-3,2,3,2,-3,3,-3,2,0,Left,0.18480000007152558
2,R_1ir3HZuypop5xQB,76,j,2,0,263.89999997615814,Ban on ethnic Halloween costumes,Abolishing fraternities,-1,1,-1,5,3,-1.5740557197190654,2,6,2,1.5168173299110996,1,2,1,3,1,1,1,-1,1,-3,-1,1,Right,0.26389999997615815
2,R_1ir3HZuypop5xQB,77,f,1,1,1044.8999999761581,War on Drugs,War on Drugs,-1,1,2,5,2,1.5168173299110996,2,5,2,1.5168173299110996,-2,2,-4,0,0,4,0,-4,4,0,0,0,Left,1.0448999999761581
2,R_1ir3HZuypop5xQB,78,f,1,1,352.5,Abolishing fraternities,On campus concealed carry,1,1,2,6,2,1.5168173299110996,2,4,2,1.5168173299110996,2,2,0,0,2,0,2,0,0,0,2,0,Left,0.3525
2,R_1ir3HZuypop5xQB,81,j,2,0,327.7999999523163,Ban on ethnic Halloween costumes,On campus concealed carry,1,-1,-1,5,3,-1.5740557197190654,2,4,2,1.5168173299110996,-1,-2,-1,3,-1,1,1,1,-1,-3,1,1,Right,0.3277999999523163
2,R_1ir3HZuypop5xQB,82,j,2,0,423.89999997615814,On campus concealed carry,Gun-free campus police,-1,1,2,4,2,1.5168173299110996,1,5,2,0.48652631336771124,-2,1,3,-1,1,3,1,-3,3,1,-1,1,Right,0.4238999999761581
2,R_1ir3HZuypop5xQB,83,f,1,1,151,Detention of migrant children,Abolishing fraternities,1,-1,2,3,3,1.5168173299110996,2,6,2,1.5168173299110996,2,-2,4,0,-3,4,3,4,-4,0,-3,0,Left,0.151
2,R_1ir3HZuypop5xQB,84,j,2,0,216,On campus concealed carry,Affirmative action,1,1,2,4,2,1.5168173299110996,1,7,2,0.48652631336771124,2,1,-1,-1,3,1,3,1,-1,1,-3,1,Right,0.216
2,R_1ir3HZuypop5xQB,85,j,2,0,235.39999997615814,Abolishing fraternities,Stop police brutality,1,1,2,6,2,1.5168173299110996,-1,7,3,-1.5740557197190654,2,-1,-3,-3,1,3,1,3,-3,3,-1,1,Right,0.23539999997615815
2,R_1ir3HZuypop5xQB,88,j,2,0,624.1999999284744,Mandatory drug tests for welfare recipients,Abolishing fraternities,1,1,1,2,1,0.48652631336771124,2,6,2,1.5168173299110996,1,2,1,1,4,1,4,-1,1,-1,-4,1,Right,0.6241999999284744
2,R_1ir3HZuypop5xQB,89,j,2,0,607.6000000238419,Recognize Jerusalem as capital of Israel,Safe injection locations,-1,1,0,7,3,-0.543764703175677,2,4,1,1.5168173299110996,-0,2,2,2,-3,2,3,-2,2,-2,3,1,Right,0.6076000000238418
2,R_1ir3HZuypop5xQB,90,j,2,0,742.2000000476837,Dorms determined by gender identity,On campus concealed carry,1,-1,1,4,2,0.48652631336771124,2,4,2,1.5168173299110996,1,-2,-3,1,0,3,0,3,-3,-1,0,1,Right,0.7422000000476837
2,R_1ir3HZuypop5xQB,91,j,2,0,533.5,On campus concealed carry,Abolishing fraternities,1,-1,2,4,2,1.5168173299110996,2,6,2,1.5168173299110996,2,-2,-4,0,2,4,2,4,-4,0,-2,1,Right,0.5335
2,R_1ir3HZuypop5xQB,93,j,2,0,310.7000000476837,On campus concealed carry,"Boycott, Divest, and Sanction Israel",1,-1,2,4,2,1.5168173299110996,-1,6,3,-1.5740557197190654,2,1,-1,-3,2,1,2,1,-1,3,-2,1,Right,0.3107000000476837
2,R_1ir3HZuypop5xQB,94,j,2,0,279.10000002384186,Mandatory drug tests for welfare recipients,On campus concealed carry,-1,1,1,2,1,0.48652631336771124,2,4,2,1.5168173299110996,-1,2,3,1,2,3,2,-3,3,-1,-2,1,Right,0.27910000002384183
2,R_1ir3HZuypop5xQB,96,j,2,0,825.3999999761581,Safe injection locations,Affirmative action,-1,1,2,4,1,1.5168173299110996,1,7,2,0.48652631336771124,-2,1,3,-1,3,3,3,-3,3,1,-3,1,Right,0.8253999999761581
2,R_1ir3HZuypop5xQB,97,f,1,1,165.40000009536743,Abolishing fraternities,Expel students with white nationlist views,1,1,2,6,2,1.5168173299110996,2,3,3,1.5168173299110996,2,2,0,0,3,0,3,0,0,0,3,0,Left,0.16540000009536743
2,R_1ir3HZuypop5xQB,98,f,1,1,256.7000000476837,War on Drugs,Safe injection locations,1,-1,2,5,2,1.5168173299110996,2,4,1,1.5168173299110996,2,-2,4,0,1,4,1,4,-4,0,1,0,Left,0.25670000004768373
2,R_1ir3HZuypop5xQB,99,f,1,1,361.2000000476837,University Campus should be a Sanctuary,War on Drugs,1,1,2,7,2,1.5168173299110996,2,5,2,1.5168173299110996,2,2,0,0,2,0,2,0,0,0,2,0,Left,0.3612000000476837
13,R_2Si8iSDiTMldrAB,1,j,2,0,11777.300000000745,Climate change legislation,On campus concealed carry,-1,1,3,8,3,1.1278690186247062,1,1,3,0.31874559222002574,-3,1,4,-2,-7,4,7,-4,4,2,7,1,Right,11.777300000000745
13,R_2Si8iSDiTMldrAB,2,j,2,0,4628.199999999255,Bathrooms restricted based on biological sex,Build southern border wall,1,-1,-3,4,4,-1.2995012605893355,-3,8,4,-1.2995012605893355,-3,3,6,0,4,6,4,-6,6,0,-4,1,Right,4.628199999999255
13,R_2Si8iSDiTMldrAB,3,f,1,1,7049.0999999996275,Cuts to National Parks budget,Student worker unionization,-1,-1,-2,5,3,-0.8949395473869951,3,5,4,1.1278690186247062,2,-3,5,-5,0,5,0,5,-5,-5,0,0,Left,7.049099999999627
13,R_2Si8iSDiTMldrAB,4,f,1,1,3372.9000000003725,Student worker unionization,Mask mandates,-1,-1,3,5,4,1.1278690186247062,3,7,4,1.1278690186247062,-3,-3,0,0,-2,0,2,0,0,0,-2,0,Left,3.3729000000003726
13,R_2Si8iSDiTMldrAB,5,f,1,1,3633.9000000003725,Climate change legislation,Defund Planned Parenthood,1,1,3,8,3,1.1278690186247062,-3,7,2,-1.2995012605893355,3,-3,6,6,1,6,1,6,-6,6,1,0,Left,3.6339000000003727
13,R_2Si8iSDiTMldrAB,6,f,1,1,4636.5999999996275,Affirmative action,Abolishing private prisons,1,-1,2,4,3,0.7233073054223661,3,8,4,1.1278690186247062,2,-3,5,-1,-4,5,4,5,-5,-1,-4,0,Left,4.6365999999996275
13,R_2Si8iSDiTMldrAB,7,f,1,1,3763,Black Lives Matter,Allow alt-right speakers on campus,1,1,3,8,4,1.1278690186247062,-3,6,4,-1.2995012605893355,3,-3,6,6,2,6,2,6,-6,6,2,0,Left,3.763
13,R_2Si8iSDiTMldrAB,8,f,1,1,6612.9000000003725,Expel students with white nationlist views,War on Drugs,-1,1,3,8,4,1.1278690186247062,-3,7,4,-1.2995012605893355,-3,-3,0,6,1,0,1,0,0,6,1,0,Left,6.612900000000373
13,R_2Si8iSDiTMldrAB,9,f,1,1,4194.0999999996275,Remove police from schools,Climate change legislation,-1,-1,1,2,4,0.31874559222002574,3,8,3,1.1278690186247062,-1,-3,2,-2,-6,2,6,2,-2,-2,-6,0,Left,4.194099999999628
13,R_2Si8iSDiTMldrAB,10,j,2,0,4783.5,On campus concealed carry,Student worker unionization,-1,1,1,1,3,0.31874559222002574,3,5,4,1.1278690186247062,-1,3,4,2,4,4,4,-4,4,-2,-4,1,Right,4.7835
13,R_2Si8iSDiTMldrAB,11,f,1,1,5525.5,Student worker unionization,Increased Gun regulations,-1,-1,3,5,4,1.1278690186247062,2,6,3,0.7233073054223661,-3,-2,-1,1,-1,1,1,-1,1,1,-1,0,Left,5.5255
13,R_2Si8iSDiTMldrAB,12,f,1,1,8602.10000000149,On campus concealed carry,Climate change legislation,-1,-1,1,1,3,0.31874559222002574,3,8,3,1.1278690186247062,-1,-3,2,-2,-7,2,7,2,-2,-2,-7,0,Left,8.60210000000149
13,R_2Si8iSDiTMldrAB,13,f,1,1,26663.60000000149,Student worker unionization,Ban on research with animals,1,-1,3,5,4,1.1278690186247062,-1,0,3,-0.4903778341846548,3,1,2,4,5,2,5,2,-2,4,5,0,Left,26.66360000000149
13,R_2Si8iSDiTMldrAB,14,j,2,0,2640.4000000003725,War on Drugs,Student worker unionization,1,1,-3,7,4,-1.2995012605893355,3,5,4,1.1278690186247062,-3,3,6,6,-2,6,2,-6,6,-6,2,1,Right,2.6404000000003727
13,R_2Si8iSDiTMldrAB,15,j,2,0,8270.800000000745,Religious exemptions for discrimination laws,Student worker unionization,1,1,-1,0,1,-0.4903778341846548,3,5,4,1.1278690186247062,-1,3,4,4,5,4,5,-4,4,-4,-5,1,Right,8.270800000000746
13,R_2Si8iSDiTMldrAB,16,j,2,0,2937.0999999996275,Student worker unionization,On campus concealed carry,-1,1,3,5,4,1.1278690186247062,1,1,3,0.31874559222002574,-3,1,4,-2,-4,4,4,-4,4,2,4,1,Right,2.9370999999996275
13,R_2Si8iSDiTMldrAB,17,j,2,0,2885.800000000745,Bathrooms restricted based on biological sex,Student worker unionization,1,-1,-3,4,4,-1.2995012605893355,3,5,4,1.1278690186247062,-3,-3,0,6,1,0,1,0,0,-6,-1,1,Right,2.885800000000745
13,R_2Si8iSDiTMldrAB,18,f,1,1,16392.5,Abolishing private prisons,Mask mandates,1,1,3,8,4,1.1278690186247062,3,7,4,1.1278690186247062,3,3,0,0,1,0,1,0,0,0,1,0,Left,16.3925
13,R_2Si8iSDiTMldrAB,19,j,2,0,20376,Student worker unionization,Remove police from schools,-1,1,3,5,4,1.1278690186247062,1,2,4,0.31874559222002574,-3,1,4,-2,-3,4,3,-4,4,2,3,1,Right,20.376
13,R_2Si8iSDiTMldrAB,20,j,2,0,20417.199999999255,Mandatory vaccinations,Student worker unionization,-1,1,1,6,3,0.31874559222002574,3,5,4,1.1278690186247062,-1,3,4,2,-1,4,1,-4,4,-2,1,1,Right,20.417199999999255
13,R_2Si8iSDiTMldrAB,21,f,1,1,3970.7999999988824,Increased Gun regulations,Student worker unionization,1,1,2,6,3,0.7233073054223661,3,5,4,1.1278690186247062,2,3,-1,-1,1,1,1,-1,1,-1,1,0,Left,3.9707999999988823
13,R_2Si8iSDiTMldrAB,22,f,1,1,6911.9000000003725,Student worker unionization,Hardening schools/Arming teachers,-1,1,3,5,4,1.1278690186247062,-3,6,4,-1.2995012605893355,-3,-3,0,6,-1,0,1,0,0,6,-1,0,Left,6.911900000000372
13,R_2Si8iSDiTMldrAB,23,f,1,1,3215.2999999988824,Student worker unionization,Dorms determined by gender identity,-1,1,3,5,4,1.1278690186247062,-2,4,1,-0.8949395473869951,-3,-2,-1,5,1,1,1,-1,1,5,1,0,Left,3.2152999999988823
13,R_2Si8iSDiTMldrAB,24,j,2,0,1771.3999999985099,Abolishing private prisons,Student worker unionization,-1,1,3,8,4,1.1278690186247062,3,5,4,1.1278690186247062,-3,3,6,0,-3,6,3,-6,6,0,3,1,Right,1.77139999999851
13,R_2Si8iSDiTMldrAB,25,j,2,0,2961.4000000003725,Student worker unionization,Allow alt-right speakers on campus,-1,-1,3,5,4,1.1278690186247062,-3,6,4,-1.2995012605893355,-3,3,6,-6,1,6,1,-6,6,6,-1,1,Right,2.9614000000003724
13,R_2Si8iSDiTMldrAB,26,j,2,0,5294.700000001118,Build southern border wall,Abolishing fraternities,1,1,-3,8,4,-1.2995012605893355,1,4,3,0.31874559222002574,-3,1,4,4,-4,4,4,-4,4,-4,4,1,Right,5.294700000001118
13,R_2Si8iSDiTMldrAB,27,f,1,1,10465.099999999627,Ban on research with animals,Stop police brutality,1,-1,-1,0,3,-0.4903778341846548,3,8,4,1.1278690186247062,-1,-3,2,-4,-8,2,8,2,-2,-4,-8,0,Left,10.465099999999627
13,R_2Si8iSDiTMldrAB,28,j,2,0,10949.199999999255,Raise the minimum wage,Increased Gun regulations,-1,1,3,8,4,1.1278690186247062,2,6,3,0.7233073054223661,-3,2,5,-1,-2,5,2,-5,5,1,2,1,Right,10.949199999999255
13,R_2Si8iSDiTMldrAB,29,j,2,0,20004,Student worker unionization,Mandatory trigger warnings,1,1,3,5,4,1.1278690186247062,2,5,3,0.7233073054223661,3,2,-1,-1,0,1,0,1,-1,1,0,1,Right,20.004
13,R_2Si8iSDiTMldrAB,30,f,1,1,5703.5999999996275,Ban on research with animals,Student worker unionization,-1,-1,-1,0,3,-0.4903778341846548,3,5,4,1.1278690186247062,1,-3,4,-4,-5,4,5,4,-4,-4,-5,0,Left,5.703599999999628
13,R_2Si8iSDiTMldrAB,31,f,1,1,2383.39999999851,Bathrooms restricted based on biological sex,Black Lives Matter,1,-1,-3,4,4,-1.2995012605893355,3,8,4,1.1278690186247062,-3,-3,0,-6,-4,0,4,0,0,-6,-4,0,Left,2.38339999999851
13,R_2Si8iSDiTMldrAB,32,f,1,1,6345.700000001118,Mask mandates,Student worker unionization,1,1,3,7,4,1.1278690186247062,3,5,4,1.1278690186247062,3,3,0,0,2,0,2,0,0,0,2,0,Left,6.345700000001117
13,R_2Si8iSDiTMldrAB,33,j,2,0,3702.0999999996275,Religious exemptions for discrimination laws,Student worker unionization,1,-1,-1,0,1,-0.4903778341846548,3,5,4,1.1278690186247062,-1,-3,-2,4,5,2,5,2,-2,-4,-5,1,Right,3.7020999999996276
13,R_2Si8iSDiTMldrAB,34,j,2,0,13820.199999999255,Student worker unionization,Remove police from schools,1,1,3,5,4,1.1278690186247062,1,2,4,0.31874559222002574,3,1,-2,-2,-3,2,3,2,-2,2,3,1,Right,13.820199999999256
13,R_2Si8iSDiTMldrAB,35,j,2,0,14601.699999999255,Expel students with white nationlist views,Cuts to National Parks budget,-1,1,3,8,4,1.1278690186247062,-2,5,3,-0.8949395473869951,-3,-2,1,-5,-3,1,3,-1,1,5,3,1,Right,14.601699999999255
13,R_2Si8iSDiTMldrAB,36,f,1,1,2859.89999999851,On campus concealed carry,Student worker unionization,1,1,1,1,3,0.31874559222002574,3,5,4,1.1278690186247062,1,3,-2,-2,-4,2,4,-2,2,-2,-4,0,Left,2.8598999999985097
13,R_2Si8iSDiTMldrAB,37,j,2,0,3116.0999999996275,Increased Gun regulations,Climate change legislation,-1,1,2,6,3,0.7233073054223661,3,8,3,1.1278690186247062,-2,3,5,1,2,5,2,-5,5,-1,-2,1,Right,3.1160999999996273
13,R_2Si8iSDiTMldrAB,38,f,1,1,3608.5,Student worker unionization,Affirmative action,1,-1,3,5,4,1.1278690186247062,2,4,3,0.7233073054223661,3,-2,5,1,1,5,1,5,-5,1,1,0,Left,3.6085
13,R_2Si8iSDiTMldrAB,39,j,2,0,17779.5,Ban on research with animals,Raise the minimum wage,1,1,-1,0,3,-0.4903778341846548,3,8,4,1.1278690186247062,-1,3,4,4,8,4,8,-4,4,-4,-8,1,Right,17.7795
13,R_2Si8iSDiTMldrAB,40,j,2,0,28775.400000000373,Climate change legislation,Bathrooms restricted based on biological sex,-1,-1,3,8,3,1.1278690186247062,-3,4,4,-1.2995012605893355,-3,3,6,-6,-4,6,4,-6,6,6,4,1,Right,28.775400000000374
13,R_2Si8iSDiTMldrAB,41,f,1,1,5340.9000000003725,Dorms determined by gender identity,Student worker unionization,-1,1,-2,4,1,-0.8949395473869951,3,5,4,1.1278690186247062,2,3,-1,-5,-1,1,1,-1,1,-5,-1,0,Left,5.340900000000373
13,R_2Si8iSDiTMldrAB,42,f,1,1,5650.89999999851,Student worker unionization,Student worker unionization,1,-1,3,5,4,1.1278690186247062,3,5,4,1.1278690186247062,3,-3,6,0,0,6,0,6,-6,0,0,0,Left,5.65089999999851
13,R_2Si8iSDiTMldrAB,43,j,2,0,2071.699999999255,Mandatory vaccinations,Student worker unionization,-1,-1,1,6,3,0.31874559222002574,3,5,4,1.1278690186247062,-1,-3,-2,2,-1,2,1,2,-2,-2,1,1,Right,2.071699999999255
13,R_2Si8iSDiTMldrAB,44,j,2,0,15693,Remove police from schools,Student worker unionization,-1,1,1,2,4,0.31874559222002574,3,5,4,1.1278690186247062,-1,3,4,2,3,4,3,-4,4,-2,-3,1,Right,15.693
13,R_2Si8iSDiTMldrAB,45,f,1,1,10066.5,Student worker unionization,Abolishing fraternities,-1,-1,3,5,4,1.1278690186247062,1,4,3,0.31874559222002574,-3,-1,-2,2,1,2,1,-2,2,2,1,0,Left,10.0665
13,R_2Si8iSDiTMldrAB,46,j,2,0,5085.299999998882,Abortion rights,Hardening schools/Arming teachers,1,-1,3,8,4,1.1278690186247062,-3,6,4,-1.2995012605893355,3,3,0,-6,-2,0,2,0,0,6,2,1,Right,5.085299999998883
13,R_2Si8iSDiTMldrAB,47,f,1,1,1864.199999999255,Stop police brutality,Dorms determined by gender identity,1,1,3,8,4,1.1278690186247062,-2,4,1,-0.8949395473869951,3,-2,5,5,4,5,4,5,-5,5,4,0,Left,1.864199999999255
13,R_2Si8iSDiTMldrAB,48,j,2,0,2238,Remove police from schools,Student worker unionization,-1,-1,1,2,4,0.31874559222002574,3,5,4,1.1278690186247062,-1,-3,-2,2,3,2,3,2,-2,-2,-3,1,Right,2.238
13,R_2Si8iSDiTMldrAB,49,j,2,0,22640.300000000745,Student worker unionization,Gun-free campus police,1,1,3,5,4,1.1278690186247062,0,4,3,-0.08581612098231453,3,0,-3,-3,-1,3,1,3,-3,3,1,1,Right,22.640300000000746
13,R_2Si8iSDiTMldrAB,50,j,2,0,9815.5,Ban on ethnic Halloween costumes,Expel students with white nationlist views,-1,1,0,0,2,-0.08581612098231453,3,8,4,1.1278690186247062,-0,3,3,3,8,3,8,-3,3,-3,-8,1,Right,9.8155
13,R_2Si8iSDiTMldrAB,51,j,2,0,3806,Expel students with white nationlist views,Abolishing fraternities,-1,-1,3,8,4,1.1278690186247062,1,4,3,0.31874559222002574,-3,-1,2,-2,-4,2,4,-2,2,2,4,1,Right,3.806
13,R_2Si8iSDiTMldrAB,52,j,2,0,2748,On campus concealed carry,Student worker unionization,-1,-1,1,1,3,0.31874559222002574,3,5,4,1.1278690186247062,-1,-3,-2,2,4,2,4,2,-2,-2,-4,1,Right,2.748
13,R_2Si8iSDiTMldrAB,53,j,2,0,4204,Student worker unionization,Mandatory vaccinations,1,1,3,5,4,1.1278690186247062,1,6,3,0.31874559222002574,3,1,-2,-2,1,2,1,2,-2,2,-1,1,Right,4.204
13,R_2Si8iSDiTMldrAB,54,f,1,1,2293.800000000745,Climate change legislation,Ban on ethnic Halloween costumes,-1,-1,3,8,3,1.1278690186247062,0,0,2,-0.08581612098231453,-3,-0,-3,3,8,3,8,-3,3,3,8,0,Left,2.2938000000007452
13,R_2Si8iSDiTMldrAB,55,j,2,0,3699.4000000003725,Student worker unionization,Defund Planned Parenthood,-1,-1,3,5,4,1.1278690186247062,-3,7,2,-1.2995012605893355,-3,3,6,-6,2,6,2,-6,6,6,-2,1,Right,3.6994000000003724
13,R_2Si8iSDiTMldrAB,56,f,1,1,2328.199999999255,Mandatory vaccinations,Student worker unionization,1,-1,1,6,3,0.31874559222002574,3,5,4,1.1278690186247062,1,-3,4,-2,1,4,1,4,-4,-2,1,0,Left,2.328199999999255
13,R_2Si8iSDiTMldrAB,57,j,2,0,6890.300000000745,Ban on ethnic Halloween costumes,Student worker unionization,1,1,0,0,2,-0.08581612098231453,3,5,4,1.1278690186247062,0,3,3,3,5,3,5,-3,3,-3,-5,1,Right,6.890300000000745
13,R_2Si8iSDiTMldrAB,58,f,1,1,2708.9000000003725,Mandatory drug tests for welfare recipients,Build southern border wall,1,1,-3,6,3,-1.2995012605893355,-3,8,4,-1.2995012605893355,-3,-3,0,0,-2,0,2,0,0,0,-2,0,Left,2.7089000000003725
13,R_2Si8iSDiTMldrAB,59,f,1,1,5440.4000000003725,Remove public Confederate memorials,On campus concealed carry,1,-1,3,8,4,1.1278690186247062,1,1,3,0.31874559222002574,3,-1,4,2,7,4,7,4,-4,2,7,0,Left,5.4404000000003725
13,R_2Si8iSDiTMldrAB,60,f,1,1,2943.7000000011176,Abolishing fraternities,Student worker unionization,1,-1,1,4,3,0.31874559222002574,3,5,4,1.1278690186247062,1,-3,4,-2,-1,4,1,4,-4,-2,-1,0,Left,2.9437000000011175
13,R_2Si8iSDiTMldrAB,61,j,2,0,2292.699999999255,Expel students with white nationlist views,Bathrooms restricted based on biological sex,1,-1,3,8,4,1.1278690186247062,-3,4,4,-1.2995012605893355,3,3,0,-6,-4,0,4,0,0,6,4,1,Right,2.292699999999255
13,R_2Si8iSDiTMldrAB,62,f,1,1,8397.300000000745,Build southern border wall,Abolishing fraternities,-1,-1,-3,8,4,-1.2995012605893355,1,4,3,0.31874559222002574,3,-1,4,-4,4,4,4,4,-4,-4,4,0,Left,8.397300000000746
13,R_2Si8iSDiTMldrAB,63,j,2,0,4881,Mandatory vaccinations,Abortion rights,-1,1,1,6,3,0.31874559222002574,3,8,4,1.1278690186247062,-1,3,4,2,2,4,2,-4,4,-2,-2,1,Right,4.881
13,R_2Si8iSDiTMldrAB,64,f,1,1,18894.400000000373,Abolishing private prisons,Expel students with white nationlist views,1,-1,3,8,4,1.1278690186247062,3,8,4,1.1278690186247062,3,-3,6,0,0,6,0,6,-6,0,0,0,Left,18.894400000000374
13,R_2Si8iSDiTMldrAB,65,j,2,0,1811.300000000745,Abolishing fraternities,Student worker unionization,-1,1,1,4,3,0.31874559222002574,3,5,4,1.1278690186247062,-1,3,4,2,1,4,1,-4,4,-2,-1,1,Right,1.811300000000745
13,R_2Si8iSDiTMldrAB,66,f,1,1,5420.4000000003725,Student worker unionization,Mandatory trigger warnings,1,-1,3,5,4,1.1278690186247062,2,5,3,0.7233073054223661,3,-2,5,1,0,5,0,5,-5,1,0,0,Left,5.420400000000373
13,R_2Si8iSDiTMldrAB,67,j,2,0,17574,Climate change legislation,War on Drugs,-1,-1,3,8,3,1.1278690186247062,-3,7,4,-1.2995012605893355,-3,3,6,-6,-1,6,1,-6,6,6,1,1,Right,17.574
13,R_2Si8iSDiTMldrAB,68,j,2,0,36161.800000000745,Remove police from schools,Remove public Confederate memorials,-1,1,1,2,4,0.31874559222002574,3,8,4,1.1278690186247062,-1,3,4,2,6,4,6,-4,4,-2,-6,1,Right,36.161800000000746
13,R_2Si8iSDiTMldrAB,69,j,2,0,7428.200000001118,Mandatory trigger warnings,Student worker unionization,-1,-1,2,5,3,0.7233073054223661,3,5,4,1.1278690186247062,-2,-3,-1,1,0,1,0,1,-1,-1,0,1,Right,7.428200000001118
13,R_2Si8iSDiTMldrAB,70,f,1,1,7280.4000000003725,Mandatory vaccinations,Remove public Confederate memorials,1,-1,1,6,3,0.31874559222002574,3,8,4,1.1278690186247062,1,-3,4,-2,-2,4,2,4,-4,-2,-2,0,Left,7.280400000000372
13,R_2Si8iSDiTMldrAB,71,f,1,1,12497.5,Ban on research with animals,Black Lives Matter,-1,-1,-1,0,3,-0.4903778341846548,3,8,4,1.1278690186247062,1,-3,4,-4,-8,4,8,4,-4,-4,-8,0,Left,12.4975
13,R_2Si8iSDiTMldrAB,72,j,2,0,5546.699999999255,Student worker unionization,Stop police brutality,-1,1,3,5,4,1.1278690186247062,3,8,4,1.1278690186247062,-3,3,6,0,3,6,3,-6,6,0,-3,1,Right,5.546699999999255
13,R_2Si8iSDiTMldrAB,73,j,2,0,25141.400000000373,Abolishing private prisons,Mandatory trigger warnings,-1,1,3,8,4,1.1278690186247062,2,5,3,0.7233073054223661,-3,2,5,-1,-3,5,3,-5,5,1,3,1,Right,25.141400000000374
13,R_2Si8iSDiTMldrAB,74,j,2,0,2246.800000000745,Student worker unionization,Expel students with white nationlist views,1,1,3,5,4,1.1278690186247062,3,8,4,1.1278690186247062,3,3,0,0,3,0,3,0,0,0,-3,1,Right,2.246800000000745
13,R_2Si8iSDiTMldrAB,75,f,1,1,2508,Raise the minimum wage,On campus concealed carry,1,1,3,8,4,1.1278690186247062,1,1,3,0.31874559222002574,3,1,2,2,7,2,7,2,-2,2,7,0,Left,2.508
13,R_2Si8iSDiTMldrAB,76,f,1,1,1624.0999999996275,Affirmative action,Student worker unionization,1,-1,2,4,3,0.7233073054223661,3,5,4,1.1278690186247062,2,-3,5,-1,-1,5,1,5,-5,-1,-1,0,Left,1.6240999999996275
13,R_2Si8iSDiTMldrAB,77,f,1,1,3016.699999999255,Build southern border wall,Mandatory vaccinations,1,-1,-3,8,4,-1.2995012605893355,1,6,3,0.31874559222002574,-3,-1,-2,-4,2,2,2,-2,2,-4,2,0,Left,3.016699999999255
13,R_2Si8iSDiTMldrAB,78,j,2,0,3566.60000000149,Affirmative action,Abolishing private prisons,1,1,2,4,3,0.7233073054223661,3,8,4,1.1278690186247062,2,3,1,1,4,1,4,-1,1,-1,-4,1,Right,3.56660000000149
13,R_2Si8iSDiTMldrAB,79,j,2,0,9812,Abortion rights,Increased Gun regulations,-1,-1,3,8,4,1.1278690186247062,2,6,3,0.7233073054223661,-3,-2,1,-1,-2,1,2,-1,1,1,2,1,Right,9.812
13,R_2Si8iSDiTMldrAB,80,f,1,1,4029.800000000745,Raise the minimum wage,Mandatory trigger warnings,1,-1,3,8,4,1.1278690186247062,2,5,3,0.7233073054223661,3,-2,5,1,3,5,3,5,-5,1,3,0,Left,4.029800000000745
13,R_2Si8iSDiTMldrAB,81,j,2,0,10168,Bathrooms restricted based on biological sex,Student worker unionization,1,1,-3,4,4,-1.2995012605893355,3,5,4,1.1278690186247062,-3,3,6,6,1,6,1,-6,6,-6,-1,1,Right,10.168
13,R_2Si8iSDiTMldrAB,82,f,1,1,8563.10000000149,Remove police from schools,Raise the minimum wage,1,-1,1,2,4,0.31874559222002574,3,8,4,1.1278690186247062,1,-3,4,-2,-6,4,6,4,-4,-2,-6,0,Left,8.56310000000149
13,R_2Si8iSDiTMldrAB,83,j,2,0,9510.699999999255,Student worker unionization,Hardening schools/Arming teachers,1,1,3,5,4,1.1278690186247062,-3,6,4,-1.2995012605893355,3,-3,-6,-6,1,6,1,6,-6,6,-1,1,Right,9.510699999999256
13,R_2Si8iSDiTMldrAB,84,j,2,0,2557.4000000003725,Increased Gun regulations,Student worker unionization,-1,1,2,6,3,0.7233073054223661,3,5,4,1.1278690186247062,-2,3,5,1,-1,5,1,-5,5,-1,1,1,Right,2.5574000000003725
13,R_2Si8iSDiTMldrAB,85,f,1,1,2570.5999999996275,Raise the minimum wage,Abolishing fraternities,1,1,3,8,4,1.1278690186247062,1,4,3,0.31874559222002574,3,1,2,2,4,2,4,2,-2,2,4,0,Left,2.5705999999996276
13,R_2Si8iSDiTMldrAB,86,j,2,0,5130.700000001118,Mandatory trigger warnings,Stop police brutality,1,1,2,5,3,0.7233073054223661,3,8,4,1.1278690186247062,2,3,1,1,3,1,3,-1,1,-1,-3,1,Right,5.130700000001117
13,R_2Si8iSDiTMldrAB,87,j,2,0,1905.4000000003725,Expel students with white nationlist views,Student worker unionization,-1,-1,3,8,4,1.1278690186247062,3,5,4,1.1278690186247062,-3,-3,0,0,-3,0,3,0,0,0,3,1,Right,1.9054000000003726
13,R_2Si8iSDiTMldrAB,88,f,1,1,1316.199999999255,Dorms determined by gender identity,Abortion rights,1,-1,-2,4,1,-0.8949395473869951,3,8,4,1.1278690186247062,-2,-3,1,-5,-4,1,4,1,-1,-5,-4,0,Left,1.3161999999992549
13,R_2Si8iSDiTMldrAB,89,f,1,1,3787.5999999996275,Increased Gun regulations,Student worker unionization,1,-1,2,6,3,0.7233073054223661,3,5,4,1.1278690186247062,2,-3,5,-1,1,5,1,5,-5,-1,1,0,Left,3.7875999999996273
13,R_2Si8iSDiTMldrAB,90,j,2,0,1790.699999999255,Increased Gun regulations,Abolishing private prisons,1,1,2,6,3,0.7233073054223661,3,8,4,1.1278690186247062,2,3,1,1,2,1,2,-1,1,-1,-2,1,Right,1.790699999999255
13,R_2Si8iSDiTMldrAB,91,j,2,0,3593.10000000149,Climate change legislation,Mandatory drug tests for welfare recipients,-1,-1,3,8,3,1.1278690186247062,-3,6,3,-1.2995012605893355,-3,3,6,-6,-2,6,2,-6,6,6,2,1,Right,3.59310000000149
13,R_2Si8iSDiTMldrAB,92,j,2,0,4699.9000000003725,Mandatory vaccinations,Raise the minimum wage,1,1,1,6,3,0.31874559222002574,3,8,4,1.1278690186247062,1,3,2,2,2,2,2,-2,2,-2,-2,1,Right,4.699900000000373
13,R_2Si8iSDiTMldrAB,93,f,1,1,3144.800000000745,Gun-free campus police,Stop police brutality,1,-1,0,4,3,-0.08581612098231453,3,8,4,1.1278690186247062,0,-3,3,-3,-4,3,4,3,-3,-3,-4,0,Left,3.1448000000007452
13,R_2Si8iSDiTMldrAB,94,f,1,1,1231.7000000011176,Bathrooms restricted based on biological sex,Student worker unionization,-1,-1,-3,4,4,-1.2995012605893355,3,5,4,1.1278690186247062,3,-3,6,-6,-1,6,1,6,-6,-6,-1,0,Left,1.2317000000011176
13,R_2Si8iSDiTMldrAB,95,j,2,0,4814.4000000003725,Gun-free campus police,Abolishing private prisons,1,1,0,4,3,-0.08581612098231453,3,8,4,1.1278690186247062,0,3,3,3,4,3,4,-3,3,-3,-4,1,Right,4.814400000000372
13,R_2Si8iSDiTMldrAB,96,j,2,0,2543.800000000745,Remove police from schools,Expel students with white nationlist views,1,1,1,2,4,0.31874559222002574,3,8,4,1.1278690186247062,1,3,2,2,6,2,6,-2,2,-2,-6,1,Right,2.5438000000007452
13,R_2Si8iSDiTMldrAB,97,f,1,1,1235.9000000003725,Bathrooms restricted based on biological sex,Student worker unionization,-1,1,-3,4,4,-1.2995012605893355,3,5,4,1.1278690186247062,3,3,0,-6,-1,0,1,0,0,-6,-1,0,Left,1.2359000000003726
13,R_2Si8iSDiTMldrAB,98,f,1,1,2230.5,Abolishing fraternities,Student worker unionization,1,1,1,4,3,0.31874559222002574,3,5,4,1.1278690186247062,1,3,-2,-2,-1,2,1,-2,2,-2,-1,0,Left,2.2305
13,R_2Si8iSDiTMldrAB,99,f,1,1,4052,Stop police brutality,Ban on research with animals,1,-1,3,8,4,1.1278690186247062,-1,0,3,-0.4903778341846548,3,1,2,4,8,2,8,2,-2,4,8,0,Left,4.052
13,R_2Si8iSDiTMldrAB,100,f,1,1,8551.400000000373,Mandatory drug tests for welfare recipients,Student worker unionization,-1,1,-3,6,3,-1.2995012605893355,3,5,4,1.1278690186247062,3,3,0,-6,1,0,1,0,0,-6,1,0,Left,8.551400000000372
1,R_1eEotFgXgjm2k7Z,1,f,1,1,2815.2999999523163,Mandatory trigger warnings,Remove police from schools,-1,1,-2,0,2,-0.6081655365649388,-3,5,2,-1.029203215725281,2,-3,5,1,-5,5,5,5,-5,1,-5,0,Left,2.8152999999523165
1,R_1eEotFgXgjm2k7Z,2,f,1,1,1891.1000000238419,Mandatory drug tests for welfare recipients,Mandatory trigger warnings,1,1,3,6,3,1.4970228592367723,-2,0,2,-0.6081655365649388,3,-2,5,5,6,5,6,5,-5,5,6,0,Left,1.8911000000238418
1,R_1eEotFgXgjm2k7Z,3,j,2,0,6650.599999904633,Stop police brutality,Gun-free campus police,1,1,3,5,3,1.4970228592367723,-2,3,1,-0.6081655365649388,3,-2,-5,-5,-2,5,2,5,-5,5,2,1,Right,6.650599999904633
1,R_1eEotFgXgjm2k7Z,4,f,1,1,2761.0999999046326,Black Lives Matter,Raise the minimum wage,-1,1,-2,7,3,-0.6081655365649388,-3,5,4,-1.029203215725281,2,-3,5,1,2,5,2,5,-5,1,2,0,Left,2.7610999999046326
1,R_1eEotFgXgjm2k7Z,5,j,2,0,4517.699999928474,Affirmative action,Raise the minimum wage,1,1,-2,5,3,-0.6081655365649388,-3,5,4,-1.029203215725281,-2,-3,-1,-1,0,1,0,1,-1,1,0,1,Right,4.517699999928475
1,R_1eEotFgXgjm2k7Z,6,f,1,1,3312.2000000476837,Ban on research with animals,Mandatory drug tests for welfare recipients,1,-1,2,6,3,1.07598518007643,3,6,3,1.4970228592367723,2,-3,5,-1,0,5,0,5,-5,-1,0,0,Left,3.312200000047684
1,R_1eEotFgXgjm2k7Z,7,j,2,0,7201.899999976158,Lift COVID lockdowns,Mask mandates,-1,1,3,5,3,1.4970228592367723,-3,3,4,-1.029203215725281,-3,-3,0,-6,-2,0,2,0,0,6,2,1,Right,7.201899999976158
1,R_1eEotFgXgjm2k7Z,8,j,2,0,5601,Mandatory trigger warnings,Mandatory drug tests for welfare recipients,-1,1,-2,0,2,-0.6081655365649388,3,6,3,1.4970228592367723,2,3,1,5,6,1,6,-1,1,-5,-6,1,Right,5.601
1,R_1eEotFgXgjm2k7Z,9,f,1,1,2373.899999976158,Mandatory drug tests for welfare recipients,Affirmative action,1,1,3,6,3,1.4970228592367723,-2,5,3,-0.6081655365649388,3,-2,5,5,1,5,1,5,-5,5,1,0,Left,2.373899999976158
1,R_1eEotFgXgjm2k7Z,10,j,2,0,3915.5,Abolishing fraternities,Remove Christopher Columbus statues,1,-1,-2,2,1,-0.6081655365649388,-3,5,2,-1.029203215725281,-2,3,5,-1,3,5,3,-5,5,1,-3,1,Right,3.9155
1,R_1eEotFgXgjm2k7Z,11,f,1,1,3460.7999999523163,Mandatory vaccinations,Mandatory drug tests for welfare recipients,-1,-1,-3,8,4,-1.029203215725281,3,6,3,1.4970228592367723,3,-3,6,-6,2,6,2,6,-6,-6,2,0,Left,3.4607999999523162
1,R_1eEotFgXgjm2k7Z,12,j,2,0,3350.6999999284744,War on Drugs,Mandatory drug tests for welfare recipients,-1,1,3,7,4,1.4970228592367723,3,6,3,1.4970228592367723,-3,3,6,0,-1,6,1,-6,6,0,1,1,Right,3.3506999999284743
1,R_1eEotFgXgjm2k7Z,13,j,2,0,4227.200000047684,Raise the minimum wage,Hardening schools/Arming teachers,1,1,-3,5,4,-1.029203215725281,1,1,1,0.6549475009160878,-3,1,4,4,-4,4,4,-4,4,-4,4,1,Right,4.2272000000476835
1,R_1eEotFgXgjm2k7Z,14,f,1,1,7418.899999976158,Mandatory drug tests for welfare recipients,Abortion rights,1,1,3,6,3,1.4970228592367723,2,1,4,1.07598518007643,3,2,1,1,5,1,5,1,-1,1,5,0,Left,7.4188999999761585
1,R_1eEotFgXgjm2k7Z,15,j,2,0,2407.5,Legalization of marijuana,Climate change legislation,1,-1,-3,5,3,-1.029203215725281,-2,1,2,-0.6081655365649388,-3,2,5,1,-4,5,4,-5,5,-1,4,1,Right,2.4075
1,R_1eEotFgXgjm2k7Z,16,j,2,0,3570.899999976158,Stop police brutality,War on Drugs,1,1,3,5,3,1.4970228592367723,3,7,4,1.4970228592367723,3,3,0,0,2,0,2,0,0,0,-2,1,Right,3.570899999976158
1,R_1eEotFgXgjm2k7Z,17,j,2,0,5342.899999976158,Legalization of marijuana,Mask mandates,-1,-1,-3,5,3,-1.029203215725281,-3,3,4,-1.029203215725281,3,3,0,0,-2,0,2,0,0,0,2,1,Right,5.342899999976158
1,R_1eEotFgXgjm2k7Z,18,j,2,0,6208.399999976158,Raise the minimum wage,Remove public Confederate memorials,-1,-1,-3,5,4,-1.029203215725281,-3,4,2,-1.029203215725281,3,3,0,0,-1,0,1,0,0,0,1,1,Right,6.208399999976158
1,R_1eEotFgXgjm2k7Z,19,j,2,0,6206.700000047684,Lift COVID lockdowns,Hardening schools/Arming teachers,-1,-1,3,5,3,1.4970228592367723,1,1,1,0.6549475009160878,-3,-1,2,-2,-4,2,4,-2,2,2,4,1,Right,6.206700000047683
1,R_1eEotFgXgjm2k7Z,20,f,1,1,5439.900000095367,Mandatory drug tests for welfare recipients,Hardening schools/Arming teachers,1,1,3,6,3,1.4970228592367723,1,1,1,0.6549475009160878,3,1,2,2,5,2,5,2,-2,2,5,0,Left,5.439900000095367
1,R_1eEotFgXgjm2k7Z,21,j,2,0,3790.2000000476837,Mandatory vaccinations,Mandatory drug tests for welfare recipients,1,1,-3,8,4,-1.029203215725281,3,6,3,1.4970228592367723,-3,3,6,6,-2,6,2,-6,6,-6,2,1,Right,3.7902000000476836
1,R_1eEotFgXgjm2k7Z,22,f,1,1,3782.2000000476837,Raise the minimum wage,Affirmative action,-1,1,-3,5,4,-1.029203215725281,-2,5,3,-0.6081655365649388,3,-2,5,-1,0,5,0,5,-5,-1,0,0,Left,3.7822000000476836
1,R_1eEotFgXgjm2k7Z,23,f,1,1,7394.700000047684,Remove police from schools,Climate change legislation,-1,1,-3,5,2,-1.029203215725281,-2,1,2,-0.6081655365649388,3,-2,5,-1,4,5,4,5,-5,-1,4,0,Left,7.394700000047684
1,R_1eEotFgXgjm2k7Z,24,f,1,1,5368.799999952316,Mandatory drug tests for welfare recipients,Abolishing fraternities,-1,1,3,6,3,1.4970228592367723,-2,2,1,-0.6081655365649388,-3,-2,-1,5,4,1,4,-1,1,5,4,0,Left,5.368799999952317
1,R_1eEotFgXgjm2k7Z,25,j,2,0,2383.3000000715256,Mandatory drug tests for welfare recipients,War on Drugs,-1,1,3,6,3,1.4970228592367723,3,7,4,1.4970228592367723,-3,3,6,0,1,6,1,-6,6,0,-1,1,Right,2.3833000000715256
1,R_1eEotFgXgjm2k7Z,26,f,1,1,8814.399999976158,Remove Christopher Columbus statues,Hardening schools/Arming teachers,-1,-1,-3,5,2,-1.029203215725281,1,1,1,0.6549475009160878,3,-1,4,-4,4,4,4,4,-4,-4,4,0,Left,8.814399999976159
1,R_1eEotFgXgjm2k7Z,27,f,1,1,2489.100000023842,Lift COVID lockdowns,Increased Gun regulations,-1,1,3,5,3,1.4970228592367723,-2,6,3,-0.6081655365649388,-3,-2,-1,5,-1,1,1,-1,1,5,-1,0,Left,2.489100000023842
1,R_1eEotFgXgjm2k7Z,28,f,1,1,3685,Mandatory drug tests for welfare recipients,Ban on research with animals,1,1,3,6,3,1.4970228592367723,2,6,3,1.07598518007643,3,2,1,1,0,1,0,1,-1,1,0,0,Left,3.685
1,R_1eEotFgXgjm2k7Z,29,j,2,0,5673.399999976158,Mandatory training on sexual consent,Remove police from schools,1,-1,0,0,1,0.2339098217557456,-3,5,2,-1.029203215725281,0,3,3,-3,5,3,5,-3,3,3,-5,1,Right,5.673399999976158
1,R_1eEotFgXgjm2k7Z,30,f,1,1,9611.300000071526,Mask mandates,Stop police brutality,1,1,-3,3,4,-1.029203215725281,3,5,3,1.4970228592367723,-3,3,-6,-6,-2,6,2,-6,6,-6,-2,0,Left,9.611300000071525
1,R_1eEotFgXgjm2k7Z,31,f,1,1,3781.899999976158,Defund Planned Parenthood,Remove police from schools,-1,1,1,6,1,0.6549475009160878,-3,5,2,-1.029203215725281,-1,-3,2,4,1,2,1,2,-2,4,1,0,Left,3.781899999976158
1,R_1eEotFgXgjm2k7Z,32,f,1,1,3534.7000000476837,Affirmative action,Remove police from schools,-1,-1,-2,5,3,-0.6081655365649388,-3,5,2,-1.029203215725281,2,3,-1,1,0,1,0,-1,1,1,0,0,Left,3.5347000000476836
1,R_1eEotFgXgjm2k7Z,33,f,1,1,4353,Mandatory drug tests for welfare recipients,Ban on research with animals,1,-1,3,6,3,1.4970228592367723,2,6,3,1.07598518007643,3,-2,5,1,0,5,0,5,-5,1,0,0,Left,4.353
1,R_1eEotFgXgjm2k7Z,34,f,1,1,10291,Affirmative action,Stop police brutality,-1,-1,-2,5,3,-0.6081655365649388,3,5,3,1.4970228592367723,2,-3,5,-5,0,5,0,5,-5,-5,0,0,Left,10.291
1,R_1eEotFgXgjm2k7Z,35,j,2,0,4059.6999999284744,Mandatory drug tests for welfare recipients,Lift COVID lockdowns,-1,-1,3,6,3,1.4970228592367723,3,5,3,1.4970228592367723,-3,-3,0,0,-1,0,1,0,0,0,1,1,Right,4.059699999928474
1,R_1eEotFgXgjm2k7Z,36,f,1,1,3168.100000023842,Mandatory drug tests for welfare recipients,Defund Planned Parenthood,1,1,3,6,3,1.4970228592367723,1,6,1,0.6549475009160878,3,1,2,2,0,2,0,2,-2,2,0,0,Left,3.1681000000238417
1,R_1eEotFgXgjm2k7Z,37,j,2,0,3242.2000000476837,Mandatory trigger warnings,Remove Christopher Columbus statues,-1,-1,-2,0,2,-0.6081655365649388,-3,5,2,-1.029203215725281,2,3,1,-1,5,1,5,-1,1,1,-5,1,Right,3.2422000000476836
1,R_1eEotFgXgjm2k7Z,38,f,1,1,3945.399999976158,Mandatory drug tests for welfare recipients,Recognize Jerusalem as capital of Israel,1,-1,3,6,3,1.4970228592367723,1,1,1,0.6549475009160878,3,-1,4,2,5,4,5,4,-4,2,5,0,Left,3.945399999976158
1,R_1eEotFgXgjm2k7Z,39,j,2,0,3377.6999999284744,Mandatory trigger warnings,Raise the minimum wage,1,1,-2,0,2,-0.6081655365649388,-3,5,4,-1.029203215725281,-2,-3,-1,-1,5,1,5,1,-1,1,-5,1,Right,3.3776999999284745
1,R_1eEotFgXgjm2k7Z,40,f,1,1,3868.600000023842,Raise the minimum wage,Mandatory trigger warnings,-1,1,-3,5,4,-1.029203215725281,-2,0,2,-0.6081655365649388,3,-2,5,-1,5,5,5,5,-5,-1,5,0,Left,3.868600000023842
1,R_1eEotFgXgjm2k7Z,41,j,2,0,5607.399999976158,Stop police brutality,Defund Planned Parenthood,-1,1,3,5,3,1.4970228592367723,1,6,1,0.6549475009160878,-3,1,4,-2,1,4,1,-4,4,2,-1,1,Right,5.607399999976158
1,R_1eEotFgXgjm2k7Z,42,j,2,0,3317.2000000476837,Abolishing fraternities,Remove Christopher Columbus statues,-1,-1,-2,2,1,-0.6081655365649388,-3,5,2,-1.029203215725281,2,3,1,-1,3,1,3,-1,1,1,-3,1,Right,3.317200000047684
1,R_1eEotFgXgjm2k7Z,43,j,2,0,6267.800000071526,Black Lives Matter,Mandatory drug tests for welfare recipients,1,1,-2,7,3,-0.6081655365649388,3,6,3,1.4970228592367723,-2,3,5,5,-1,5,1,-5,5,-5,1,1,Right,6.267800000071525
1,R_1eEotFgXgjm2k7Z,44,f,1,1,2373.600000023842,Mandatory drug tests for welfare recipients,Mask mandates,1,1,3,6,3,1.4970228592367723,-3,3,4,-1.029203215725281,3,-3,6,6,3,6,3,6,-6,6,3,0,Left,2.373600000023842
1,R_1eEotFgXgjm2k7Z,45,j,2,0,4179.700000047684,Affirmative action,Mandatory drug tests for welfare recipients,-1,1,-2,5,3,-0.6081655365649388,3,6,3,1.4970228592367723,2,3,1,5,1,1,1,-1,1,-5,-1,1,Right,4.179700000047684
1,R_1eEotFgXgjm2k7Z,46,j,2,0,3205.2999999523163,On campus concealed carry,Mandatory drug tests for welfare recipients,1,1,2,2,1,1.07598518007643,3,6,3,1.4970228592367723,2,3,1,1,4,1,4,-1,1,-1,-4,1,Right,3.205299999952316
1,R_1eEotFgXgjm2k7Z,47,j,2,0,3799.0999999046326,Remove police from schools,Lift COVID lockdowns,1,1,-3,5,2,-1.029203215725281,3,5,3,1.4970228592367723,-3,3,6,6,0,6,0,-6,6,-6,0,1,Right,3.7990999999046324
1,R_1eEotFgXgjm2k7Z,48,f,1,1,3486,Mandatory drug tests for welfare recipients,Black Lives Matter,1,-1,3,6,3,1.4970228592367723,-2,7,3,-0.6081655365649388,3,2,1,5,-1,1,1,1,-1,5,-1,0,Left,3.486
1,R_1eEotFgXgjm2k7Z,49,j,2,0,4620.799999952316,Remove police from schools,Abolishing fraternities,1,1,-3,5,2,-1.029203215725281,-2,2,1,-0.6081655365649388,-3,-2,1,1,-3,1,3,-1,1,-1,3,1,Right,4.620799999952316
1,R_1eEotFgXgjm2k7Z,50,j,2,0,3556.600000023842,Raise the minimum wage,Mask mandates,1,-1,-3,5,4,-1.029203215725281,-3,3,4,-1.029203215725281,-3,3,6,0,-2,6,2,-6,6,0,2,1,Right,3.556600000023842
1,R_1eEotFgXgjm2k7Z,51,f,1,1,4875.199999928474,Remove public Confederate memorials,Mandatory drug tests for welfare recipients,-1,-1,-3,4,2,-1.029203215725281,3,6,3,1.4970228592367723,3,-3,6,-6,-2,6,2,6,-6,-6,-2,0,Left,4.8751999999284745
1,R_1eEotFgXgjm2k7Z,52,f,1,1,4418.300000071526,Lift COVID lockdowns,Remove public Confederate memorials,-1,1,3,5,3,1.4970228592367723,-3,4,2,-1.029203215725281,-3,-3,0,6,1,0,1,0,0,6,1,0,Left,4.418300000071525
1,R_1eEotFgXgjm2k7Z,53,j,2,0,3934.899999976158,Remove police from schools,Mandatory drug tests for welfare recipients,-1,-1,-3,5,2,-1.029203215725281,3,6,3,1.4970228592367723,3,-3,-6,6,1,6,1,6,-6,-6,-1,1,Right,3.934899999976158
1,R_1eEotFgXgjm2k7Z,54,j,2,0,5062,Defund Planned Parenthood,Remove police from schools,-1,-1,1,6,1,0.6549475009160878,-3,5,2,-1.029203215725281,-1,3,4,-4,-1,4,1,-4,4,4,1,1,Right,5.062
1,R_1eEotFgXgjm2k7Z,55,j,2,0,3842.899999976158,Physician-assisted suicide,Lift COVID lockdowns,-1,-1,2,3,3,1.07598518007643,3,5,3,1.4970228592367723,-2,-3,-1,1,2,1,2,1,-1,-1,-2,1,Right,3.842899999976158
1,R_1eEotFgXgjm2k7Z,56,j,2,0,6701.699999928474,Abortion rights,Mandatory drug tests for welfare recipients,-1,1,2,1,4,1.07598518007643,3,6,3,1.4970228592367723,-2,3,5,1,5,5,5,-5,5,-1,-5,1,Right,6.701699999928475
1,R_1eEotFgXgjm2k7Z,57,f,1,1,3426.5,Mandatory vaccinations,Mandatory drug tests for welfare recipients,-1,1,-3,8,4,-1.029203215725281,3,6,3,1.4970228592367723,3,3,0,-6,2,0,2,0,0,-6,2,0,Left,3.4265
1,R_1eEotFgXgjm2k7Z,58,f,1,1,3745,Mandatory drug tests for welfare recipients,Mandatory vaccinations,-1,1,3,6,3,1.4970228592367723,-3,8,4,-1.029203215725281,-3,-3,0,6,-2,0,2,0,0,6,-2,0,Left,3.745
1,R_1eEotFgXgjm2k7Z,59,f,1,1,3673.100000023842,Mandatory drug tests for welfare recipients,Ban on research with animals,-1,-1,3,6,3,1.4970228592367723,2,6,3,1.07598518007643,-3,-2,-1,1,0,1,0,-1,1,1,0,0,Left,3.673100000023842
1,R_1eEotFgXgjm2k7Z,60,j,2,0,7120.200000047684,Remove Christopher Columbus statues,Mandatory drug tests for welfare recipients,-1,1,-3,5,2,-1.029203215725281,3,6,3,1.4970228592367723,3,3,0,6,1,0,1,0,0,-6,-1,1,Right,7.120200000047683
1,R_1eEotFgXgjm2k7Z,61,f,1,1,5663.200000047684,Gun-free campus police,Mandatory drug tests for welfare recipients,-1,-1,-2,3,1,-0.6081655365649388,3,6,3,1.4970228592367723,2,-3,5,-5,-3,5,3,5,-5,-5,-3,0,Left,5.663200000047683
1,R_1eEotFgXgjm2k7Z,62,f,1,1,2752.2999999523163,Mandatory drug tests for welfare recipients,Abolishing fraternities,1,1,3,6,3,1.4970228592367723,-2,2,1,-0.6081655365649388,3,-2,5,5,4,5,4,5,-5,5,4,0,Left,2.7522999999523163
1,R_1eEotFgXgjm2k7Z,63,f,1,1,4034.399999976158,Stop police brutality,Defund the police,1,1,3,5,3,1.4970228592367723,-3,8,3,-1.029203215725281,3,-3,6,6,-3,6,3,6,-6,6,-3,0,Left,4.034399999976158
1,R_1eEotFgXgjm2k7Z,64,f,1,1,4173.399999976158,Remove police from schools,Black Lives Matter,1,1,-3,5,2,-1.029203215725281,-2,7,3,-0.6081655365649388,-3,-2,-1,-1,-2,1,2,-1,1,-1,-2,0,Left,4.173399999976158
1,R_1eEotFgXgjm2k7Z,65,j,2,0,4754.700000047684,Physician-assisted suicide,Mandatory drug tests for welfare recipients,1,1,2,3,3,1.07598518007643,3,6,3,1.4970228592367723,2,3,1,1,3,1,3,-1,1,-1,-3,1,Right,4.754700000047683
1,R_1eEotFgXgjm2k7Z,66,f,1,1,2730.899999976158,Physician-assisted suicide,Lift COVID lockdowns,1,-1,2,3,3,1.07598518007643,3,5,3,1.4970228592367723,2,-3,5,-1,-2,5,2,5,-5,-1,-2,0,Left,2.7308999999761583
1,R_1eEotFgXgjm2k7Z,67,f,1,1,1910.5,Mandatory drug tests for welfare recipients,Gun-free campus police,1,1,3,6,3,1.4970228592367723,-2,3,1,-0.6081655365649388,3,-2,5,5,3,5,3,5,-5,5,3,0,Left,1.9105
1,R_1eEotFgXgjm2k7Z,68,j,2,0,13557.199999928474,Legalization of marijuana,Defund the police,1,-1,-3,5,3,-1.029203215725281,-3,8,3,-1.029203215725281,-3,3,6,0,3,6,3,-6,6,0,-3,1,Right,13.557199999928475
1,R_1eEotFgXgjm2k7Z,69,j,2,0,2767.1999999284744,Raise the minimum wage,Defund the police,-1,-1,-3,5,4,-1.029203215725281,-3,8,3,-1.029203215725281,3,3,0,0,3,0,3,0,0,0,-3,1,Right,2.7671999999284744
1,R_1eEotFgXgjm2k7Z,70,f,1,1,2940.7000000476837,Mandatory drug tests for welfare recipients,Mandatory training on sexual consent,1,1,3,6,3,1.4970228592367723,0,0,1,0.2339098217557456,3,0,3,3,6,3,6,3,-3,3,6,0,Left,2.9407000000476837
1,R_1eEotFgXgjm2k7Z,71,f,1,1,5414.600000023842,Mask mandates,Mandatory drug tests for welfare recipients,-1,-1,-3,3,4,-1.029203215725281,3,6,3,1.4970228592367723,3,-3,6,-6,-3,6,3,6,-6,-6,-3,0,Left,5.4146000000238415
1,R_1eEotFgXgjm2k7Z,72,f,1,1,3178.3000000715256,Mandatory drug tests for welfare recipients,Remove public Confederate memorials,-1,1,3,6,3,1.4970228592367723,-3,4,2,-1.029203215725281,-3,-3,0,6,2,0,2,0,0,6,2,0,Left,3.1783000000715256
1,R_1eEotFgXgjm2k7Z,73,j,2,0,4568.5,Mask mandates,Mandatory drug tests for welfare recipients,-1,1,-3,3,4,-1.029203215725281,3,6,3,1.4970228592367723,3,3,0,6,3,0,3,0,0,-6,-3,1,Right,4.5685
1,R_1eEotFgXgjm2k7Z,74,f,1,1,3164.5,Mandatory drug tests for welfare recipients,Defund Planned Parenthood,1,-1,3,6,3,1.4970228592367723,1,6,1,0.6549475009160878,3,-1,4,2,0,4,0,4,-4,2,0,0,Left,3.1645
1,R_1eEotFgXgjm2k7Z,75,f,1,1,2665.1999999284744,Ban on research with animals,Remove police from schools,1,1,2,6,3,1.07598518007643,-3,5,2,-1.029203215725281,2,-3,5,5,1,5,1,5,-5,5,1,0,Left,2.6651999999284746
1,R_1eEotFgXgjm2k7Z,76,f,1,1,4875,Remove police from schools,Defund the police,1,1,-3,5,2,-1.029203215725281,-3,8,3,-1.029203215725281,-3,-3,0,0,-3,0,3,0,0,0,-3,0,Left,4.875
1,R_1eEotFgXgjm2k7Z,77,f,1,1,6076.800000071526,Remove Christopher Columbus statues,War on Drugs,-1,-1,-3,5,2,-1.029203215725281,3,7,4,1.4970228592367723,3,-3,6,-6,-2,6,2,6,-6,-6,-2,0,Left,6.076800000071525
1,R_1eEotFgXgjm2k7Z,78,j,2,0,3712.600000023842,Black Lives Matter,Remove police from schools,1,-1,-2,7,3,-0.6081655365649388,-3,5,2,-1.029203215725281,-2,3,5,-1,-2,5,2,-5,5,1,2,1,Right,3.712600000023842
1,R_1eEotFgXgjm2k7Z,79,f,1,1,3917.7999999523163,Black Lives Matter,Lift COVID lockdowns,-1,1,-2,7,3,-0.6081655365649388,3,5,3,1.4970228592367723,2,3,-1,-5,2,1,2,-1,1,-5,2,0,Left,3.917799999952316
1,R_1eEotFgXgjm2k7Z,80,f,1,1,3953.2999999523163,Lift COVID lockdowns,Physician-assisted suicide,1,1,3,5,3,1.4970228592367723,2,3,3,1.07598518007643,3,2,1,1,2,1,2,1,-1,1,2,0,Left,3.9532999999523164
1,R_1eEotFgXgjm2k7Z,81,f,1,1,3336.3000000715256,Mandatory training on sexual consent,Remove Christopher Columbus statues,-1,1,0,0,1,0.2339098217557456,-3,5,2,-1.029203215725281,-0,-3,3,3,-5,3,5,3,-3,3,-5,0,Left,3.3363000000715255
1,R_1eEotFgXgjm2k7Z,82,f,1,1,5117.399999976158,Mandatory drug tests for welfare recipients,Mask mandates,-1,1,3,6,3,1.4970228592367723,-3,3,4,-1.029203215725281,-3,-3,0,6,3,0,3,0,0,6,3,0,Left,5.117399999976159
1,R_1eEotFgXgjm2k7Z,83,j,2,0,3198.5,Increased Gun regulations,Lift COVID lockdowns,1,1,-2,6,3,-0.6081655365649388,3,5,3,1.4970228592367723,-2,3,5,5,-1,5,1,-5,5,-5,1,1,Right,3.1985
1,R_1eEotFgXgjm2k7Z,84,f,1,1,3052.100000023842,Remove public Confederate memorials,Remove police from schools,-1,1,-3,4,2,-1.029203215725281,-3,5,2,-1.029203215725281,3,-3,6,0,-1,6,1,6,-6,0,-1,0,Left,3.052100000023842
1,R_1eEotFgXgjm2k7Z,85,f,1,1,3540.600000023842,Raise the minimum wage,Remove public Confederate memorials,-1,1,-3,5,4,-1.029203215725281,-3,4,2,-1.029203215725281,3,-3,6,0,1,6,1,6,-6,0,1,0,Left,3.540600000023842
1,R_1eEotFgXgjm2k7Z,86,j,2,0,2947.9000000953674,Remove public Confederate memorials,Mandatory drug tests for welfare recipients,1,1,-3,4,2,-1.029203215725281,3,6,3,1.4970228592367723,-3,3,6,6,2,6,2,-6,6,-6,-2,1,Right,2.9479000000953675
1,R_1eEotFgXgjm2k7Z,87,f,1,1,3493.2999999523163,Ban on research with animals,Raise the minimum wage,1,-1,2,6,3,1.07598518007643,-3,5,4,-1.029203215725281,2,3,-1,5,1,1,1,-1,1,5,1,0,Left,3.4932999999523164
1,R_1eEotFgXgjm2k7Z,88,f,1,1,4815.799999952316,Mandatory drug tests for welfare recipients,War on Drugs,1,1,3,6,3,1.4970228592367723,3,7,4,1.4970228592367723,3,3,0,0,-1,0,1,0,0,0,-1,0,Left,4.815799999952317
1,R_1eEotFgXgjm2k7Z,89,j,2,0,3095.1999999284744,War on Drugs,Mandatory drug tests for welfare recipients,-1,-1,3,7,4,1.4970228592367723,3,6,3,1.4970228592367723,-3,-3,0,0,-1,0,1,0,0,0,1,1,Right,3.0951999999284743
1,R_1eEotFgXgjm2k7Z,90,j,2,0,2599.600000023842,Legalization of marijuana,Abolishing fraternities,1,-1,-3,5,3,-1.029203215725281,-2,2,1,-0.6081655365649388,-3,2,5,1,-3,5,3,-5,5,-1,3,1,Right,2.599600000023842
1,R_1eEotFgXgjm2k7Z,91,f,1,1,2460,Mandatory drug tests for welfare recipients,Mandatory drug tests for welfare recipients,1,-1,3,6,3,1.4970228592367723,3,6,3,1.4970228592367723,3,-3,6,0,0,6,0,6,-6,0,0,0,Left,2.46
1,R_1eEotFgXgjm2k7Z,92,j,2,0,3081.7000000476837,Hardening schools/Arming teachers,Remove Christopher Columbus statues,1,-1,1,1,1,0.6549475009160878,-3,5,2,-1.029203215725281,1,3,2,-4,4,2,4,-2,2,4,-4,1,Right,3.0817000000476837
1,R_1eEotFgXgjm2k7Z,93,f,1,1,3592.3000000715256,Mandatory drug tests for welfare recipients,Remove public Confederate memorials,1,-1,3,6,3,1.4970228592367723,-3,4,2,-1.029203215725281,3,3,0,6,2,0,2,0,0,6,2,0,Left,3.5923000000715257
1,R_1eEotFgXgjm2k7Z,94,f,1,1,6945.299999952316,Abortion rights,Remove police from schools,-1,1,2,1,4,1.07598518007643,-3,5,2,-1.029203215725281,-2,-3,1,5,-4,1,4,1,-1,5,-4,0,Left,6.945299999952316
1,R_1eEotFgXgjm2k7Z,95,f,1,1,6909.5,Remove Christopher Columbus statues,War on Drugs,1,-1,-3,5,2,-1.029203215725281,3,7,4,1.4970228592367723,-3,-3,0,-6,-2,0,2,0,0,-6,-2,0,Left,6.9095
1,R_1eEotFgXgjm2k7Z,96,j,2,0,2983,Mandatory drug tests for welfare recipients,On campus concealed carry,-1,1,3,6,3,1.4970228592367723,2,2,1,1.07598518007643,-3,2,5,-1,-4,5,4,-5,5,1,4,1,Right,2.983
1,R_1eEotFgXgjm2k7Z,97,j,2,0,4323.099999904633,Defund Planned Parenthood,Remove Christopher Columbus statues,1,-1,1,6,1,0.6549475009160878,-3,5,2,-1.029203215725281,1,3,2,-4,-1,2,1,-2,2,4,1,1,Right,4.323099999904633
1,R_1eEotFgXgjm2k7Z,98,j,2,0,4591.899999976158,Abortion rights,Lift COVID lockdowns,1,1,2,1,4,1.07598518007643,3,5,3,1.4970228592367723,2,3,1,1,4,1,4,-1,1,-1,-4,1,Right,4.5918999999761585
1,R_1eEotFgXgjm2k7Z,99,f,1,1,2894.5,Mandatory drug tests for welfare recipients,Legalization of marijuana,1,1,3,6,3,1.4970228592367723,-3,5,3,-1.029203215725281,3,-3,6,6,1,6,1,6,-6,6,1,0,Left,2.8945
1,R_1eEotFgXgjm2k7Z,100,j,2,0,1858.8000000715256,Remove police from schools,War on Drugs,1,1,-3,5,2,-1.029203215725281,3,7,4,1.4970228592367723,-3,3,6,6,2,6,2,-6,6,-6,-2,1,Right,1.8588000000715257
25,R_32SljSkAHRv1s4C,1,f,1,1,2056.800000190735,Bathrooms restricted based on biological sex,Physician-assisted suicide,1,1,2,7,3,0.3486083443891983,2,6,3,0.3486083443891983,2,2,0,0,1,0,1,0,0,0,1,0,Left,2.056800000190735
25,R_32SljSkAHRv1s4C,3,f,1,1,229,Defund Planned Parenthood,Recognize Jerusalem as capital of Israel,1,-1,3,7,3,1.91734589414059,2,7,2,0.3486083443891983,3,-2,5,1,0,5,0,5,-5,1,0,0,Left,0.229
25,R_32SljSkAHRv1s4C,4,f,1,1,176.30000019073486,University Campus should be a Sanctuary,On campus concealed carry,1,-1,3,6,3,1.91734589414059,2,3,3,0.3486083443891983,3,-2,5,1,3,5,3,5,-5,1,3,0,Left,0.17630000019073486
25,R_32SljSkAHRv1s4C,5,f,1,1,721.1999998092651,On campus concealed carry,Mandatory training on sexual consent,-1,-1,2,3,3,0.3486083443891983,3,7,3,1.91734589414059,-2,-3,1,-1,-4,1,4,1,-1,-1,-4,0,Left,0.7211999998092652
25,R_32SljSkAHRv1s4C,6,f,1,1,187.2999997138977,Tuition increases,War on Drugs,1,1,2,8,4,0.3486083443891983,2,6,3,0.3486083443891983,2,2,0,0,2,0,2,0,0,0,2,0,Left,0.1872999997138977
25,R_32SljSkAHRv1s4C,7,f,1,1,23060.700000286102,Defund Planned Parenthood,Ban on ethnic Halloween costumes,-1,1,3,7,3,1.91734589414059,1,7,3,-1.2201292053621933,-3,1,-4,2,0,4,0,-4,4,2,0,0,Left,23.0607000002861
25,R_32SljSkAHRv1s4C,8,f,1,1,1605,Recognize Jerusalem as capital of Israel,Expel students with white nationlist views,-1,-1,2,7,2,0.3486083443891983,1,6,4,-1.2201292053621933,-2,-1,-1,1,1,1,1,-1,1,1,1,0,Left,1.605
25,R_32SljSkAHRv1s4C,9,j,2,0,2465.699999809265,Build southern border wall,Defund Planned Parenthood,-1,-1,1,7,3,-1.2201292053621933,3,7,3,1.91734589414059,-1,-3,-2,2,0,2,0,2,-2,-2,0,1,Right,2.465699999809265
25,R_32SljSkAHRv1s4C,10,f,1,1,1765,Safe injection locations,On campus concealed carry,1,-1,2,7,3,0.3486083443891983,2,3,3,0.3486083443891983,2,-2,4,0,4,4,4,4,-4,0,4,0,Left,1.765
25,R_32SljSkAHRv1s4C,11,f,1,1,16197.099999904633,University Campus should be a Sanctuary,Tuition increases,-1,1,3,6,3,1.91734589414059,2,8,4,0.3486083443891983,-3,2,-5,1,-2,5,2,-5,5,1,-2,0,Left,16.197099999904633
25,R_32SljSkAHRv1s4C,12,f,1,1,4580.900000095367,Tuition increases,University Campus should be a Sanctuary,-1,-1,2,8,4,0.3486083443891983,3,6,3,1.91734589414059,-2,-3,1,-1,2,1,2,1,-1,-1,2,0,Left,4.580900000095367
25,R_32SljSkAHRv1s4C,13,j,2,0,2275.0999999046326,Mandatory training on sexual consent,Defund Planned Parenthood,1,-1,3,7,3,1.91734589414059,3,7,3,1.91734589414059,3,-3,-6,0,0,6,0,6,-6,0,0,1,Right,2.2750999999046324
25,R_32SljSkAHRv1s4C,14,f,1,1,2056.800000190735,Mandatory training on sexual consent,Abolishing private prisons,-1,1,3,7,3,1.91734589414059,2,6,3,0.3486083443891983,-3,2,-5,1,1,5,1,-5,5,1,1,0,Left,2.056800000190735
25,R_32SljSkAHRv1s4C,15,j,2,0,4324.900000095367,Mandatory training on sexual consent,Ban on ethnic Halloween costumes,1,-1,3,7,3,1.91734589414059,1,7,3,-1.2201292053621933,3,-1,-4,-2,0,4,0,4,-4,2,0,1,Right,4.324900000095368
25,R_32SljSkAHRv1s4C,16,j,2,0,5312.300000190735,Stop police brutality,Tuition increases,1,-1,2,7,3,0.3486083443891983,2,8,4,0.3486083443891983,2,-2,-4,0,1,4,1,4,-4,0,-1,1,Right,5.312300000190735
25,R_32SljSkAHRv1s4C,17,f,1,1,4630.5,Tuition increases,On campus concealed carry,-1,1,2,8,4,0.3486083443891983,2,3,3,0.3486083443891983,-2,2,-4,0,5,4,5,-4,4,0,5,0,Left,4.6305
25,R_32SljSkAHRv1s4C,18,j,2,0,3520.4000000953674,Remove Christopher Columbus statues,Expel students with white nationlist views,-1,1,2,7,3,0.3486083443891983,1,6,4,-1.2201292053621933,-2,1,3,-1,-1,3,1,-3,3,1,1,1,Right,3.5204000000953672
25,R_32SljSkAHRv1s4C,19,j,2,0,1229,Mask mandates,Gun-free campus police,1,1,1,7,3,-1.2201292053621933,2,7,3,0.3486083443891983,1,2,1,1,0,1,0,-1,1,-1,0,1,Right,1.229
25,R_32SljSkAHRv1s4C,20,j,2,0,3489.5,Religious exemptions for discrimination laws,War on Drugs,1,1,3,7,2,1.91734589414059,2,6,3,0.3486083443891983,3,2,-1,-1,-1,1,1,1,-1,1,1,1,Right,3.4895
25,R_32SljSkAHRv1s4C,22,f,1,1,1648.9000000953674,Mandatory vaccinations,Physician-assisted suicide,-1,-1,1,6,3,-1.2201292053621933,2,6,3,0.3486083443891983,-1,-2,1,-1,0,1,0,1,-1,-1,0,0,Left,1.6489000000953675
25,R_32SljSkAHRv1s4C,23,j,2,0,1809.3000001907349,Mask mandates,Remove public Confederate memorials,1,-1,1,7,3,-1.2201292053621933,2,7,3,0.3486083443891983,1,-2,-3,1,0,3,0,3,-3,-1,0,1,Right,1.809300000190735
25,R_32SljSkAHRv1s4C,24,f,1,1,2150,War on Drugs,Stop police brutality,-1,-1,2,6,3,0.3486083443891983,2,7,3,0.3486083443891983,-2,-2,0,0,-1,0,1,0,0,0,-1,0,Left,2.15
25,R_32SljSkAHRv1s4C,25,j,2,0,3032.9000000953674,On campus concealed carry,Cuts to National Parks budget,1,-1,2,3,3,0.3486083443891983,2,6,3,0.3486083443891983,2,-2,-4,0,3,4,3,4,-4,0,-3,1,Right,3.0329000000953674
25,R_32SljSkAHRv1s4C,26,f,1,1,31720.900000095367,Defund Planned Parenthood,University Campus should be a Sanctuary,-1,-1,3,7,3,1.91734589414059,3,6,3,1.91734589414059,-3,-3,0,0,1,0,1,0,0,0,1,0,Left,31.720900000095366
25,R_32SljSkAHRv1s4C,27,j,2,0,1180.6000003814697,War on Drugs,University Campus should be a Sanctuary,-1,-1,2,6,3,0.3486083443891983,3,6,3,1.91734589414059,-2,-3,-1,1,0,1,0,1,-1,-1,0,1,Right,1.1806000003814696
25,R_32SljSkAHRv1s4C,28,f,1,1,36717.2000002861,Abolishing private prisons,Defund the police,1,1,2,6,3,0.3486083443891983,1,7,3,-1.2201292053621933,2,1,1,1,-1,1,1,1,-1,1,-1,0,Left,36.717200000286105
25,R_32SljSkAHRv1s4C,29,j,2,0,1676.9000000953674,On campus concealed carry,Defund the police,1,-1,2,3,3,0.3486083443891983,1,7,3,-1.2201292053621933,2,-1,-3,-1,4,3,4,3,-3,1,-4,1,Right,1.6769000000953673
25,R_32SljSkAHRv1s4C,30,j,2,0,1670.2000002861023,Mandatory training on sexual consent,Tuition increases,-1,-1,3,7,3,1.91734589414059,2,8,4,0.3486083443891983,-3,-2,1,-1,1,1,1,-1,1,1,-1,1,Right,1.6702000002861024
25,R_32SljSkAHRv1s4C,31,j,2,0,837.1000003814697,University Campus should be a Sanctuary,University Campus should be a Sanctuary,1,-1,3,6,3,1.91734589414059,3,6,3,1.91734589414059,3,-3,-6,0,0,6,0,6,-6,0,0,1,Right,0.8371000003814697
25,R_32SljSkAHRv1s4C,32,f,1,1,2051.300000190735,Mandatory training on sexual consent,Gun-free campus police,-1,-1,3,7,3,1.91734589414059,2,7,3,0.3486083443891983,-3,-2,-1,1,0,1,0,-1,1,1,0,0,Left,2.051300000190735
25,R_32SljSkAHRv1s4C,33,f,1,1,16642.800000190735,Religious exemptions for discrimination laws,On campus concealed carry,1,-1,3,7,2,1.91734589414059,2,3,3,0.3486083443891983,3,-2,5,1,4,5,4,5,-5,1,4,0,Left,16.642800000190736
25,R_32SljSkAHRv1s4C,34,j,2,0,1818.8000001907349,On campus concealed carry,Remove Christopher Columbus statues,1,1,2,3,3,0.3486083443891983,2,7,3,0.3486083443891983,2,2,0,0,4,0,4,0,0,0,-4,1,Right,1.818800000190735
25,R_32SljSkAHRv1s4C,35,f,1,1,1456,University Campus should be a Sanctuary,Remove Christopher Columbus statues,-1,1,3,6,3,1.91734589414059,2,7,3,0.3486083443891983,-3,2,-5,1,-1,5,1,-5,5,1,-1,0,Left,1.456
25,R_32SljSkAHRv1s4C,36,j,2,0,1884.0999999046326,University Campus should be a Sanctuary,Mandatory training on sexual consent,1,1,3,6,3,1.91734589414059,3,7,3,1.91734589414059,3,3,0,0,1,0,1,0,0,0,-1,1,Right,1.8840999999046326
25,R_32SljSkAHRv1s4C,37,f,1,1,1258.3999996185303,Tuition increases,On campus concealed carry,1,1,2,8,4,0.3486083443891983,2,3,3,0.3486083443891983,2,2,0,0,5,0,5,0,0,0,5,0,Left,1.2583999996185302
25,R_32SljSkAHRv1s4C,38,f,1,1,10111.699999809265,Religious exemptions for discrimination laws,University Campus should be a Sanctuary,1,-1,3,7,2,1.91734589414059,3,6,3,1.91734589414059,3,-3,6,0,1,6,1,6,-6,0,1,0,Left,10.111699999809264
25,R_32SljSkAHRv1s4C,43,j,2,0,22632.800000190735,Mandatory trigger warnings,Religious exemptions for discrimination laws,-1,1,1,6,3,-1.2201292053621933,3,7,2,1.91734589414059,-1,3,4,2,1,4,1,-4,4,-2,-1,1,Right,22.632800000190734
25,R_32SljSkAHRv1s4C,44,j,2,0,1945.5999999046326,University Campus should be a Sanctuary,Affirmative action,1,-1,3,6,3,1.91734589414059,2,6,3,0.3486083443891983,3,-2,-5,-1,0,5,0,5,-5,1,0,1,Right,1.9455999999046325
25,R_32SljSkAHRv1s4C,45,f,1,1,2702.5,University Campus should be a Sanctuary,Black Lives Matter,-1,1,3,6,3,1.91734589414059,1,7,3,-1.2201292053621933,-3,1,-4,2,-1,4,1,-4,4,2,-1,0,Left,2.7025
25,R_32SljSkAHRv1s4C,46,j,2,0,1296.4000000953674,Tuition increases,Affirmative action,1,-1,2,8,4,0.3486083443891983,2,6,3,0.3486083443891983,2,-2,-4,0,-2,4,2,4,-4,0,2,1,Right,1.2964000000953675
25,R_32SljSkAHRv1s4C,47,f,1,1,1553,War on Drugs,Climate change legislation,1,-1,2,6,3,0.3486083443891983,1,7,3,-1.2201292053621933,2,-1,3,1,-1,3,1,3,-3,1,-1,0,Left,1.553
25,R_32SljSkAHRv1s4C,48,j,2,0,318.7999997138977,War on Drugs,On campus concealed carry,1,1,2,6,3,0.3486083443891983,2,3,3,0.3486083443891983,2,2,0,0,-3,0,3,0,0,0,3,1,Right,0.3187999997138977
25,R_32SljSkAHRv1s4C,49,f,1,1,16931.60000038147,Mask mandates,University Campus should be a Sanctuary,-1,-1,1,7,3,-1.2201292053621933,3,6,3,1.91734589414059,-1,-3,2,-2,1,2,1,2,-2,-2,1,0,Left,16.93160000038147
25,R_32SljSkAHRv1s4C,50,j,2,0,410.5,On campus concealed carry,Mandatory training on sexual consent,1,1,2,3,3,0.3486083443891983,3,7,3,1.91734589414059,2,3,1,1,4,1,4,-1,1,-1,-4,1,Right,0.4105
25,R_32SljSkAHRv1s4C,51,f,1,1,1553.6999998092651,University Campus should be a Sanctuary,Tuition increases,1,1,3,6,3,1.91734589414059,2,8,4,0.3486083443891983,3,2,1,1,-2,1,2,1,-1,1,-2,0,Left,1.553699999809265
25,R_32SljSkAHRv1s4C,52,f,1,1,1602.0999999046326,University Campus should be a Sanctuary,On campus concealed carry,-1,-1,3,6,3,1.91734589414059,2,3,3,0.3486083443891983,-3,-2,-1,1,3,1,3,-1,1,1,3,0,Left,1.6020999999046326
25,R_32SljSkAHRv1s4C,53,j,2,0,2260.6000003814697,Religious exemptions for discrimination laws,War on Drugs,-1,-1,3,7,2,1.91734589414059,2,6,3,0.3486083443891983,-3,-2,1,-1,-1,1,1,-1,1,1,1,1,Right,2.2606000003814697
25,R_32SljSkAHRv1s4C,54,j,2,0,5955.200000286102,Build southern border wall,University Campus should be a Sanctuary,1,1,1,7,3,-1.2201292053621933,3,6,3,1.91734589414059,1,3,2,2,-1,2,1,-2,2,-2,1,1,Right,5.955200000286102
25,R_32SljSkAHRv1s4C,55,f,1,1,1155.9000000953674,On campus concealed carry,University Campus should be a Sanctuary,1,-1,2,3,3,0.3486083443891983,3,6,3,1.91734589414059,2,-3,5,-1,-3,5,3,5,-5,-1,-3,0,Left,1.1559000000953674
25,R_32SljSkAHRv1s4C,56,f,1,1,659.7999997138977,Gun-free campus police,Defund the police,-1,-1,2,7,3,0.3486083443891983,1,7,3,-1.2201292053621933,-2,-1,-1,1,0,1,0,-1,1,1,0,0,Left,0.6597999997138977
25,R_32SljSkAHRv1s4C,57,f,1,1,2320,Mandatory training on sexual consent,Student worker unionization,-1,1,3,7,3,1.91734589414059,1,6,2,-1.2201292053621933,-3,1,-4,2,1,4,1,-4,4,2,1,0,Left,2.32
25,R_32SljSkAHRv1s4C,58,f,1,1,20103.199999809265,U.S. drone strikes in Afghanistan,Abolishing private prisons,1,-1,1,6,2,-1.2201292053621933,2,6,3,0.3486083443891983,1,-2,3,-1,0,3,0,3,-3,-1,0,0,Left,20.103199999809267
25,R_32SljSkAHRv1s4C,59,j,2,0,1105.2000002861023,Mandatory vaccinations,University Campus should be a Sanctuary,-1,-1,1,6,3,-1.2201292053621933,3,6,3,1.91734589414059,-1,-3,-2,2,0,2,0,2,-2,-2,0,1,Right,1.1052000002861022
25,R_32SljSkAHRv1s4C,60,j,2,0,1205.6999998092651,Increased Gun regulations,University Campus should be a Sanctuary,1,-1,2,6,3,0.3486083443891983,3,6,3,1.91734589414059,2,-3,-5,1,0,5,0,5,-5,-1,0,1,Right,1.2056999998092652
25,R_32SljSkAHRv1s4C,61,f,1,1,2267.2999997138977,Increased Gun regulations,Affirmative action,1,-1,2,6,3,0.3486083443891983,2,6,3,0.3486083443891983,2,-2,4,0,0,4,0,4,-4,0,0,0,Left,2.267299999713898
25,R_32SljSkAHRv1s4C,62,f,1,1,19463.199999809265,Affirmative action,Stop police brutality,-1,1,2,6,3,0.3486083443891983,2,7,3,0.3486083443891983,-2,2,-4,0,-1,4,1,-4,4,0,-1,0,Left,19.463199999809266
25,R_32SljSkAHRv1s4C,63,j,2,0,1670.0999999046326,Physician-assisted suicide,Tuition increases,-1,-1,2,6,3,0.3486083443891983,2,8,4,0.3486083443891983,-2,-2,0,0,2,0,2,0,0,0,-2,1,Right,1.6700999999046326
25,R_32SljSkAHRv1s4C,64,f,1,1,1192.3000001907349,Recognize Jerusalem as capital of Israel,Mandatory trigger warnings,1,1,2,7,2,0.3486083443891983,1,6,3,-1.2201292053621933,2,1,1,1,1,1,1,1,-1,1,1,0,Left,1.192300000190735
25,R_32SljSkAHRv1s4C,65,f,1,1,1372.5,Defund the police,University Campus should be a Sanctuary,-1,1,1,7,3,-1.2201292053621933,3,6,3,1.91734589414059,-1,3,-4,-2,1,4,1,-4,4,-2,1,0,Left,1.3725
25,R_32SljSkAHRv1s4C,66,f,1,1,865.5999999046326,Mandatory vaccinations,On campus concealed carry,1,1,1,6,3,-1.2201292053621933,2,3,3,0.3486083443891983,1,2,-1,-1,3,1,3,-1,1,-1,3,0,Left,0.8655999999046325
25,R_32SljSkAHRv1s4C,67,f,1,1,34452.90000009537,Expel students with white nationlist views,Defund Planned Parenthood,-1,-1,1,6,4,-1.2201292053621933,3,7,3,1.91734589414059,-1,-3,2,-2,-1,2,1,2,-2,-2,-1,0,Left,34.45290000009537
25,R_32SljSkAHRv1s4C,68,f,1,1,2405.5,On campus concealed carry,Ban on ethnic Halloween costumes,1,1,2,3,3,0.3486083443891983,1,7,3,-1.2201292053621933,2,1,1,1,-4,1,4,1,-1,1,-4,0,Left,2.4055
25,R_32SljSkAHRv1s4C,70,f,1,1,392.09999990463257,Mandatory training on sexual consent,Tuition increases,-1,1,3,7,3,1.91734589414059,2,8,4,0.3486083443891983,-3,2,-5,1,-1,5,1,-5,5,1,-1,0,Left,0.39209999990463257
25,R_32SljSkAHRv1s4C,72,f,1,1,5332.700000286102,On campus concealed carry,University Campus should be a Sanctuary,1,1,2,3,3,0.3486083443891983,3,6,3,1.91734589414059,2,3,-1,-1,-3,1,3,-1,1,-1,-3,0,Left,5.332700000286103
25,R_32SljSkAHRv1s4C,73,f,1,1,1485.4000000953674,Tuition increases,University Campus should be a Sanctuary,-1,1,2,8,4,0.3486083443891983,3,6,3,1.91734589414059,-2,3,-5,-1,2,5,2,-5,5,-1,2,0,Left,1.4854000000953673
25,R_32SljSkAHRv1s4C,74,j,2,0,1449.0999999046326,On campus concealed carry,On campus concealed carry,-1,1,2,3,3,0.3486083443891983,2,3,3,0.3486083443891983,-2,2,4,0,0,4,0,-4,4,0,0,1,Right,1.4490999999046326
25,R_32SljSkAHRv1s4C,75,f,1,1,1460.2999997138977,Student worker unionization,University Campus should be a Sanctuary,1,1,1,6,2,-1.2201292053621933,3,6,3,1.91734589414059,1,3,-2,-2,0,2,0,-2,2,-2,0,0,Left,1.4602999997138977
25,R_32SljSkAHRv1s4C,77,j,2,0,8620.099999904633,Allow alt-right speakers on campus,Tuition increases,-1,-1,2,7,3,0.3486083443891983,2,8,4,0.3486083443891983,-2,-2,0,0,1,0,1,0,0,0,-1,1,Right,8.620099999904632
25,R_32SljSkAHRv1s4C,78,j,2,0,4249.599999904633,Safe injection locations,Gun-free campus police,1,-1,2,7,3,0.3486083443891983,2,7,3,0.3486083443891983,2,-2,-4,0,0,4,0,4,-4,0,0,1,Right,4.249599999904633
25,R_32SljSkAHRv1s4C,79,f,1,1,1455.5,University Campus should be a Sanctuary,Remove Christopher Columbus statues,-1,-1,3,6,3,1.91734589414059,2,7,3,0.3486083443891983,-3,-2,-1,1,-1,1,1,-1,1,1,-1,0,Left,1.4555
25,R_32SljSkAHRv1s4C,80,f,1,1,2378.5,Expel students with white nationlist views,Safe injection locations,-1,1,1,6,4,-1.2201292053621933,2,7,3,0.3486083443891983,-1,2,-3,-1,-1,3,1,-3,3,-1,-1,0,Left,2.3785
25,R_32SljSkAHRv1s4C,81,j,2,0,458.59999990463257,Mandatory drug tests for welfare recipients,Physician-assisted suicide,1,1,1,6,3,-1.2201292053621933,2,6,3,0.3486083443891983,1,2,1,1,0,1,0,-1,1,-1,0,1,Right,0.45859999990463257
25,R_32SljSkAHRv1s4C,82,f,1,1,2206.4000000953674,Build southern border wall,"Boycott, Divest, and Sanction Israel",1,-1,1,7,3,-1.2201292053621933,2,6,2,0.3486083443891983,1,-2,3,-1,1,3,1,3,-3,-1,1,0,Left,2.2064000000953676
25,R_32SljSkAHRv1s4C,83,j,2,0,7226.5,On campus concealed carry,Abolishing private prisons,-1,-1,2,3,3,0.3486083443891983,2,6,3,0.3486083443891983,-2,-2,0,0,3,0,3,0,0,0,-3,1,Right,7.2265
25,R_32SljSkAHRv1s4C,84,f,1,1,3084.0999999046326,On campus concealed carry,Remove Christopher Columbus statues,1,-1,2,3,3,0.3486083443891983,2,7,3,0.3486083443891983,2,-2,4,0,-4,4,4,4,-4,0,-4,0,Left,3.0840999999046326
25,R_32SljSkAHRv1s4C,85,j,2,0,1689,Tuition increases,On campus concealed carry,1,-1,2,8,4,0.3486083443891983,2,3,3,0.3486083443891983,2,-2,-4,0,-5,4,5,4,-4,0,5,1,Right,1.689
25,R_32SljSkAHRv1s4C,86,j,2,0,2841.5999999046326,Religious exemptions for discrimination laws,Bathrooms restricted based on biological sex,-1,1,3,7,2,1.91734589414059,2,7,3,0.3486083443891983,-3,2,5,-1,0,5,0,-5,5,1,0,1,Right,2.8415999999046324
25,R_32SljSkAHRv1s4C,87,j,2,0,6312.800000190735,Defund Planned Parenthood,Physician-assisted suicide,1,-1,3,7,3,1.91734589414059,2,6,3,0.3486083443891983,3,-2,-5,-1,-1,5,1,5,-5,1,1,1,Right,6.312800000190735
25,R_32SljSkAHRv1s4C,88,f,1,1,612.3000001907349,University Campus should be a Sanctuary,Religious exemptions for discrimination laws,1,-1,3,6,3,1.91734589414059,3,7,2,1.91734589414059,3,-3,6,0,-1,6,1,6,-6,0,-1,0,Left,0.6123000001907348
25,R_32SljSkAHRv1s4C,89,f,1,1,13587.599999904633,Allow alt-right speakers on campus,Mandatory training on sexual consent,1,1,2,7,3,0.3486083443891983,3,7,3,1.91734589414059,2,3,-1,-1,0,1,0,-1,1,-1,0,0,Left,13.587599999904633
25,R_32SljSkAHRv1s4C,90,f,1,1,2877.5,Tuition increases,Ban on research with animals,1,1,2,8,4,0.3486083443891983,2,7,3,0.3486083443891983,2,2,0,0,1,0,1,0,0,0,1,0,Left,2.8775
25,R_32SljSkAHRv1s4C,91,f,1,1,3032.5999999046326,Mandatory drug tests for welfare recipients,On campus concealed carry,-1,1,1,6,3,-1.2201292053621933,2,3,3,0.3486083443891983,-1,2,-3,-1,3,3,3,-3,3,-1,3,0,Left,3.0325999999046327
25,R_32SljSkAHRv1s4C,92,j,2,0,924.9000000953674,University Campus should be a Sanctuary,Ban on research with animals,1,-1,3,6,3,1.91734589414059,2,7,3,0.3486083443891983,3,-2,-5,-1,1,5,1,5,-5,1,-1,1,Right,0.9249000000953674
25,R_32SljSkAHRv1s4C,93,f,1,1,1493.7999997138977,University Campus should be a Sanctuary,Recognize Jerusalem as capital of Israel,1,1,3,6,3,1.91734589414059,2,7,2,0.3486083443891983,3,2,1,1,-1,1,1,1,-1,1,-1,0,Left,1.4937999997138978
25,R_32SljSkAHRv1s4C,94,f,1,1,6014.099999904633,Mandatory training on sexual consent,On campus concealed carry,-1,1,3,7,3,1.91734589414059,2,3,3,0.3486083443891983,-3,2,-5,1,4,5,4,-5,5,1,4,0,Left,6.014099999904633
25,R_32SljSkAHRv1s4C,95,f,1,1,13047.799999713898,Tuition increases,Mandatory training on sexual consent,-1,1,2,8,4,0.3486083443891983,3,7,3,1.91734589414059,-2,3,-5,-1,1,5,1,-5,5,-1,1,0,Left,13.047799999713897
25,R_32SljSkAHRv1s4C,96,f,1,1,4714.599999904633,Cuts to National Parks budget,Expel students with white nationlist views,1,-1,2,6,3,0.3486083443891983,1,6,4,-1.2201292053621933,2,-1,3,1,0,3,0,3,-3,1,0,0,Left,4.714599999904633
25,R_32SljSkAHRv1s4C,97,j,2,0,634.1000003814697,"Boycott, Divest, and Sanction Israel",University Campus should be a Sanctuary,1,1,2,6,2,0.3486083443891983,3,6,3,1.91734589414059,2,3,1,1,0,1,0,-1,1,-1,0,1,Right,0.6341000003814697
25,R_32SljSkAHRv1s4C,98,f,1,1,1410.5999999046326,Mandatory drug tests for welfare recipients,University Campus should be a Sanctuary,1,-1,1,6,3,-1.2201292053621933,3,6,3,1.91734589414059,1,-3,4,-2,0,4,0,4,-4,-2,0,0,Left,1.4105999999046326
25,R_32SljSkAHRv1s4C,99,j,2,0,4156.199999809265,Mandatory vaccinations,University Campus should be a Sanctuary,-1,1,1,6,3,-1.2201292053621933,3,6,3,1.91734589414059,-1,3,4,2,0,4,0,-4,4,-2,0,1,Right,4.156199999809266
25,R_32SljSkAHRv1s4C,100,j,2,0,1747.0999999046326,Tuition increases,"Boycott, Divest, and Sanction Israel",-1,1,2,8,4,0.3486083443891983,2,6,2,0.3486083443891983,-2,2,4,0,-2,4,2,-4,4,0,2,1,Right,1.7470999999046326
42,R_vMPW2WP9Kg06LRf,1,j,2,0,5565.100000023842,War on Drugs,Mandatory training on sexual consent,-1,-1,3,5,3,0.970007710120885,3,8,2,0.970007710120885,-3,-3,0,0,3,0,3,0,0,0,-3,1,Right,5.5651000000238415
42,R_vMPW2WP9Kg06LRf,2,f,1,1,4686.5,Increased Gun regulations,War on Drugs,-1,-1,3,8,4,0.970007710120885,3,5,3,0.970007710120885,-3,-3,0,0,3,0,3,0,0,0,3,0,Left,4.6865
42,R_vMPW2WP9Kg06LRf,3,f,1,1,2413.7999999821186,Abortion rights,Legalization of marijuana,-1,-1,3,8,4,0.970007710120885,3,6,3,0.970007710120885,-3,-3,0,0,2,0,2,0,0,0,2,0,Left,2.4137999999821185
42,R_vMPW2WP9Kg06LRf,4,j,2,0,2583.7999999821186,War on Drugs,Mandatory vaccinations,-1,1,3,5,3,0.970007710120885,1,6,4,-0.39518832634554535,-3,1,4,-2,1,4,1,-4,4,2,-1,1,Right,2.5837999999821184
42,R_vMPW2WP9Kg06LRf,5,j,2,0,2537.199999988079,War on Drugs,Mask mandates,-1,-1,3,5,3,0.970007710120885,2,8,4,0.28740969188766985,-3,-2,1,-1,3,1,3,-1,1,1,-3,1,Right,2.537199999988079
42,R_vMPW2WP9Kg06LRf,6,j,2,0,2373.5,Legalization of marijuana,Bathrooms restricted based on biological sex,-1,-1,3,6,3,0.970007710120885,0,0,1,-1.0777863445787605,-3,-0,3,-3,-6,3,6,-3,3,3,6,1,Right,2.3735
42,R_vMPW2WP9Kg06LRf,7,f,1,1,2363.5,Raise the minimum wage,Mask mandates,1,-1,3,6,4,0.970007710120885,2,8,4,0.28740969188766985,3,-2,5,1,-2,5,2,5,-5,1,-2,0,Left,2.3635
42,R_vMPW2WP9Kg06LRf,8,j,2,0,1840.4000000059605,Mandatory vaccinations,Ban on research with animals,-1,1,1,6,4,-0.39518832634554535,3,8,4,0.970007710120885,-1,3,4,2,2,4,2,-4,4,-2,-2,1,Right,1.8404000000059604
42,R_vMPW2WP9Kg06LRf,9,f,1,1,1859.7000000178814,Mask mandates,Increased Gun regulations,1,-1,2,8,4,0.28740969188766985,3,8,4,0.970007710120885,2,-3,5,-1,0,5,0,5,-5,-1,0,0,Left,1.8597000000178814
42,R_vMPW2WP9Kg06LRf,10,j,2,0,4000.800000011921,Remove public Confederate memorials,War on Drugs,-1,-1,0,0,1,-1.0777863445787605,3,5,3,0.970007710120885,-0,-3,-3,3,5,3,5,3,-3,-3,-5,1,Right,4.000800000011921
42,R_vMPW2WP9Kg06LRf,11,j,2,0,1920.0999999940395,War on Drugs,Mandatory vaccinations,1,1,3,5,3,0.970007710120885,1,6,4,-0.39518832634554535,3,1,-2,-2,1,2,1,2,-2,2,-1,1,Right,1.9200999999940396
42,R_vMPW2WP9Kg06LRf,12,f,1,1,13486.799999982119,Mask mandates,War on Drugs,-1,1,2,8,4,0.28740969188766985,3,5,3,0.970007710120885,-2,3,-5,-1,3,5,3,-5,5,-1,3,0,Left,13.486799999982118
42,R_vMPW2WP9Kg06LRf,13,f,1,1,2136.0999999940395,Legalization of marijuana,War on Drugs,1,1,3,6,3,0.970007710120885,3,5,3,0.970007710120885,3,3,0,0,1,0,1,0,0,0,1,0,Left,2.1360999999940393
42,R_vMPW2WP9Kg06LRf,14,j,2,0,4516.699999988079,Mandatory vaccinations,War on Drugs,-1,-1,1,6,4,-0.39518832634554535,3,5,3,0.970007710120885,-1,-3,-2,2,-1,2,1,2,-2,-2,1,1,Right,4.516699999988079
42,R_vMPW2WP9Kg06LRf,15,j,2,0,1689.2000000178814,Legalization of marijuana,Raise the minimum wage,-1,1,3,6,3,0.970007710120885,3,6,4,0.970007710120885,-3,3,6,0,0,6,0,-6,6,0,0,1,Right,1.6892000000178813
42,R_vMPW2WP9Kg06LRf,16,f,1,1,2321.100000023842,Mask mandates,War on Drugs,1,1,2,8,4,0.28740969188766985,3,5,3,0.970007710120885,2,3,-1,-1,3,1,3,-1,1,-1,3,0,Left,2.3211000000238418
42,R_vMPW2WP9Kg06LRf,17,j,2,0,3975.699999988079,War on Drugs,Mask mandates,-1,-1,3,5,3,0.970007710120885,2,8,4,0.28740969188766985,-3,-2,1,-1,3,1,3,-1,1,1,-3,1,Right,3.975699999988079
42,R_vMPW2WP9Kg06LRf,18,f,1,1,1605.699999988079,Mandatory vaccinations,Lift COVID lockdowns,1,-1,1,6,4,-0.39518832634554535,0,0,3,-1.0777863445787605,1,-0,1,1,6,1,6,1,-1,1,6,0,Left,1.605699999988079
42,R_vMPW2WP9Kg06LRf,19,f,1,1,1381.9000000059605,Raise the minimum wage,Mandatory vaccinations,1,-1,3,6,4,0.970007710120885,1,6,4,-0.39518832634554535,3,-1,4,2,0,4,0,4,-4,2,0,0,Left,1.3819000000059605
42,R_vMPW2WP9Kg06LRf,20,j,2,0,1882.699999988079,Mask mandates,Mandatory training on sexual consent,-1,1,2,8,4,0.28740969188766985,3,8,2,0.970007710120885,-2,3,5,1,0,5,0,-5,5,-1,0,1,Right,1.8826999999880791
42,R_vMPW2WP9Kg06LRf,21,j,2,0,2039.5999999940395,Mandatory vaccinations,Increased Gun regulations,-1,-1,1,6,4,-0.39518832634554535,3,8,4,0.970007710120885,-1,-3,-2,2,2,2,2,2,-2,-2,-2,1,Right,2.0395999999940395
42,R_vMPW2WP9Kg06LRf,22,j,2,0,2734.2999999821186,Mandatory vaccinations,War on Drugs,-1,-1,1,6,4,-0.39518832634554535,3,5,3,0.970007710120885,-1,-3,-2,2,-1,2,1,2,-2,-2,1,1,Right,2.7342999999821185
42,R_vMPW2WP9Kg06LRf,23,j,2,0,2322.300000011921,Mandatory training on sexual consent,Mask mandates,-1,-1,3,8,2,0.970007710120885,2,8,4,0.28740969188766985,-3,-2,1,-1,0,1,0,-1,1,1,0,1,Right,2.322300000011921
42,R_vMPW2WP9Kg06LRf,24,f,1,1,1211,Mask mandates,Mask mandates,1,-1,2,8,4,0.28740969188766985,2,8,4,0.28740969188766985,2,-2,4,0,0,4,0,4,-4,0,0,0,Left,1.211
42,R_vMPW2WP9Kg06LRf,25,j,2,0,14011,Legalization of marijuana,War on Drugs,-1,1,3,6,3,0.970007710120885,3,5,3,0.970007710120885,-3,3,6,0,-1,6,1,-6,6,0,1,1,Right,14.011
42,R_vMPW2WP9Kg06LRf,26,f,1,1,1676.5999999940395,War on Drugs,Abortion rights,-1,1,3,5,3,0.970007710120885,3,8,4,0.970007710120885,-3,3,-6,0,-3,6,3,-6,6,0,-3,0,Left,1.6765999999940395
42,R_vMPW2WP9Kg06LRf,27,j,2,0,1217.800000011921,War on Drugs,Increased Gun regulations,-1,1,3,5,3,0.970007710120885,3,8,4,0.970007710120885,-3,3,6,0,3,6,3,-6,6,0,-3,1,Right,1.217800000011921
42,R_vMPW2WP9Kg06LRf,28,j,2,0,1194.0999999940395,Legalization of marijuana,Mask mandates,-1,-1,3,6,3,0.970007710120885,2,8,4,0.28740969188766985,-3,-2,1,-1,2,1,2,-1,1,1,-2,1,Right,1.1940999999940396
42,R_vMPW2WP9Kg06LRf,29,f,1,1,1995.4000000059605,War on Drugs,Mask mandates,1,-1,3,5,3,0.970007710120885,2,8,4,0.28740969188766985,3,-2,5,1,-3,5,3,5,-5,1,-3,0,Left,1.9954000000059604
42,R_vMPW2WP9Kg06LRf,30,j,2,0,1054.199999988079,Physician-assisted suicide,Mandatory training on sexual consent,-1,1,3,8,2,0.970007710120885,3,8,2,0.970007710120885,-3,3,6,0,0,6,0,-6,6,0,0,1,Right,1.0541999999880791
42,R_vMPW2WP9Kg06LRf,31,j,2,0,1872.2000000178814,Abortion rights,Ban on research with animals,-1,1,3,8,4,0.970007710120885,3,8,4,0.970007710120885,-3,3,6,0,0,6,0,-6,6,0,0,1,Right,1.8722000000178813
42,R_vMPW2WP9Kg06LRf,32,j,2,0,9067.199999988079,War on Drugs,Legalization of marijuana,-1,1,3,5,3,0.970007710120885,3,6,3,0.970007710120885,-3,3,6,0,1,6,1,-6,6,0,-1,1,Right,9.067199999988079
42,R_vMPW2WP9Kg06LRf,33,f,1,1,1843.5,Detention of migrant children,Mandatory vaccinations,1,-1,0,0,2,-1.0777863445787605,1,6,4,-0.39518832634554535,0,-1,1,-1,-6,1,6,1,-1,-1,-6,0,Left,1.8435
42,R_vMPW2WP9Kg06LRf,34,f,1,1,1228.5999999940395,War on Drugs,Mandatory training on sexual consent,1,1,3,5,3,0.970007710120885,3,8,2,0.970007710120885,3,3,0,0,-3,0,3,0,0,0,-3,0,Left,1.2285999999940396
42,R_vMPW2WP9Kg06LRf,35,j,2,0,1673.5999999940395,Mandatory vaccinations,Ban on research with animals,-1,1,1,6,4,-0.39518832634554535,3,8,4,0.970007710120885,-1,3,4,2,2,4,2,-4,4,-2,-2,1,Right,1.6735999999940396
42,R_vMPW2WP9Kg06LRf,36,j,2,0,1387.800000011921,Legalization of marijuana,Raise the minimum wage,1,-1,3,6,3,0.970007710120885,3,6,4,0.970007710120885,3,-3,-6,0,0,6,0,6,-6,0,0,1,Right,1.3878000000119208
42,R_vMPW2WP9Kg06LRf,37,f,1,1,1692.0999999940395,War on Drugs,Raise the minimum wage,-1,-1,3,5,3,0.970007710120885,3,6,4,0.970007710120885,-3,-3,0,0,-1,0,1,0,0,0,-1,0,Left,1.6920999999940396
42,R_vMPW2WP9Kg06LRf,38,j,2,0,1069.7000000178814,Mandatory vaccinations,War on Drugs,-1,1,1,6,4,-0.39518832634554535,3,5,3,0.970007710120885,-1,3,4,2,-1,4,1,-4,4,-2,1,1,Right,1.0697000000178813
42,R_vMPW2WP9Kg06LRf,39,j,2,0,5054.5,Black Lives Matter,War on Drugs,1,1,0,0,2,-1.0777863445787605,3,5,3,0.970007710120885,0,3,3,3,5,3,5,-3,3,-3,-5,1,Right,5.0545
42,R_vMPW2WP9Kg06LRf,40,j,2,0,1762.2000000178814,Legalization of marijuana,Mandatory training on sexual consent,-1,1,3,6,3,0.970007710120885,3,8,2,0.970007710120885,-3,3,6,0,2,6,2,-6,6,0,-2,1,Right,1.7622000000178815
42,R_vMPW2WP9Kg06LRf,41,f,1,1,1443.2000000178814,Climate change legislation,Detention of migrant children,1,-1,3,8,4,0.970007710120885,0,0,2,-1.0777863445787605,3,-0,3,3,8,3,8,3,-3,3,8,0,Left,1.4432000000178813
42,R_vMPW2WP9Kg06LRf,42,f,1,1,1022.5999999940395,Mandatory training on sexual consent,Mandatory vaccinations,1,1,3,8,2,0.970007710120885,1,6,4,-0.39518832634554535,3,1,2,2,2,2,2,2,-2,2,2,0,Left,1.0225999999940396
42,R_vMPW2WP9Kg06LRf,43,f,1,1,8714.5,Legalization of marijuana,Mandatory training on sexual consent,1,-1,3,6,3,0.970007710120885,3,8,2,0.970007710120885,3,-3,6,0,-2,6,2,6,-6,0,-2,0,Left,8.7145
42,R_vMPW2WP9Kg06LRf,44,j,2,0,1250,War on Drugs,Mask mandates,1,1,3,5,3,0.970007710120885,2,8,4,0.28740969188766985,3,2,-1,-1,3,1,3,1,-1,1,-3,1,Right,1.25
42,R_vMPW2WP9Kg06LRf,45,f,1,1,1570.699999988079,Mandatory vaccinations,Ban on research with animals,1,-1,1,6,4,-0.39518832634554535,3,8,4,0.970007710120885,1,-3,4,-2,-2,4,2,4,-4,-2,-2,0,Left,1.570699999988079
42,R_vMPW2WP9Kg06LRf,46,j,2,0,1080.3999999761581,Raise the minimum wage,Mask mandates,-1,-1,3,6,4,0.970007710120885,2,8,4,0.28740969188766985,-3,-2,1,-1,2,1,2,-1,1,1,-2,1,Right,1.0803999999761582
42,R_vMPW2WP9Kg06LRf,47,f,1,1,1314.699999988079,Raise the minimum wage,Mask mandates,1,-1,3,6,4,0.970007710120885,2,8,4,0.28740969188766985,3,-2,5,1,-2,5,2,5,-5,1,-2,0,Left,1.314699999988079
42,R_vMPW2WP9Kg06LRf,48,j,2,0,994.7000000178814,U.S. drone strikes in Afghanistan,Mandatory training on sexual consent,-1,-1,0,0,1,-1.0777863445787605,3,8,2,0.970007710120885,-0,-3,-3,3,8,3,8,3,-3,-3,-8,1,Right,0.9947000000178814
42,R_vMPW2WP9Kg06LRf,49,j,2,0,953,War on Drugs,Climate change legislation,1,1,3,5,3,0.970007710120885,3,8,4,0.970007710120885,3,3,0,0,3,0,3,0,0,0,-3,1,Right,0.953
42,R_vMPW2WP9Kg06LRf,50,f,1,1,8562.40000000596,Mandatory vaccinations,Legalization of marijuana,-1,-1,1,6,4,-0.39518832634554535,3,6,3,0.970007710120885,-1,-3,2,-2,0,2,0,2,-2,-2,0,0,Left,8.56240000000596
42,R_vMPW2WP9Kg06LRf,51,j,2,0,964.1999999880791,Mandatory vaccinations,War on Drugs,1,1,1,6,4,-0.39518832634554535,3,5,3,0.970007710120885,1,3,2,2,-1,2,1,-2,2,-2,1,1,Right,0.964199999988079
42,R_vMPW2WP9Kg06LRf,52,f,1,1,647.8000000119209,Lift COVID lockdowns,War on Drugs,-1,1,0,0,3,-1.0777863445787605,3,5,3,0.970007710120885,-0,3,-3,-3,-5,3,5,-3,3,-3,-5,0,Left,0.647800000011921
42,R_vMPW2WP9Kg06LRf,53,j,2,0,937.4000000059605,Mask mandates,Increased Gun regulations,1,-1,2,8,4,0.28740969188766985,3,8,4,0.970007710120885,2,-3,-5,1,0,5,0,5,-5,-1,0,1,Right,0.9374000000059605
42,R_vMPW2WP9Kg06LRf,54,j,2,0,1495.300000011921,Raise the minimum wage,Climate change legislation,-1,1,3,6,4,0.970007710120885,3,8,4,0.970007710120885,-3,3,6,0,2,6,2,-6,6,0,-2,1,Right,1.495300000011921
42,R_vMPW2WP9Kg06LRf,55,j,2,0,2403.699999988079,Mandatory vaccinations,Abortion rights,-1,-1,1,6,4,-0.39518832634554535,3,8,4,0.970007710120885,-1,-3,-2,2,2,2,2,2,-2,-2,-2,1,Right,2.403699999988079
42,R_vMPW2WP9Kg06LRf,56,f,1,1,695.1999999880791,Mandatory vaccinations,Legalization of marijuana,1,1,1,6,4,-0.39518832634554535,3,6,3,0.970007710120885,1,3,-2,-2,0,2,0,-2,2,-2,0,0,Left,0.695199999988079
42,R_vMPW2WP9Kg06LRf,57,f,1,1,1655.0999999940395,Legalization of marijuana,War on Drugs,-1,-1,3,6,3,0.970007710120885,3,5,3,0.970007710120885,-3,-3,0,0,1,0,1,0,0,0,1,0,Left,1.6550999999940395
42,R_vMPW2WP9Kg06LRf,58,f,1,1,1938.5999999940395,War on Drugs,Raise the minimum wage,1,-1,3,5,3,0.970007710120885,3,6,4,0.970007710120885,3,-3,6,0,-1,6,1,6,-6,0,-1,0,Left,1.9385999999940395
42,R_vMPW2WP9Kg06LRf,59,j,2,0,879,Raise the minimum wage,Detention of migrant children,-1,1,3,6,4,0.970007710120885,0,0,2,-1.0777863445787605,-3,0,3,-3,-6,3,6,-3,3,3,6,1,Right,0.879
42,R_vMPW2WP9Kg06LRf,60,f,1,1,1000.7000000178814,Legalization of marijuana,Abolishing fraternities,1,1,3,6,3,0.970007710120885,0,0,1,-1.0777863445787605,3,0,3,3,6,3,6,3,-3,3,6,0,Left,1.0007000000178814
42,R_vMPW2WP9Kg06LRf,61,j,2,0,8582,Mandatory vaccinations,Raise the minimum wage,-1,-1,1,6,4,-0.39518832634554535,3,6,4,0.970007710120885,-1,-3,-2,2,0,2,0,2,-2,-2,0,1,Right,8.582
42,R_vMPW2WP9Kg06LRf,62,j,2,0,1540,War on Drugs,Mandatory vaccinations,-1,1,3,5,3,0.970007710120885,1,6,4,-0.39518832634554535,-3,1,4,-2,1,4,1,-4,4,2,-1,1,Right,1.54
42,R_vMPW2WP9Kg06LRf,63,j,2,0,1416.4000000059605,Black Lives Matter,Ban on research with animals,1,1,0,0,2,-1.0777863445787605,3,8,4,0.970007710120885,0,3,3,3,8,3,8,-3,3,-3,-8,1,Right,1.4164000000059604
42,R_vMPW2WP9Kg06LRf,64,j,2,0,1850.5,Mask mandates,Abortion rights,-1,1,2,8,4,0.28740969188766985,3,8,4,0.970007710120885,-2,3,5,1,0,5,0,-5,5,-1,0,1,Right,1.8505
42,R_vMPW2WP9Kg06LRf,65,f,1,1,1381,Mandatory vaccinations,Legalization of marijuana,1,-1,1,6,4,-0.39518832634554535,3,6,3,0.970007710120885,1,-3,4,-2,0,4,0,4,-4,-2,0,0,Left,1.381
42,R_vMPW2WP9Kg06LRf,66,f,1,1,5338.4000000059605,Legalization of marijuana,Mandatory vaccinations,1,1,3,6,3,0.970007710120885,1,6,4,-0.39518832634554535,3,1,2,2,0,2,0,2,-2,2,0,0,Left,5.338400000005961
42,R_vMPW2WP9Kg06LRf,67,j,2,0,1102.5999999940395,Mask mandates,Bathrooms restricted based on biological sex,-1,1,2,8,4,0.28740969188766985,0,0,1,-1.0777863445787605,-2,0,2,-2,-8,2,8,-2,2,2,8,1,Right,1.1025999999940395
42,R_vMPW2WP9Kg06LRf,68,f,1,1,1505.0999999940395,War on Drugs,Increased Gun regulations,1,-1,3,5,3,0.970007710120885,3,8,4,0.970007710120885,3,-3,6,0,-3,6,3,6,-6,0,-3,0,Left,1.5050999999940395
42,R_vMPW2WP9Kg06LRf,69,f,1,1,1545.9000000059605,Abolishing fraternities,Mask mandates,1,1,0,0,1,-1.0777863445787605,2,8,4,0.28740969188766985,0,2,-2,-2,-8,2,8,-2,2,-2,-8,0,Left,1.5459000000059604
42,R_vMPW2WP9Kg06LRf,70,j,2,0,1079.7999999821186,Mandatory vaccinations,Mandatory vaccinations,-1,1,1,6,4,-0.39518832634554535,1,6,4,-0.39518832634554535,-1,1,2,0,0,2,0,-2,2,0,0,1,Right,1.0797999999821186
42,R_vMPW2WP9Kg06LRf,71,j,2,0,703.1999999880791,War on Drugs,Mask mandates,-1,1,3,5,3,0.970007710120885,2,8,4,0.28740969188766985,-3,2,5,-1,3,5,3,-5,5,1,-3,1,Right,0.703199999988079
42,R_vMPW2WP9Kg06LRf,72,f,1,1,1364.0999999940395,Mask mandates,Legalization of marijuana,1,-1,2,8,4,0.28740969188766985,3,6,3,0.970007710120885,2,-3,5,-1,2,5,2,5,-5,-1,2,0,Left,1.3640999999940395
42,R_vMPW2WP9Kg06LRf,73,j,2,0,2224.699999988079,Increased Gun regulations,Raise the minimum wage,-1,-1,3,8,4,0.970007710120885,3,6,4,0.970007710120885,-3,-3,0,0,-2,0,2,0,0,0,2,1,Right,2.224699999988079
42,R_vMPW2WP9Kg06LRf,74,j,2,0,597.6999999880791,Legalization of marijuana,Mandatory vaccinations,-1,1,3,6,3,0.970007710120885,1,6,4,-0.39518832634554535,-3,1,4,-2,0,4,0,-4,4,2,0,1,Right,0.5976999999880791
42,R_vMPW2WP9Kg06LRf,75,j,2,0,972.4000000059605,Physician-assisted suicide,Legalization of marijuana,1,1,3,8,2,0.970007710120885,3,6,3,0.970007710120885,3,3,0,0,-2,0,2,0,0,0,2,1,Right,0.9724000000059605
42,R_vMPW2WP9Kg06LRf,76,f,1,1,1503.4000000059605,Raise the minimum wage,Remove public Confederate memorials,1,-1,3,6,4,0.970007710120885,0,0,1,-1.0777863445787605,3,-0,3,3,6,3,6,3,-3,3,6,0,Left,1.5034000000059604
42,R_vMPW2WP9Kg06LRf,77,j,2,0,1155.199999988079,Mandatory vaccinations,Mask mandates,-1,-1,1,6,4,-0.39518832634554535,2,8,4,0.28740969188766985,-1,-2,-1,1,2,1,2,1,-1,-1,-2,1,Right,1.155199999988079
42,R_vMPW2WP9Kg06LRf,78,j,2,0,1120.4000000059605,Legalization of marijuana,Abortion rights,1,-1,3,6,3,0.970007710120885,3,8,4,0.970007710120885,3,-3,-6,0,2,6,2,6,-6,0,-2,1,Right,1.1204000000059604
42,R_vMPW2WP9Kg06LRf,79,j,2,0,948,Mask mandates,Mandatory vaccinations,-1,1,2,8,4,0.28740969188766985,1,6,4,-0.39518832634554535,-2,1,3,-1,-2,3,2,-3,3,1,2,1,Right,0.948
42,R_vMPW2WP9Kg06LRf,80,f,1,1,872.2999999821186,War on Drugs,Raise the minimum wage,1,1,3,5,3,0.970007710120885,3,6,4,0.970007710120885,3,3,0,0,-1,0,1,0,0,0,-1,0,Left,0.8722999999821186
42,R_vMPW2WP9Kg06LRf,81,f,1,1,1263.9000000059605,Mask mandates,Ban on research with animals,-1,-1,2,8,4,0.28740969188766985,3,8,4,0.970007710120885,-2,-3,1,-1,0,1,0,1,-1,-1,0,0,Left,1.2639000000059604
42,R_vMPW2WP9Kg06LRf,82,j,2,0,935.2000000178814,Abortion rights,Raise the minimum wage,1,1,3,8,4,0.970007710120885,3,6,4,0.970007710120885,3,3,0,0,-2,0,2,0,0,0,2,1,Right,0.9352000000178814
42,R_vMPW2WP9Kg06LRf,83,j,2,0,929.7999999821186,War on Drugs,War on Drugs,-1,1,3,5,3,0.970007710120885,3,5,3,0.970007710120885,-3,3,6,0,0,6,0,-6,6,0,0,1,Right,0.9297999999821186
42,R_vMPW2WP9Kg06LRf,84,j,2,0,709.1000000238419,Mask mandates,Climate change legislation,1,1,2,8,4,0.28740969188766985,3,8,4,0.970007710120885,2,3,1,1,0,1,0,-1,1,-1,0,1,Right,0.7091000000238419
42,R_vMPW2WP9Kg06LRf,85,j,2,0,846.5,Mask mandates,Increased Gun regulations,1,1,2,8,4,0.28740969188766985,3,8,4,0.970007710120885,2,3,1,1,0,1,0,-1,1,-1,0,1,Right,0.8465
42,R_vMPW2WP9Kg06LRf,86,f,1,1,1106.800000011921,Mandatory vaccinations,Increased Gun regulations,1,-1,1,6,4,-0.39518832634554535,3,8,4,0.970007710120885,1,-3,4,-2,-2,4,2,4,-4,-2,-2,0,Left,1.106800000011921
42,R_vMPW2WP9Kg06LRf,87,f,1,1,4830.899999976158,Mask mandates,Raise the minimum wage,1,1,2,8,4,0.28740969188766985,3,6,4,0.970007710120885,2,3,-1,-1,2,1,2,-1,1,-1,2,0,Left,4.830899999976158
42,R_vMPW2WP9Kg06LRf,88,j,2,0,4526.299999982119,War on Drugs,War on Drugs,-1,1,3,5,3,0.970007710120885,3,5,3,0.970007710120885,-3,3,6,0,0,6,0,-6,6,0,0,1,Right,4.526299999982118
42,R_vMPW2WP9Kg06LRf,89,f,1,1,1712.0999999940395,Mask mandates,Raise the minimum wage,1,1,2,8,4,0.28740969188766985,3,6,4,0.970007710120885,2,3,-1,-1,2,1,2,-1,1,-1,2,0,Left,1.7120999999940396
42,R_vMPW2WP9Kg06LRf,90,j,2,0,1474.2000000178814,Mandatory vaccinations,Mask mandates,-1,1,1,6,4,-0.39518832634554535,2,8,4,0.28740969188766985,-1,2,3,1,2,3,2,-3,3,-1,-2,1,Right,1.4742000000178814
42,R_vMPW2WP9Kg06LRf,91,f,1,1,1173.4000000059605,Legalization of marijuana,Mandatory vaccinations,1,-1,3,6,3,0.970007710120885,1,6,4,-0.39518832634554535,3,-1,4,2,0,4,0,4,-4,2,0,0,Left,1.1734000000059606
42,R_vMPW2WP9Kg06LRf,92,j,2,0,1533.5999999940395,Remove public Confederate memorials,War on Drugs,1,-1,0,0,1,-1.0777863445787605,3,5,3,0.970007710120885,0,-3,-3,3,5,3,5,3,-3,-3,-5,1,Right,1.5335999999940395
42,R_vMPW2WP9Kg06LRf,93,j,2,0,1015.8000000119209,Abortion rights,Mandatory vaccinations,1,1,3,8,4,0.970007710120885,1,6,4,-0.39518832634554535,3,1,-2,-2,-2,2,2,2,-2,2,2,1,Right,1.015800000011921
42,R_vMPW2WP9Kg06LRf,94,f,1,1,1208,War on Drugs,Ban on research with animals,1,-1,3,5,3,0.970007710120885,3,8,4,0.970007710120885,3,-3,6,0,-3,6,3,6,-6,0,-3,0,Left,1.208
42,R_vMPW2WP9Kg06LRf,95,j,2,0,808.4000000059605,Mask mandates,Mandatory vaccinations,1,1,2,8,4,0.28740969188766985,1,6,4,-0.39518832634554535,2,1,-1,-1,-2,1,2,1,-1,1,2,1,Right,0.8084000000059605
42,R_vMPW2WP9Kg06LRf,96,f,1,1,963.4000000059605,Mask mandates,War on Drugs,1,-1,2,8,4,0.28740969188766985,3,5,3,0.970007710120885,2,-3,5,-1,3,5,3,5,-5,-1,3,0,Left,0.9634000000059605
42,R_vMPW2WP9Kg06LRf,97,f,1,1,2429.0999999940395,Mask mandates,Legalization of marijuana,1,-1,2,8,4,0.28740969188766985,3,6,3,0.970007710120885,2,-3,5,-1,2,5,2,5,-5,-1,2,0,Left,2.4290999999940395
42,R_vMPW2WP9Kg06LRf,98,f,1,1,1342.5999999940395,Lift COVID lockdowns,Abortion rights,1,-1,0,0,3,-1.0777863445787605,3,8,4,0.970007710120885,0,-3,3,-3,-8,3,8,3,-3,-3,-8,0,Left,1.3425999999940395
42,R_vMPW2WP9Kg06LRf,99,j,2,0,1054,War on Drugs,Legalization of marijuana,-1,1,3,5,3,0.970007710120885,3,6,3,0.970007710120885,-3,3,6,0,1,6,1,-6,6,0,-1,1,Right,1.054
42,R_vMPW2WP9Kg06LRf,100,f,1,1,1042.9000000059605,War on Drugs,Mandatory vaccinations,1,-1,3,5,3,0.970007710120885,1,6,4,-0.39518832634554535,3,-1,4,2,-1,4,1,4,-4,2,-1,0,Left,1.0429000000059605
32,R_3vFKRCCTpFYXCud,1,j,2,0,8588.199999988079,Student worker unionization,Detention of migrant children,1,-1,2,7,1,0.9426043378729602,-3,8,4,-1.2431448513976722,2,3,1,-5,1,1,1,-1,1,5,-1,1,Right,8.58819999998808
32,R_3vFKRCCTpFYXCud,2,j,2,0,3449.899999976158,Remove public Confederate memorials,Climate change legislation,1,1,1,4,2,0.5054545000188337,3,8,4,1.3797541757270866,1,3,2,2,4,2,4,-2,2,-2,-4,1,Right,3.449899999976158
32,R_3vFKRCCTpFYXCud,3,j,2,0,3553.2999999523163,Abolishing fraternities,Stop police brutality,-1,1,-1,0,1,-0.3688451756894192,3,8,2,1.3797541757270866,1,3,2,4,8,2,8,-2,2,-4,-8,1,Right,3.5532999999523165
32,R_3vFKRCCTpFYXCud,4,f,1,1,4052.100000023842,"Boycott, Divest, and Sanction Israel",Raise the minimum wage,1,-1,-1,4,3,-0.3688451756894192,3,8,4,1.3797541757270866,-1,-3,2,-4,-4,2,4,2,-2,-4,-4,0,Left,4.052100000023842
32,R_3vFKRCCTpFYXCud,5,j,2,0,3773.600000023842,Defund Planned Parenthood,Cuts to National Parks budget,-1,-1,-3,6,3,-1.2431448513976722,-3,5,2,-1.2431448513976722,3,3,0,0,-1,0,1,0,0,0,1,1,Right,3.773600000023842
32,R_3vFKRCCTpFYXCud,6,j,2,0,8422,Defund Planned Parenthood,Climate change legislation,1,-1,-3,6,3,-1.2431448513976722,3,8,4,1.3797541757270866,-3,-3,0,6,2,0,2,0,0,-6,-2,1,Right,8.422
32,R_3vFKRCCTpFYXCud,7,j,2,0,3077.300000011921,Student worker unionization,Raise the minimum wage,-1,1,2,7,1,0.9426043378729602,3,8,4,1.3797541757270866,-2,3,5,1,1,5,1,-5,5,-1,-1,1,Right,3.077300000011921
32,R_3vFKRCCTpFYXCud,8,f,1,1,4003.599999964237,Mandatory training on sexual consent,Climate change legislation,1,-1,-3,1,2,-1.2431448513976722,3,8,4,1.3797541757270866,-3,-3,0,-6,-7,0,7,0,0,-6,-7,0,Left,4.003599999964237
32,R_3vFKRCCTpFYXCud,9,f,1,1,4921.699999988079,Legalization of marijuana,Remove police from schools,1,1,3,4,3,1.3797541757270866,-2,2,1,-0.8059950135435456,3,-2,5,5,2,5,2,5,-5,5,2,0,Left,4.921699999988079
32,R_3vFKRCCTpFYXCud,10,j,2,0,3287.699999988079,Black Lives Matter,Physician-assisted suicide,1,1,0,0,3,0.06830466216470726,3,8,4,1.3797541757270866,0,3,3,3,8,3,8,-3,3,-3,-8,1,Right,3.287699999988079
32,R_3vFKRCCTpFYXCud,11,j,2,0,4158.5,Affirmative action,Mandatory drug tests for welfare recipients,-1,-1,-2,4,3,-0.8059950135435456,-3,8,4,-1.2431448513976722,2,3,1,-1,4,1,4,-1,1,1,-4,1,Right,4.1585
32,R_3vFKRCCTpFYXCud,12,j,2,0,4012.599999964237,Build southern border wall,Student worker unionization,1,-1,-3,4,4,-1.2431448513976722,2,7,1,0.9426043378729602,-3,-2,1,5,3,1,3,-1,1,-5,-3,1,Right,4.012599999964237
32,R_3vFKRCCTpFYXCud,13,j,2,0,4355.899999976158,Detention of migrant children,Remove Christopher Columbus statues,1,-1,-3,8,4,-1.2431448513976722,0,0,1,0.06830466216470726,-3,-0,3,3,-8,3,8,-3,3,-3,8,1,Right,4.355899999976158
32,R_3vFKRCCTpFYXCud,14,j,2,0,2304.100000023842,Legalization of marijuana,Mandatory training on sexual consent,-1,1,3,4,3,1.3797541757270866,-3,1,2,-1.2431448513976722,-3,-3,0,-6,-3,0,3,0,0,6,3,1,Right,2.304100000023842
32,R_3vFKRCCTpFYXCud,15,j,2,0,2398.300000011921,Mandatory drug tests for welfare recipients,Recognize Jerusalem as capital of Israel,1,1,-3,8,4,-1.2431448513976722,1,2,2,0.5054545000188337,-3,1,4,4,-6,4,6,-4,4,-4,6,1,Right,2.398300000011921
32,R_3vFKRCCTpFYXCud,16,j,2,0,5701,Cuts to National Parks budget,Physician-assisted suicide,1,-1,-3,5,2,-1.2431448513976722,3,8,4,1.3797541757270866,-3,-3,0,6,3,0,3,0,0,-6,-3,1,Right,5.701
32,R_3vFKRCCTpFYXCud,17,f,1,1,4126.600000023842,Lift COVID lockdowns,Legalization of marijuana,1,-1,-1,4,2,-0.3688451756894192,3,4,3,1.3797541757270866,-1,-3,2,-4,0,2,0,2,-2,-4,0,0,Left,4.126600000023842
32,R_3vFKRCCTpFYXCud,18,f,1,1,4376.399999976158,Legalization of marijuana,Hardening schools/Arming teachers,1,-1,3,4,3,1.3797541757270866,-2,2,1,-0.8059950135435456,3,2,1,5,2,1,2,1,-1,5,2,0,Left,4.376399999976158
32,R_3vFKRCCTpFYXCud,19,j,2,0,2095.699999988079,Abolishing fraternities,Legalization of marijuana,-1,1,-1,0,1,-0.3688451756894192,3,4,3,1.3797541757270866,1,3,2,4,4,2,4,-2,2,-4,-4,1,Right,2.095699999988079
32,R_3vFKRCCTpFYXCud,20,j,2,0,2516,Mandatory training on sexual consent,Physician-assisted suicide,1,1,-3,1,2,-1.2431448513976722,3,8,4,1.3797541757270866,-3,3,6,6,7,6,7,-6,6,-6,-7,1,Right,2.516
32,R_3vFKRCCTpFYXCud,21,f,1,1,2188.600000023842,Mandatory drug tests for welfare recipients,Affirmative action,-1,1,-3,8,4,-1.2431448513976722,-2,4,3,-0.8059950135435456,3,-2,5,-1,4,5,4,5,-5,-1,4,0,Left,2.188600000023842
32,R_3vFKRCCTpFYXCud,22,f,1,1,4192.299999952316,Remove police from schools,Legalization of marijuana,-1,-1,-2,2,1,-0.8059950135435456,3,4,3,1.3797541757270866,2,-3,5,-5,-2,5,2,5,-5,-5,-2,0,Left,4.192299999952317
32,R_3vFKRCCTpFYXCud,23,f,1,1,2678.100000023842,Mandatory vaccinations,Physician-assisted suicide,1,-1,2,3,3,0.9426043378729602,3,8,4,1.3797541757270866,2,-3,5,-1,-5,5,5,5,-5,-1,-5,0,Left,2.678100000023842
32,R_3vFKRCCTpFYXCud,24,f,1,1,4781,Affirmative action,Ban on research with animals,1,-1,-2,4,3,-0.8059950135435456,3,8,3,1.3797541757270866,-2,-3,1,-5,-4,1,4,1,-1,-5,-4,0,Left,4.781
32,R_3vFKRCCTpFYXCud,25,f,1,1,3710.199999988079,Defund Planned Parenthood,Legalization of marijuana,-1,-1,-3,6,3,-1.2431448513976722,3,4,3,1.3797541757270866,3,-3,6,-6,2,6,2,6,-6,-6,2,0,Left,3.7101999999880793
32,R_3vFKRCCTpFYXCud,26,f,1,1,1980.5,Legalization of marijuana,Mandatory vaccinations,1,-1,3,4,3,1.3797541757270866,2,3,3,0.9426043378729602,3,-2,5,1,1,5,1,5,-5,1,1,0,Left,1.9805
32,R_3vFKRCCTpFYXCud,27,f,1,1,4333.300000011921,Bathrooms restricted based on biological sex,Physician-assisted suicide,-1,-1,-1,4,2,-0.3688451756894192,3,8,4,1.3797541757270866,1,-3,4,-4,-4,4,4,4,-4,-4,-4,0,Left,4.333300000011921
32,R_3vFKRCCTpFYXCud,28,f,1,1,2112.400000035763,Mandatory vaccinations,Legalization of marijuana,1,-1,2,3,3,0.9426043378729602,3,4,3,1.3797541757270866,2,-3,5,-1,-1,5,1,5,-5,-1,-1,0,Left,2.112400000035763
32,R_3vFKRCCTpFYXCud,29,j,2,0,2897,Climate change legislation,Mandatory training on sexual consent,-1,-1,3,8,4,1.3797541757270866,-3,1,2,-1.2431448513976722,-3,3,6,-6,-7,6,7,-6,6,6,7,1,Right,2.897
32,R_3vFKRCCTpFYXCud,30,j,2,0,4035.100000023842,Defund Planned Parenthood,Build southern border wall,-1,-1,-3,6,3,-1.2431448513976722,-3,4,4,-1.2431448513976722,3,3,0,0,-2,0,2,0,0,0,2,1,Right,4.035100000023842
32,R_3vFKRCCTpFYXCud,31,j,2,0,1785.3999999761581,Student worker unionization,Legalization of marijuana,-1,1,2,7,1,0.9426043378729602,3,4,3,1.3797541757270866,-2,3,5,1,-3,5,3,-5,5,-1,3,1,Right,1.785399999976158
32,R_3vFKRCCTpFYXCud,32,f,1,1,1862.699999988079,Raise the minimum wage,Recognize Jerusalem as capital of Israel,1,1,3,8,4,1.3797541757270866,1,2,2,0.5054545000188337,3,1,2,2,6,2,6,2,-2,2,6,0,Left,1.8626999999880791
32,R_3vFKRCCTpFYXCud,33,j,2,0,3333.600000023842,Mandatory drug tests for welfare recipients,Abortion rights,1,1,-3,8,4,-1.2431448513976722,3,5,3,1.3797541757270866,-3,3,6,6,-3,6,3,-6,6,-6,3,1,Right,3.333600000023842
32,R_3vFKRCCTpFYXCud,34,f,1,1,1994.2000000476837,Climate change legislation,Legalization of marijuana,1,-1,3,8,4,1.3797541757270866,3,4,3,1.3797541757270866,3,-3,6,0,4,6,4,6,-6,0,4,0,Left,1.9942000000476836
32,R_3vFKRCCTpFYXCud,35,j,2,0,1932.6000000238419,U.S. drone strikes in Afghanistan,Legalization of marijuana,1,1,-2,8,4,-0.8059950135435456,3,4,3,1.3797541757270866,-2,3,5,5,-4,5,4,-5,5,-5,4,1,Right,1.932600000023842
32,R_3vFKRCCTpFYXCud,36,j,2,0,3444.099999964237,Mandatory vaccinations,Mandatory drug tests for welfare recipients,-1,-1,2,3,3,0.9426043378729602,-3,8,4,-1.2431448513976722,-2,3,5,-5,5,5,5,-5,5,5,-5,1,Right,3.444099999964237
32,R_3vFKRCCTpFYXCud,37,j,2,0,2852.300000011921,Mask mandates,Mandatory drug tests for welfare recipients,1,-1,2,2,3,0.9426043378729602,-3,8,4,-1.2431448513976722,2,3,1,-5,6,1,6,-1,1,5,-6,1,Right,2.8523000000119207
32,R_3vFKRCCTpFYXCud,38,f,1,1,1993.1000000238419,Build southern border wall,Legalization of marijuana,-1,-1,-3,4,4,-1.2431448513976722,3,4,3,1.3797541757270866,3,-3,6,-6,0,6,0,6,-6,-6,0,0,Left,1.993100000023842
32,R_3vFKRCCTpFYXCud,39,j,2,0,3472.599999964237,Defund Planned Parenthood,Legalization of marijuana,1,1,-3,6,3,-1.2431448513976722,3,4,3,1.3797541757270866,-3,3,6,6,-2,6,2,-6,6,-6,2,1,Right,3.4725999999642374
32,R_3vFKRCCTpFYXCud,40,f,1,1,4328.199999988079,Religious exemptions for discrimination laws,Remove police from schools,-1,1,-3,8,2,-1.2431448513976722,-2,2,1,-0.8059950135435456,3,-2,5,-1,6,5,6,5,-5,-1,6,0,Left,4.328199999988079
32,R_3vFKRCCTpFYXCud,41,f,1,1,3185.300000011921,Ban on research with animals,Mandatory training on sexual consent,1,-1,3,8,3,1.3797541757270866,-3,1,2,-1.2431448513976722,3,3,0,6,7,0,7,0,0,6,7,0,Left,3.185300000011921
32,R_3vFKRCCTpFYXCud,42,f,1,1,6483.400000035763,Abortion rights,Build southern border wall,-1,1,3,5,3,1.3797541757270866,-3,4,4,-1.2431448513976722,-3,-3,0,6,1,0,1,0,0,6,1,0,Left,6.483400000035763
32,R_3vFKRCCTpFYXCud,43,j,2,0,3350.300000011921,Ban on research with animals,Detention of migrant children,-1,-1,3,8,3,1.3797541757270866,-3,8,4,-1.2431448513976722,-3,3,6,-6,0,6,0,-6,6,6,0,1,Right,3.350300000011921
32,R_3vFKRCCTpFYXCud,44,j,2,0,2922.800000011921,Lift COVID lockdowns,Ban on research with animals,1,1,-1,4,2,-0.3688451756894192,3,8,3,1.3797541757270866,-1,3,4,4,4,4,4,-4,4,-4,-4,1,Right,2.9228000000119208
32,R_3vFKRCCTpFYXCud,45,j,2,0,2182.199999988079,Mandatory drug tests for welfare recipients,Legalization of marijuana,1,1,-3,8,4,-1.2431448513976722,3,4,3,1.3797541757270866,-3,3,6,6,-4,6,4,-6,6,-6,4,1,Right,2.1821999999880792
32,R_3vFKRCCTpFYXCud,46,j,2,0,2144.100000023842,Mandatory drug tests for welfare recipients,Abolishing fraternities,1,1,-3,8,4,-1.2431448513976722,-1,0,1,-0.3688451756894192,-3,-1,2,2,-8,2,8,-2,2,-2,8,1,Right,2.1441000000238417
32,R_3vFKRCCTpFYXCud,47,f,1,1,6824.399999976158,Legalization of marijuana,Defund Planned Parenthood,-1,1,3,4,3,1.3797541757270866,-3,6,3,-1.2431448513976722,-3,-3,0,6,-2,0,2,0,0,6,-2,0,Left,6.824399999976158
32,R_3vFKRCCTpFYXCud,48,j,2,0,6336,Stop police brutality,Abortion rights,1,1,3,8,2,1.3797541757270866,3,5,3,1.3797541757270866,3,3,0,0,-3,0,3,0,0,0,3,1,Right,6.336
32,R_3vFKRCCTpFYXCud,49,j,2,0,2188.5,Mandatory training on sexual consent,Build southern border wall,1,-1,-3,1,2,-1.2431448513976722,-3,4,4,-1.2431448513976722,-3,3,6,0,3,6,3,-6,6,0,-3,1,Right,2.1885
32,R_3vFKRCCTpFYXCud,50,f,1,1,3269.800000011921,Build southern border wall,Mandatory vaccinations,-1,1,-3,4,4,-1.2431448513976722,2,3,3,0.9426043378729602,3,2,1,-5,1,1,1,1,-1,-5,1,0,Left,3.2698000000119207
32,R_3vFKRCCTpFYXCud,51,j,2,0,4384,Student worker unionization,Build southern border wall,1,-1,2,7,1,0.9426043378729602,-3,4,4,-1.2431448513976722,2,3,1,-5,-3,1,3,-1,1,5,3,1,Right,4.384
32,R_3vFKRCCTpFYXCud,52,f,1,1,2820.5,Affirmative action,Physician-assisted suicide,-1,-1,-2,4,3,-0.8059950135435456,3,8,4,1.3797541757270866,2,-3,5,-5,-4,5,4,5,-5,-5,-4,0,Left,2.8205
32,R_3vFKRCCTpFYXCud,53,j,2,0,4112.699999988079,Build southern border wall,Defund the police,1,-1,-3,4,4,-1.2431448513976722,-1,2,2,-0.3688451756894192,-3,1,4,2,-2,4,2,-4,4,-2,2,1,Right,4.112699999988079
32,R_3vFKRCCTpFYXCud,54,j,2,0,2020.6000000238419,Legalization of marijuana,Remove Christopher Columbus statues,-1,1,3,4,3,1.3797541757270866,0,0,1,0.06830466216470726,-3,0,3,-3,-4,3,4,-3,3,3,4,1,Right,2.0206000000238418
32,R_3vFKRCCTpFYXCud,55,f,1,1,1879.1000000238419,Legalization of marijuana,Mandatory training on sexual consent,1,-1,3,4,3,1.3797541757270866,-3,1,2,-1.2431448513976722,3,3,0,6,3,0,3,0,0,6,3,0,Left,1.8791000000238418
32,R_3vFKRCCTpFYXCud,56,f,1,1,2873.300000011921,Physician-assisted suicide,U.S. drone strikes in Afghanistan,-1,1,3,8,4,1.3797541757270866,-2,8,4,-0.8059950135435456,-3,-2,-1,5,0,1,0,-1,1,5,0,0,Left,2.873300000011921
32,R_3vFKRCCTpFYXCud,57,j,2,0,2386.599999964237,Build southern border wall,U.S. drone strikes in Afghanistan,1,-1,-3,4,4,-1.2431448513976722,-2,8,4,-0.8059950135435456,-3,2,5,1,4,5,4,-5,5,-1,-4,1,Right,2.386599999964237
32,R_3vFKRCCTpFYXCud,58,j,2,0,2748.399999976158,Abortion rights,Cuts to National Parks budget,-1,-1,3,5,3,1.3797541757270866,-3,5,2,-1.2431448513976722,-3,3,6,-6,0,6,0,-6,6,6,0,1,Right,2.7483999999761584
32,R_3vFKRCCTpFYXCud,59,f,1,1,5294.899999976158,Mandatory vaccinations,Stop police brutality,-1,-1,2,3,3,0.9426043378729602,3,8,2,1.3797541757270866,-2,-3,1,-1,-5,1,5,1,-1,-1,-5,0,Left,5.294899999976158
32,R_3vFKRCCTpFYXCud,60,f,1,1,1654.199999988079,Legalization of marijuana,Abolishing fraternities,1,1,3,4,3,1.3797541757270866,-1,0,1,-0.3688451756894192,3,-1,4,4,4,4,4,4,-4,4,4,0,Left,1.654199999988079
32,R_3vFKRCCTpFYXCud,61,j,2,0,2854.699999988079,Detention of migrant children,Remove police from schools,1,-1,-3,8,4,-1.2431448513976722,-2,2,1,-0.8059950135435456,-3,2,5,1,-6,5,6,-5,5,-1,6,1,Right,2.854699999988079
32,R_3vFKRCCTpFYXCud,62,j,2,0,2013,Build southern border wall,Remove police from schools,1,1,-3,4,4,-1.2431448513976722,-2,2,1,-0.8059950135435456,-3,-2,1,1,-2,1,2,-1,1,-1,2,1,Right,2.013
32,R_3vFKRCCTpFYXCud,63,f,1,1,1571.8999999761581,Legalization of marijuana,Defund the police,1,1,3,4,3,1.3797541757270866,-1,2,2,-0.3688451756894192,3,-1,4,4,2,4,2,4,-4,4,2,0,Left,1.571899999976158
32,R_3vFKRCCTpFYXCud,64,f,1,1,2220.5,Cuts to National Parks budget,Legalization of marijuana,-1,-1,-3,5,2,-1.2431448513976722,3,4,3,1.3797541757270866,3,-3,6,-6,1,6,1,6,-6,-6,1,0,Left,2.2205
32,R_3vFKRCCTpFYXCud,65,j,2,0,2340.2999999523163,Legalization of marijuana,Affirmative action,-1,-1,3,4,3,1.3797541757270866,-2,4,3,-0.8059950135435456,-3,2,5,-5,0,5,0,-5,5,5,0,1,Right,2.3402999999523164
32,R_3vFKRCCTpFYXCud,66,f,1,1,1855.9000000357628,Legalization of marijuana,Remove public Confederate memorials,1,1,3,4,3,1.3797541757270866,1,4,2,0.5054545000188337,3,1,2,2,0,2,0,2,-2,2,0,0,Left,1.8559000000357628
32,R_3vFKRCCTpFYXCud,67,f,1,1,2350.399999976158,Student worker unionization,Climate change legislation,-1,-1,2,7,1,0.9426043378729602,3,8,4,1.3797541757270866,-2,-3,1,-1,-1,1,1,1,-1,-1,-1,0,Left,2.3503999999761582
32,R_3vFKRCCTpFYXCud,68,j,2,0,5943.300000011921,Build southern border wall,Climate change legislation,-1,1,-3,4,4,-1.2431448513976722,3,8,4,1.3797541757270866,3,3,0,6,4,0,4,0,0,-6,-4,1,Right,5.943300000011921
32,R_3vFKRCCTpFYXCud,69,j,2,0,2086.800000011921,Recognize Jerusalem as capital of Israel,Build southern border wall,1,-1,1,2,2,0.5054545000188337,-3,4,4,-1.2431448513976722,1,3,2,-4,2,2,2,-2,2,4,-2,1,Right,2.086800000011921
32,R_3vFKRCCTpFYXCud,70,j,2,0,2869.099999964237,Cuts to National Parks budget,Detention of migrant children,1,-1,-3,5,2,-1.2431448513976722,-3,8,4,-1.2431448513976722,-3,3,6,0,3,6,3,-6,6,0,-3,1,Right,2.869099999964237
32,R_3vFKRCCTpFYXCud,71,f,1,1,1686,Build southern border wall,Remove public Confederate memorials,-1,-1,-3,4,4,-1.2431448513976722,1,4,2,0.5054545000188337,3,-1,4,-4,0,4,0,4,-4,-4,0,0,Left,1.686
32,R_3vFKRCCTpFYXCud,72,f,1,1,3144.399999976158,Abolishing fraternities,Build southern border wall,-1,1,-1,0,1,-0.3688451756894192,-3,4,4,-1.2431448513976722,1,-3,4,2,-4,4,4,4,-4,2,-4,0,Left,3.1443999999761583
32,R_3vFKRCCTpFYXCud,73,f,1,1,4132.199999988079,Bathrooms restricted based on biological sex,Build southern border wall,-1,1,-1,4,2,-0.3688451756894192,-3,4,4,-1.2431448513976722,1,-3,4,2,0,4,0,4,-4,2,0,0,Left,4.132199999988079
32,R_3vFKRCCTpFYXCud,74,f,1,1,1712.199999988079,Mandatory training on sexual consent,Legalization of marijuana,-1,-1,-3,1,2,-1.2431448513976722,3,4,3,1.3797541757270866,3,-3,6,-6,-3,6,3,6,-6,-6,-3,0,Left,1.712199999988079
32,R_3vFKRCCTpFYXCud,75,f,1,1,5098.399999976158,Religious exemptions for discrimination laws,Defund Planned Parenthood,-1,-1,-3,8,2,-1.2431448513976722,-3,6,3,-1.2431448513976722,3,3,0,0,2,0,2,0,0,0,2,0,Left,5.0983999999761584
32,R_3vFKRCCTpFYXCud,76,j,2,0,2209,Defund the police,Raise the minimum wage,1,1,-1,2,2,-0.3688451756894192,3,8,4,1.3797541757270866,-1,3,4,4,6,4,6,-4,4,-4,-6,1,Right,2.209
32,R_3vFKRCCTpFYXCud,77,f,1,1,2960.5,On campus concealed carry,Build southern border wall,1,1,-1,0,1,-0.3688451756894192,-3,4,4,-1.2431448513976722,-1,-3,2,2,-4,2,4,2,-2,2,-4,0,Left,2.9605
32,R_3vFKRCCTpFYXCud,78,f,1,1,1612.300000011921,Legalization of marijuana,Remove Christopher Columbus statues,1,1,3,4,3,1.3797541757270866,0,0,1,0.06830466216470726,3,0,3,3,4,3,4,3,-3,3,4,0,Left,1.612300000011921
32,R_3vFKRCCTpFYXCud,79,f,1,1,3177.699999988079,Build southern border wall,Abortion rights,-1,1,-3,4,4,-1.2431448513976722,3,5,3,1.3797541757270866,3,3,0,-6,-1,0,1,0,0,-6,-1,0,Left,3.177699999988079
32,R_3vFKRCCTpFYXCud,80,f,1,1,1773.800000011921,Build southern border wall,Affirmative action,-1,-1,-3,4,4,-1.2431448513976722,-2,4,3,-0.8059950135435456,3,2,1,-1,0,1,0,1,-1,-1,0,0,Left,1.773800000011921
32,R_3vFKRCCTpFYXCud,81,f,1,1,2674.199999988079,Mandatory drug tests for welfare recipients,Mandatory vaccinations,-1,1,-3,8,4,-1.2431448513976722,2,3,3,0.9426043378729602,3,2,1,-5,5,1,5,1,-1,-5,5,0,Left,2.6741999999880792
32,R_3vFKRCCTpFYXCud,82,j,2,0,2473.699999988079,Raise the minimum wage,U.S. drone strikes in Afghanistan,-1,-1,3,8,4,1.3797541757270866,-2,8,4,-0.8059950135435456,-3,2,5,-5,0,5,0,-5,5,5,0,1,Right,2.473699999988079
32,R_3vFKRCCTpFYXCud,83,j,2,0,3010.5,Defund Planned Parenthood,Mandatory drug tests for welfare recipients,1,-1,-3,6,3,-1.2431448513976722,-3,8,4,-1.2431448513976722,-3,3,6,0,2,6,2,-6,6,0,-2,1,Right,3.0105
32,R_3vFKRCCTpFYXCud,84,f,1,1,2668.7000000476837,Physician-assisted suicide,Legalization of marijuana,-1,-1,3,8,4,1.3797541757270866,3,4,3,1.3797541757270866,-3,-3,0,0,4,0,4,0,0,0,4,0,Left,2.668700000047684
32,R_3vFKRCCTpFYXCud,85,f,1,1,2447.399999976158,Legalization of marijuana,U.S. drone strikes in Afghanistan,-1,1,3,4,3,1.3797541757270866,-2,8,4,-0.8059950135435456,-3,-2,-1,5,-4,1,4,-1,1,5,-4,0,Left,2.447399999976158
32,R_3vFKRCCTpFYXCud,86,f,1,1,4580.700000047684,Abolishing fraternities,Stop police brutality,-1,-1,-1,0,1,-0.3688451756894192,3,8,2,1.3797541757270866,1,-3,4,-4,-8,4,8,4,-4,-4,-8,0,Left,4.580700000047684
32,R_3vFKRCCTpFYXCud,87,j,2,0,1871.0999999642372,Legalization of marijuana,Affirmative action,-1,1,3,4,3,1.3797541757270866,-2,4,3,-0.8059950135435456,-3,-2,1,-5,0,1,0,-1,1,5,0,1,Right,1.8710999999642373
32,R_3vFKRCCTpFYXCud,88,f,1,1,2265.199999988079,Physician-assisted suicide,U.S. drone strikes in Afghanistan,1,1,3,8,4,1.3797541757270866,-2,8,4,-0.8059950135435456,3,-2,5,5,0,5,0,5,-5,5,0,0,Left,2.265199999988079
32,R_3vFKRCCTpFYXCud,89,f,1,1,1812.1000000238419,Build southern border wall,Affirmative action,-1,1,-3,4,4,-1.2431448513976722,-2,4,3,-0.8059950135435456,3,-2,5,-1,0,5,0,5,-5,-1,0,0,Left,1.8121000000238419
32,R_3vFKRCCTpFYXCud,90,j,2,0,3048.599999964237,Legalization of marijuana,Mandatory vaccinations,-1,-1,3,4,3,1.3797541757270866,2,3,3,0.9426043378729602,-3,-2,1,-1,-1,1,1,-1,1,1,1,1,Right,3.048599999964237
32,R_3vFKRCCTpFYXCud,91,j,2,0,3827.199999988079,Ban on research with animals,Hardening schools/Arming teachers,-1,1,3,8,3,1.3797541757270866,-2,2,1,-0.8059950135435456,-3,-2,1,-5,-6,1,6,-1,1,5,6,1,Right,3.8271999999880792
32,R_3vFKRCCTpFYXCud,92,j,2,0,2365.599999964237,Cuts to National Parks budget,Build southern border wall,1,-1,-3,5,2,-1.2431448513976722,-3,4,4,-1.2431448513976722,-3,3,6,0,-1,6,1,-6,6,0,1,1,Right,2.365599999964237
32,R_3vFKRCCTpFYXCud,93,f,1,1,2863.800000011921,Defund Planned Parenthood,Mandatory drug tests for welfare recipients,-1,1,-3,6,3,-1.2431448513976722,-3,8,4,-1.2431448513976722,3,-3,6,0,-2,6,2,6,-6,0,-2,0,Left,2.863800000011921
32,R_3vFKRCCTpFYXCud,94,j,2,0,1994.1000000238419,On campus concealed carry,Religious exemptions for discrimination laws,1,-1,-1,0,1,-0.3688451756894192,-3,8,2,-1.2431448513976722,-1,3,4,-2,8,4,8,-4,4,2,-8,1,Right,1.9941000000238418
32,R_3vFKRCCTpFYXCud,95,f,1,1,2482.399999976158,Student worker unionization,Build southern border wall,1,1,2,7,1,0.9426043378729602,-3,4,4,-1.2431448513976722,2,-3,5,5,3,5,3,5,-5,5,3,0,Left,2.4823999999761583
32,R_3vFKRCCTpFYXCud,96,f,1,1,3510.600000023842,Defund the police,Stop police brutality,1,-1,-1,2,2,-0.3688451756894192,3,8,2,1.3797541757270866,-1,-3,2,-4,-6,2,6,2,-2,-4,-6,0,Left,3.510600000023842
32,R_3vFKRCCTpFYXCud,97,f,1,1,2289.399999976158,Defund the police,Build southern border wall,1,1,-1,2,2,-0.3688451756894192,-3,4,4,-1.2431448513976722,-1,-3,2,2,-2,2,2,2,-2,2,-2,0,Left,2.2893999999761583
32,R_3vFKRCCTpFYXCud,98,f,1,1,2734.599999964237,U.S. drone strikes in Afghanistan,Religious exemptions for discrimination laws,-1,-1,-2,8,4,-0.8059950135435456,-3,8,2,-1.2431448513976722,2,3,-1,1,0,1,0,-1,1,1,0,0,Left,2.7345999999642374
32,R_3vFKRCCTpFYXCud,99,f,1,1,2556.600000023842,Student worker unionization,Mandatory drug tests for welfare recipients,1,1,2,7,1,0.9426043378729602,-3,8,4,-1.2431448513976722,2,-3,5,5,-1,5,1,5,-5,5,-1,0,Left,2.556600000023842
32,R_3vFKRCCTpFYXCud,100,j,2,0,4510.600000023842,Build southern border wall,U.S. drone strikes in Afghanistan,-1,-1,-3,4,4,-1.2431448513976722,-2,8,4,-0.8059950135435456,3,2,-1,1,4,1,4,1,-1,-1,-4,1,Right,4.5106000000238415
18,R_2wvLMxIloZ7ffa5,1,f,1,1,1368.4000000059605,Detention of migrant children,Mandatory trigger warnings,1,1,0,5,3,-1.1511666190908498,2,5,4,0.2778678046081365,0,2,-2,-2,0,2,0,-2,2,-2,0,0,Left,1.3684000000059604
18,R_2wvLMxIloZ7ffa5,2,j,2,0,930.8000000119209,Mandatory trigger warnings,Tuition increases,1,-1,2,5,4,0.2778678046081365,1,7,4,-0.43664940724135665,2,-1,-3,-1,2,3,2,3,-3,1,-2,1,Right,0.930800000011921
18,R_2wvLMxIloZ7ffa5,3,f,1,1,956.7000000178814,Mandatory trigger warnings,Increased Gun regulations,1,1,2,5,4,0.2778678046081365,3,6,3,0.9923850164576297,2,3,-1,-1,-1,1,1,-1,1,-1,-1,0,Left,0.9567000000178814
18,R_2wvLMxIloZ7ffa5,4,f,1,1,2501.5999999940395,Increased Gun regulations,Abortion rights,-1,1,3,6,3,0.9923850164576297,3,5,3,0.9923850164576297,-3,3,-6,0,1,6,1,-6,6,0,1,0,Left,2.5015999999940397
18,R_2wvLMxIloZ7ffa5,5,j,2,0,1982.5,Ban on ethnic Halloween costumes,Detention of migrant children,-1,-1,1,7,2,-0.43664940724135665,0,5,3,-1.1511666190908498,-1,-0,1,-1,-2,1,2,-1,1,1,2,1,Right,1.9825
18,R_2wvLMxIloZ7ffa5,6,f,1,1,599.2999999821186,Climate change legislation,Mandatory trigger warnings,1,1,3,5,3,0.9923850164576297,2,5,4,0.2778678046081365,3,2,1,1,0,1,0,1,-1,1,0,0,Left,0.5992999999821186
18,R_2wvLMxIloZ7ffa5,7,f,1,1,1711.699999988079,Black Lives Matter,War on Drugs,1,-1,1,7,4,-0.43664940724135665,3,5,3,0.9923850164576297,1,-3,4,-2,2,4,2,4,-4,-2,2,0,Left,1.711699999988079
18,R_2wvLMxIloZ7ffa5,8,j,2,0,2895.2999999821186,Detention of migrant children,Mandatory trigger warnings,-1,1,0,5,3,-1.1511666190908498,2,5,4,0.2778678046081365,-0,2,2,2,0,2,0,-2,2,-2,0,1,Right,2.8952999999821185
18,R_2wvLMxIloZ7ffa5,9,f,1,1,1000.3000000119209,Increased Gun regulations,Abortion rights,1,-1,3,6,3,0.9923850164576297,3,5,3,0.9923850164576297,3,-3,6,0,1,6,1,6,-6,0,1,0,Left,1.0003000000119209
18,R_2wvLMxIloZ7ffa5,10,f,1,1,1308,Increased Gun regulations,Increased Gun regulations,1,-1,3,6,3,0.9923850164576297,3,6,3,0.9923850164576297,3,-3,6,0,0,6,0,6,-6,0,0,0,Left,1.308
18,R_2wvLMxIloZ7ffa5,11,f,1,1,1178.5,Stop police brutality,Tuition increases,1,-1,3,5,3,0.9923850164576297,1,7,4,-0.43664940724135665,3,-1,4,2,-2,4,2,4,-4,2,-2,0,Left,1.1785
18,R_2wvLMxIloZ7ffa5,12,f,1,1,1072.699999988079,Increased Gun regulations,Mandatory trigger warnings,-1,1,3,6,3,0.9923850164576297,2,5,4,0.2778678046081365,-3,2,-5,1,1,5,1,-5,5,1,1,0,Left,1.072699999988079
18,R_2wvLMxIloZ7ffa5,13,j,2,0,968.5999999940395,Hardening schools/Arming teachers,Increased Gun regulations,1,-1,3,5,3,0.9923850164576297,3,6,3,0.9923850164576297,3,-3,-6,0,1,6,1,6,-6,0,-1,1,Right,0.9685999999940396
18,R_2wvLMxIloZ7ffa5,14,f,1,1,1121.5,Increased Gun regulations,Black Lives Matter,1,-1,3,6,3,0.9923850164576297,1,7,4,-0.43664940724135665,3,-1,4,2,-1,4,1,4,-4,2,-1,0,Left,1.1215
18,R_2wvLMxIloZ7ffa5,15,f,1,1,1473.699999988079,Black Lives Matter,Tuition increases,-1,1,1,7,4,-0.43664940724135665,1,7,4,-0.43664940724135665,-1,1,-2,0,0,2,0,-2,2,0,0,0,Left,1.473699999988079
18,R_2wvLMxIloZ7ffa5,16,f,1,1,154.19999998807907,Climate change legislation,Cuts to National Parks budget,1,1,3,5,3,0.9923850164576297,1,7,4,-0.43664940724135665,3,1,2,2,-2,2,2,2,-2,2,-2,0,Left,0.15419999998807907
18,R_2wvLMxIloZ7ffa5,17,j,2,0,1376.2999999821186,Mandatory trigger warnings,Ban on ethnic Halloween costumes,-1,-1,2,5,4,0.2778678046081365,1,7,2,-0.43664940724135665,-2,-1,1,-1,2,1,2,-1,1,1,-2,1,Right,1.3762999999821186
18,R_2wvLMxIloZ7ffa5,18,j,2,0,1432.300000011921,Detention of migrant children,Mandatory drug tests for welfare recipients,-1,1,0,5,3,-1.1511666190908498,3,5,3,0.9923850164576297,-0,3,3,3,0,3,0,-3,3,-3,0,1,Right,1.432300000011921
18,R_2wvLMxIloZ7ffa5,19,j,2,0,914.3000000119209,Defund the police,Mandatory trigger warnings,-1,1,0,7,3,-1.1511666190908498,2,5,4,0.2778678046081365,-0,2,2,2,-2,2,2,-2,2,-2,2,1,Right,0.9143000000119209
18,R_2wvLMxIloZ7ffa5,20,f,1,1,628.7000000178814,Detention of migrant children,Increased Gun regulations,1,-1,0,5,3,-1.1511666190908498,3,6,3,0.9923850164576297,0,-3,3,-3,-1,3,1,3,-3,-3,-1,0,Left,0.6287000000178814
18,R_2wvLMxIloZ7ffa5,21,j,2,0,1127.7999999821186,Increased Gun regulations,Black Lives Matter,1,-1,3,6,3,0.9923850164576297,1,7,4,-0.43664940724135665,3,-1,-4,-2,1,4,1,4,-4,2,-1,1,Right,1.1277999999821187
18,R_2wvLMxIloZ7ffa5,22,f,1,1,993.4000000059605,Detention of migrant children,Increased Gun regulations,1,1,0,5,3,-1.1511666190908498,3,6,3,0.9923850164576297,0,3,-3,-3,-1,3,1,-3,3,-3,-1,0,Left,0.9934000000059605
18,R_2wvLMxIloZ7ffa5,23,f,1,1,619.7999999821186,Mandatory trigger warnings,Increased Gun regulations,-1,-1,2,5,4,0.2778678046081365,3,6,3,0.9923850164576297,-2,-3,1,-1,-1,1,1,1,-1,-1,-1,0,Left,0.6197999999821187
18,R_2wvLMxIloZ7ffa5,24,j,2,0,726,Increased Gun regulations,Mandatory trigger warnings,-1,-1,3,6,3,0.9923850164576297,2,5,4,0.2778678046081365,-3,-2,1,-1,-1,1,1,-1,1,1,1,1,Right,0.726
18,R_2wvLMxIloZ7ffa5,25,f,1,1,1129.2000000178814,Ban on research with animals,Mandatory trigger warnings,1,-1,3,5,3,0.9923850164576297,2,5,4,0.2778678046081365,3,-2,5,1,0,5,0,5,-5,1,0,0,Left,1.1292000000178815
18,R_2wvLMxIloZ7ffa5,26,f,1,1,5191.699999988079,Allow alt-right speakers on campus,Detention of migrant children,1,-1,3,5,3,0.9923850164576297,0,5,3,-1.1511666190908498,3,-0,3,3,0,3,0,3,-3,3,0,0,Left,5.191699999988079
18,R_2wvLMxIloZ7ffa5,27,j,2,0,3122.7000000178814,Increased Gun regulations,Mandatory drug tests for welfare recipients,1,-1,3,6,3,0.9923850164576297,3,5,3,0.9923850164576297,3,-3,-6,0,-1,6,1,6,-6,0,1,1,Right,3.1227000000178813
18,R_2wvLMxIloZ7ffa5,28,f,1,1,1493.699999988079,Legalization of marijuana,Cuts to National Parks budget,1,-1,3,5,3,0.9923850164576297,1,7,4,-0.43664940724135665,3,-1,4,2,-2,4,2,4,-4,2,-2,0,Left,1.4936999999880791
18,R_2wvLMxIloZ7ffa5,29,f,1,1,1127,Ban on ethnic Halloween costumes,Mandatory trigger warnings,1,-1,1,7,2,-0.43664940724135665,2,5,4,0.2778678046081365,1,-2,3,-1,2,3,2,3,-3,-1,2,0,Left,1.127
18,R_2wvLMxIloZ7ffa5,31,j,2,0,1539.9000000059605,Increased Gun regulations,Ban on ethnic Halloween costumes,-1,-1,3,6,3,0.9923850164576297,1,7,2,-0.43664940724135665,-3,-1,2,-2,1,2,1,-2,2,2,-1,1,Right,1.5399000000059604
18,R_2wvLMxIloZ7ffa5,33,f,1,1,841.2000000178814,Increased Gun regulations,Black Lives Matter,-1,1,3,6,3,0.9923850164576297,1,7,4,-0.43664940724135665,-3,1,-4,2,-1,4,1,-4,4,2,-1,0,Left,0.8412000000178814
18,R_2wvLMxIloZ7ffa5,34,f,1,1,764.6999999880791,Allow alt-right speakers on campus,Ban on ethnic Halloween costumes,-1,-1,3,5,3,0.9923850164576297,1,7,2,-0.43664940724135665,-3,-1,-2,2,-2,2,2,-2,2,2,-2,0,Left,0.764699999988079
18,R_2wvLMxIloZ7ffa5,35,f,1,1,758.1999999880791,Increased Gun regulations,Legalization of marijuana,-1,1,3,6,3,0.9923850164576297,3,5,3,0.9923850164576297,-3,3,-6,0,1,6,1,-6,6,0,1,0,Left,0.7581999999880791
18,R_2wvLMxIloZ7ffa5,36,j,2,0,764.6000000238419,Allow alt-right speakers on campus,Detention of migrant children,-1,-1,3,5,3,0.9923850164576297,0,5,3,-1.1511666190908498,-3,-0,3,-3,0,3,0,-3,3,3,0,1,Right,0.7646000000238419
18,R_2wvLMxIloZ7ffa5,37,f,1,1,769.9000000059605,Affirmative action,Affirmative action,1,-1,1,7,2,-0.43664940724135665,1,7,2,-0.43664940724135665,1,-1,2,0,0,2,0,2,-2,0,0,0,Left,0.7699000000059605
18,R_2wvLMxIloZ7ffa5,38,f,1,1,1024.2999999821186,Mandatory trigger warnings,Allow alt-right speakers on campus,1,1,2,5,4,0.2778678046081365,3,5,3,0.9923850164576297,2,3,-1,-1,0,1,0,-1,1,-1,0,0,Left,1.0242999999821185
18,R_2wvLMxIloZ7ffa5,39,j,2,0,911.0999999940395,Detention of migrant children,Increased Gun regulations,1,1,0,5,3,-1.1511666190908498,3,6,3,0.9923850164576297,0,3,3,3,1,3,1,-3,3,-3,-1,1,Right,0.9110999999940396
18,R_2wvLMxIloZ7ffa5,40,f,1,1,2362.9000000059605,Increased Gun regulations,Mask mandates,1,1,3,6,3,0.9923850164576297,3,5,3,0.9923850164576297,3,3,0,0,1,0,1,0,0,0,1,0,Left,2.3629000000059603
18,R_2wvLMxIloZ7ffa5,41,j,2,0,925.9000000059605,Mandatory trigger warnings,Black Lives Matter,-1,-1,2,5,4,0.2778678046081365,1,7,4,-0.43664940724135665,-2,-1,1,-1,2,1,2,-1,1,1,-2,1,Right,0.9259000000059605
18,R_2wvLMxIloZ7ffa5,42,f,1,1,200.60000002384186,Mandatory vaccinations,Mandatory trigger warnings,1,1,0,7,3,-1.1511666190908498,2,5,4,0.2778678046081365,0,2,-2,-2,2,2,2,-2,2,-2,2,0,Left,0.20060000002384185
18,R_2wvLMxIloZ7ffa5,43,j,2,0,821.5999999940395,Bathrooms restricted based on biological sex,Mandatory trigger warnings,-1,1,3,5,3,0.9923850164576297,2,5,4,0.2778678046081365,-3,2,5,-1,0,5,0,-5,5,1,0,1,Right,0.8215999999940395
18,R_2wvLMxIloZ7ffa5,45,f,1,1,451.30000001192093,Increased Gun regulations,Gun-free campus police,1,-1,3,6,3,0.9923850164576297,0,7,3,-1.1511666190908498,3,-0,3,3,-1,3,1,3,-3,3,-1,0,Left,0.45130000001192094
18,R_2wvLMxIloZ7ffa5,46,f,1,1,876.4000000059605,Tuition increases,Mandatory vaccinations,1,1,1,7,4,-0.43664940724135665,0,7,3,-1.1511666190908498,1,0,1,1,0,1,0,1,-1,1,0,0,Left,0.8764000000059604
18,R_2wvLMxIloZ7ffa5,47,f,1,1,1818.5999999940395,Bathrooms restricted based on biological sex,Black Lives Matter,-1,1,3,5,3,0.9923850164576297,1,7,4,-0.43664940724135665,-3,1,-4,2,-2,4,2,-4,4,2,-2,0,Left,1.8185999999940394
18,R_2wvLMxIloZ7ffa5,48,j,2,0,255.30000001192093,Dorms determined by gender identity,Affirmative action,1,-1,0,7,3,-1.1511666190908498,1,7,2,-0.43664940724135665,0,-1,-1,1,0,1,0,1,-1,-1,0,1,Right,0.25530000001192094
18,R_2wvLMxIloZ7ffa5,49,f,1,1,824.2999999821186,Increased Gun regulations,Increased Gun regulations,1,-1,3,6,3,0.9923850164576297,3,6,3,0.9923850164576297,3,-3,6,0,0,6,0,6,-6,0,0,0,Left,0.8242999999821186
18,R_2wvLMxIloZ7ffa5,50,f,1,1,1046.4000000059605,Mandatory trigger warnings,Mandatory trigger warnings,1,-1,2,5,4,0.2778678046081365,2,5,4,0.2778678046081365,2,-2,4,0,0,4,0,4,-4,0,0,0,Left,1.0464000000059606
18,R_2wvLMxIloZ7ffa5,51,f,1,1,914.3000000119209,Detention of migrant children,Affirmative action,-1,1,0,5,3,-1.1511666190908498,1,7,2,-0.43664940724135665,-0,1,-1,-1,-2,1,2,-1,1,-1,-2,0,Left,0.9143000000119209
18,R_2wvLMxIloZ7ffa5,52,f,1,1,350.5,Legalization of marijuana,Hardening schools/Arming teachers,1,-1,3,5,3,0.9923850164576297,3,5,3,0.9923850164576297,3,-3,6,0,0,6,0,6,-6,0,0,0,Left,0.3505
18,R_2wvLMxIloZ7ffa5,53,j,2,0,759.7999999821186,Mandatory trigger warnings,Black Lives Matter,-1,1,2,5,4,0.2778678046081365,1,7,4,-0.43664940724135665,-2,1,3,-1,2,3,2,-3,3,1,-2,1,Right,0.7597999999821186
18,R_2wvLMxIloZ7ffa5,54,f,1,1,814,Affirmative action,Increased Gun regulations,-1,-1,1,7,2,-0.43664940724135665,3,6,3,0.9923850164576297,-1,-3,2,-2,1,2,1,2,-2,-2,1,0,Left,0.814
18,R_2wvLMxIloZ7ffa5,55,f,1,1,1188.199999988079,Increased Gun regulations,Allow alt-right speakers on campus,1,-1,3,6,3,0.9923850164576297,3,5,3,0.9923850164576297,3,-3,6,0,1,6,1,6,-6,0,1,0,Left,1.188199999988079
18,R_2wvLMxIloZ7ffa5,56,j,2,0,1226.4000000059605,Ban on ethnic Halloween costumes,Remove public Confederate memorials,1,1,1,7,2,-0.43664940724135665,3,5,3,0.9923850164576297,1,3,2,2,-2,2,2,-2,2,-2,2,1,Right,1.2264000000059605
18,R_2wvLMxIloZ7ffa5,58,f,1,1,611.0999999940395,Bathrooms restricted based on biological sex,Increased Gun regulations,-1,-1,3,5,3,0.9923850164576297,3,6,3,0.9923850164576297,-3,-3,0,0,-1,0,1,0,0,0,-1,0,Left,0.6110999999940395
18,R_2wvLMxIloZ7ffa5,59,f,1,1,1040.199999988079,Increased Gun regulations,Safe injection locations,1,1,3,6,3,0.9923850164576297,3,5,3,0.9923850164576297,3,3,0,0,1,0,1,0,0,0,1,0,Left,1.040199999988079
18,R_2wvLMxIloZ7ffa5,60,j,2,0,857.4000000059605,Detention of migrant children,Increased Gun regulations,1,-1,0,5,3,-1.1511666190908498,3,6,3,0.9923850164576297,0,-3,-3,3,1,3,1,3,-3,-3,-1,1,Right,0.8574000000059605
18,R_2wvLMxIloZ7ffa5,61,f,1,1,465.80000001192093,Remove public Confederate memorials,Cuts to National Parks budget,-1,-1,3,5,3,0.9923850164576297,1,7,4,-0.43664940724135665,-3,-1,-2,2,-2,2,2,-2,2,2,-2,0,Left,0.46580000001192096
18,R_2wvLMxIloZ7ffa5,62,f,1,1,783.8000000119209,Increased Gun regulations,Religious exemptions for discrimination laws,-1,-1,3,6,3,0.9923850164576297,0,7,3,-1.1511666190908498,-3,-0,-3,3,-1,3,1,-3,3,3,-1,0,Left,0.783800000011921
18,R_2wvLMxIloZ7ffa5,63,f,1,1,1180.199999988079,Mandatory trigger warnings,Detention of migrant children,-1,-1,2,5,4,0.2778678046081365,0,5,3,-1.1511666190908498,-2,-0,-2,2,0,2,0,-2,2,2,0,0,Left,1.180199999988079
18,R_2wvLMxIloZ7ffa5,64,j,2,0,810.5,Cuts to National Parks budget,Mandatory trigger warnings,1,1,1,7,4,-0.43664940724135665,2,5,4,0.2778678046081365,1,2,1,1,-2,1,2,-1,1,-1,2,1,Right,0.8105
18,R_2wvLMxIloZ7ffa5,65,f,1,1,964.0999999940395,Raise the minimum wage,Mandatory trigger warnings,1,1,3,5,3,0.9923850164576297,2,5,4,0.2778678046081365,3,2,1,1,0,1,0,1,-1,1,0,0,Left,0.9640999999940395
18,R_2wvLMxIloZ7ffa5,66,j,2,0,843.3000000119209,Religious exemptions for discrimination laws,Mask mandates,-1,1,0,7,3,-1.1511666190908498,3,5,3,0.9923850164576297,-0,3,3,3,-2,3,2,-3,3,-3,2,1,Right,0.843300000011921
18,R_2wvLMxIloZ7ffa5,67,f,1,1,1119.5,Abortion rights,Detention of migrant children,1,1,3,5,3,0.9923850164576297,0,5,3,-1.1511666190908498,3,0,3,3,0,3,0,3,-3,3,0,0,Left,1.1195
18,R_2wvLMxIloZ7ffa5,68,j,2,0,927.4000000059605,Cuts to National Parks budget,Mandatory trigger warnings,1,1,1,7,4,-0.43664940724135665,2,5,4,0.2778678046081365,1,2,1,1,-2,1,2,-1,1,-1,2,1,Right,0.9274000000059605
18,R_2wvLMxIloZ7ffa5,69,f,1,1,955.1000000238419,Legalization of marijuana,Mandatory trigger warnings,-1,1,3,5,3,0.9923850164576297,2,5,4,0.2778678046081365,-3,2,-5,1,0,5,0,-5,5,1,0,0,Left,0.9551000000238419
18,R_2wvLMxIloZ7ffa5,70,j,2,0,970.3000000119209,Ban on ethnic Halloween costumes,Legalization of marijuana,-1,1,1,7,2,-0.43664940724135665,3,5,3,0.9923850164576297,-1,3,4,2,-2,4,2,-4,4,-2,2,1,Right,0.970300000011921
18,R_2wvLMxIloZ7ffa5,71,f,1,1,2621.5999999940395,Safe injection locations,War on Drugs,1,-1,3,5,3,0.9923850164576297,3,5,3,0.9923850164576297,3,-3,6,0,0,6,0,6,-6,0,0,0,Left,2.6215999999940394
18,R_2wvLMxIloZ7ffa5,72,j,2,0,1022.8000000119209,Detention of migrant children,Affirmative action,-1,1,0,5,3,-1.1511666190908498,1,7,2,-0.43664940724135665,-0,1,1,1,2,1,2,-1,1,-1,-2,1,Right,1.0228000000119208
18,R_2wvLMxIloZ7ffa5,73,f,1,1,856,Mandatory trigger warnings,Abolishing private prisons,-1,-1,2,5,4,0.2778678046081365,0,7,3,-1.1511666190908498,-2,-0,-2,2,-2,2,2,-2,2,2,-2,0,Left,0.856
18,R_2wvLMxIloZ7ffa5,74,f,1,1,1307.300000011921,Defund the police,Cuts to National Parks budget,1,-1,0,7,3,-1.1511666190908498,1,7,4,-0.43664940724135665,0,-1,1,-1,0,1,0,1,-1,-1,0,0,Left,1.307300000011921
18,R_2wvLMxIloZ7ffa5,75,j,2,0,683.5,Tuition increases,Increased Gun regulations,1,1,1,7,4,-0.43664940724135665,3,6,3,0.9923850164576297,1,3,2,2,-1,2,1,-2,2,-2,1,1,Right,0.6835
18,R_2wvLMxIloZ7ffa5,76,j,2,0,669.7999999821186,Detention of migrant children,Religious exemptions for discrimination laws,1,-1,0,5,3,-1.1511666190908498,0,7,3,-1.1511666190908498,0,-0,-0,0,2,0,2,0,-0,0,-2,1,Right,0.6697999999821186
18,R_2wvLMxIloZ7ffa5,77,f,1,1,397.39999997615814,Increased Gun regulations,Legalization of marijuana,1,1,3,6,3,0.9923850164576297,3,5,3,0.9923850164576297,3,3,0,0,1,0,1,0,0,0,1,0,Left,0.39739999997615816
18,R_2wvLMxIloZ7ffa5,78,j,2,0,924.2000000178814,Increased Gun regulations,Black Lives Matter,1,1,3,6,3,0.9923850164576297,1,7,4,-0.43664940724135665,3,1,-2,-2,1,2,1,2,-2,2,-1,1,Right,0.9242000000178814
18,R_2wvLMxIloZ7ffa5,79,j,2,0,814,Ban on research with animals,Climate change legislation,-1,1,3,5,3,0.9923850164576297,3,5,3,0.9923850164576297,-3,3,6,0,0,6,0,-6,6,0,0,1,Right,0.814
18,R_2wvLMxIloZ7ffa5,80,f,1,1,3614.5999999940395,Detention of migrant children,"Boycott, Divest, and Sanction Israel",1,1,0,5,3,-1.1511666190908498,0,7,3,-1.1511666190908498,0,0,0,0,-2,0,2,0,0,0,-2,0,Left,3.6145999999940397
18,R_2wvLMxIloZ7ffa5,81,j,2,0,1593,Increased Gun regulations,Defund the police,-1,1,3,6,3,0.9923850164576297,0,7,3,-1.1511666190908498,-3,0,3,-3,1,3,1,-3,3,3,-1,1,Right,1.593
18,R_2wvLMxIloZ7ffa5,82,f,1,1,2618.100000023842,Mandatory trigger warnings,Abolishing private prisons,-1,1,2,5,4,0.2778678046081365,0,7,3,-1.1511666190908498,-2,0,-2,2,-2,2,2,-2,2,2,-2,0,Left,2.618100000023842
18,R_2wvLMxIloZ7ffa5,84,f,1,1,183.40000000596046,Mandatory trigger warnings,Mandatory trigger warnings,-1,1,2,5,4,0.2778678046081365,2,5,4,0.2778678046081365,-2,2,-4,0,0,4,0,-4,4,0,0,0,Left,0.18340000000596046
18,R_2wvLMxIloZ7ffa5,85,j,2,0,196.69999998807907,Mandatory trigger warnings,Increased Gun regulations,-1,1,2,5,4,0.2778678046081365,3,6,3,0.9923850164576297,-2,3,5,1,1,5,1,-5,5,-1,-1,1,Right,0.19669999998807908
18,R_2wvLMxIloZ7ffa5,86,f,1,1,315.60000002384186,Stop police brutality,Mandatory trigger warnings,-1,-1,3,5,3,0.9923850164576297,2,5,4,0.2778678046081365,-3,-2,-1,1,0,1,0,-1,1,1,0,0,Left,0.31560000002384186
18,R_2wvLMxIloZ7ffa5,87,j,2,0,181.30000001192093,Remove police from schools,Student worker unionization,1,-1,3,5,3,0.9923850164576297,0,7,3,-1.1511666190908498,3,-0,-3,-3,2,3,2,3,-3,3,-2,1,Right,0.18130000001192093
18,R_2wvLMxIloZ7ffa5,89,f,1,1,868.7999999821186,Detention of migrant children,Mandatory trigger warnings,-1,-1,0,5,3,-1.1511666190908498,2,5,4,0.2778678046081365,-0,-2,2,-2,0,2,0,2,-2,-2,0,0,Left,0.8687999999821187
18,R_2wvLMxIloZ7ffa5,93,f,1,1,7295.799999982119,Mandatory trigger warnings,Tuition increases,1,-1,2,5,4,0.2778678046081365,1,7,4,-0.43664940724135665,2,-1,3,1,-2,3,2,3,-3,1,-2,0,Left,7.295799999982119
18,R_2wvLMxIloZ7ffa5,98,f,1,1,997.8000000119209,Increased Gun regulations,Mandatory trigger warnings,1,1,3,6,3,0.9923850164576297,2,5,4,0.2778678046081365,3,2,1,1,1,1,1,1,-1,1,1,0,Left,0.9978000000119209
18,R_2wvLMxIloZ7ffa5,99,j,2,0,882.3000000119209,Mandatory trigger warnings,Increased Gun regulations,1,-1,2,5,4,0.2778678046081365,3,6,3,0.9923850164576297,2,-3,-5,1,1,5,1,5,-5,-1,-1,1,Right,0.8823000000119209
18,R_2wvLMxIloZ7ffa5,100,f,1,1,1050.4000000059605,Religious exemptions for discrimination laws,Raise the minimum wage,-1,-1,0,7,3,-1.1511666190908498,3,5,3,0.9923850164576297,-0,-3,3,-3,2,3,2,3,-3,-3,2,0,Left,1.0504000000059606
33,R_4U6m0ByV1TgPxf3,1,j,2,0,4140,Black Lives Matter,Remove police from schools,-1,1,2,7,4,-0.3286710990610904,2,6,3,-0.3286710990610904,-2,2,4,0,-1,4,1,-4,4,0,1,1,Right,4.14
33,R_4U6m0ByV1TgPxf3,2,f,1,1,12036,War on Drugs,Mandatory training on sexual consent,1,-1,3,7,4,1.6433554953054483,3,7,3,1.6433554953054483,3,-3,6,0,0,6,0,6,-6,0,0,0,Left,12.036
33,R_4U6m0ByV1TgPxf3,3,f,1,1,7713,On campus concealed carry,Mask mandates,1,-1,3,8,4,1.6433554953054483,2,6,3,-0.3286710990610904,3,-2,5,1,2,5,2,5,-5,1,2,0,Left,7.713
33,R_4U6m0ByV1TgPxf3,4,j,2,0,8695,Remove public Confederate memorials,Mandatory vaccinations,-1,1,2,8,4,-0.3286710990610904,1,6,3,-2.300697693427629,-2,1,3,-1,-2,3,2,-3,3,1,2,1,Right,8.695
33,R_4U6m0ByV1TgPxf3,5,j,2,0,9902,Mandatory vaccinations,"Boycott, Divest, and Sanction Israel",-1,1,1,6,3,-2.300697693427629,2,8,4,-0.3286710990610904,-1,2,3,1,2,3,2,-3,3,-1,-2,1,Right,9.902
33,R_4U6m0ByV1TgPxf3,6,j,2,0,10708,Physician-assisted suicide,"Boycott, Divest, and Sanction Israel",-1,1,1,7,4,-2.300697693427629,2,8,4,-0.3286710990610904,-1,2,3,1,1,3,1,-3,3,-1,-1,1,Right,10.708
33,R_4U6m0ByV1TgPxf3,7,j,2,0,10816,Mandatory training on sexual consent,Physician-assisted suicide,-1,1,3,7,3,1.6433554953054483,1,7,4,-2.300697693427629,-3,1,4,-2,0,4,0,-4,4,2,0,1,Right,10.816
33,R_4U6m0ByV1TgPxf3,8,f,1,1,9038,Mandatory vaccinations,War on Drugs,1,-1,1,6,3,-2.300697693427629,3,7,4,1.6433554953054483,1,-3,4,-2,-1,4,1,4,-4,-2,-1,0,Left,9.038
33,R_4U6m0ByV1TgPxf3,9,j,2,0,12416,War on Drugs,University Campus should be a Sanctuary,1,1,3,7,4,1.6433554953054483,2,7,4,-0.3286710990610904,3,2,-1,-1,0,1,0,1,-1,1,0,1,Right,12.416
33,R_4U6m0ByV1TgPxf3,10,j,2,0,9310,Mandatory training on sexual consent,Physician-assisted suicide,1,1,3,7,3,1.6433554953054483,1,7,4,-2.300697693427629,3,1,-2,-2,0,2,0,2,-2,2,0,1,Right,9.31
33,R_4U6m0ByV1TgPxf3,11,j,2,0,5662,Mandatory trigger warnings,Mandatory vaccinations,1,1,2,6,2,-0.3286710990610904,1,6,3,-2.300697693427629,2,1,-1,-1,0,1,0,1,-1,1,0,1,Right,5.662
33,R_4U6m0ByV1TgPxf3,12,j,2,0,5110,Remove public Confederate memorials,Physician-assisted suicide,-1,1,2,8,4,-0.3286710990610904,1,7,4,-2.300697693427629,-2,1,3,-1,-1,3,1,-3,3,1,1,1,Right,5.11
33,R_4U6m0ByV1TgPxf3,13,f,1,1,7094,Mandatory vaccinations,Abolishing private prisons,1,-1,1,6,3,-2.300697693427629,2,7,3,-0.3286710990610904,1,-2,3,-1,-1,3,1,3,-3,-1,-1,0,Left,7.094
33,R_4U6m0ByV1TgPxf3,14,j,2,0,6077,War on Drugs,Expel students with white nationlist views,-1,1,3,7,4,1.6433554953054483,2,6,3,-0.3286710990610904,-3,2,5,-1,-1,5,1,-5,5,1,1,1,Right,6.077
33,R_4U6m0ByV1TgPxf3,15,j,2,0,3264,Remove Christopher Columbus statues,"Boycott, Divest, and Sanction Israel",1,1,3,8,4,1.6433554953054483,2,8,4,-0.3286710990610904,3,2,-1,-1,0,1,0,1,-1,1,0,1,Right,3.264
33,R_4U6m0ByV1TgPxf3,16,j,2,0,5744,Remove public Confederate memorials,"Boycott, Divest, and Sanction Israel",-1,1,2,8,4,-0.3286710990610904,2,8,4,-0.3286710990610904,-2,2,4,0,0,4,0,-4,4,0,0,1,Right,5.744
33,R_4U6m0ByV1TgPxf3,17,j,2,0,10482,Lift COVID lockdowns,Mandatory training on sexual consent,1,-1,3,8,4,1.6433554953054483,3,7,3,1.6433554953054483,3,-3,-6,0,-1,6,1,6,-6,0,1,1,Right,10.482
33,R_4U6m0ByV1TgPxf3,18,j,2,0,7661,Physician-assisted suicide,Mandatory training on sexual consent,-1,1,1,7,4,-2.300697693427629,3,7,3,1.6433554953054483,-1,3,4,2,0,4,0,-4,4,-2,0,1,Right,7.661
33,R_4U6m0ByV1TgPxf3,19,j,2,0,9399,Increased Gun regulations,War on Drugs,-1,1,2,7,4,-0.3286710990610904,3,7,4,1.6433554953054483,-2,3,5,1,0,5,0,-5,5,-1,0,1,Right,9.399
33,R_4U6m0ByV1TgPxf3,20,f,1,1,7985,University Campus should be a Sanctuary,Physician-assisted suicide,-1,-1,2,7,4,-0.3286710990610904,1,7,4,-2.300697693427629,-2,-1,-1,1,0,1,0,-1,1,1,0,0,Left,7.985
33,R_4U6m0ByV1TgPxf3,21,j,2,0,7492,Mandatory vaccinations,Remove public Confederate memorials,-1,-1,1,6,3,-2.300697693427629,2,8,4,-0.3286710990610904,-1,-2,-1,1,2,1,2,1,-1,-1,-2,1,Right,7.492
33,R_4U6m0ByV1TgPxf3,22,j,2,0,2529,Mandatory trigger warnings,Mandatory training on sexual consent,-1,-1,2,6,2,-0.3286710990610904,3,7,3,1.6433554953054483,-2,-3,-1,1,1,1,1,1,-1,-1,-1,1,Right,2.529
33,R_4U6m0ByV1TgPxf3,23,f,1,1,17274,Hardening schools/Arming teachers,"Boycott, Divest, and Sanction Israel",1,1,3,8,4,1.6433554953054483,2,8,4,-0.3286710990610904,3,2,1,1,0,1,0,1,-1,1,0,0,Left,17.274
33,R_4U6m0ByV1TgPxf3,24,j,2,0,6689,Detention of migrant children,Black Lives Matter,1,1,3,8,4,1.6433554953054483,2,7,4,-0.3286710990610904,3,2,-1,-1,-1,1,1,1,-1,1,1,1,Right,6.689
33,R_4U6m0ByV1TgPxf3,25,f,1,1,9511,Mandatory vaccinations,Black Lives Matter,-1,-1,1,6,3,-2.300697693427629,2,7,4,-0.3286710990610904,-1,-2,1,-1,-1,1,1,1,-1,-1,-1,0,Left,9.511
33,R_4U6m0ByV1TgPxf3,26,j,2,0,5613,War on Drugs,Religious exemptions for discrimination laws,1,1,3,7,4,1.6433554953054483,3,8,3,1.6433554953054483,3,3,0,0,1,0,1,0,0,0,-1,1,Right,5.613
33,R_4U6m0ByV1TgPxf3,27,j,2,0,11401,Safe injection locations,Remove Christopher Columbus statues,-1,1,2,7,4,-0.3286710990610904,3,8,4,1.6433554953054483,-2,3,5,1,1,5,1,-5,5,-1,-1,1,Right,11.401
33,R_4U6m0ByV1TgPxf3,28,f,1,1,5327,Safe injection locations,Dorms determined by gender identity,-1,-1,2,7,4,-0.3286710990610904,2,6,3,-0.3286710990610904,-2,-2,0,0,1,0,1,0,0,0,1,0,Left,5.327
33,R_4U6m0ByV1TgPxf3,29,f,1,1,8180,On campus concealed carry,Climate change legislation,-1,-1,3,8,4,1.6433554953054483,2,7,3,-0.3286710990610904,-3,-2,-1,1,1,1,1,-1,1,1,1,0,Left,8.18
33,R_4U6m0ByV1TgPxf3,30,f,1,1,4164,Physician-assisted suicide,Remove public Confederate memorials,1,1,1,7,4,-2.300697693427629,2,8,4,-0.3286710990610904,1,2,-1,-1,-1,1,1,-1,1,-1,-1,0,Left,4.164
33,R_4U6m0ByV1TgPxf3,31,j,2,0,12406,Dorms determined by gender identity,Religious exemptions for discrimination laws,1,-1,2,6,3,-0.3286710990610904,3,8,3,1.6433554953054483,2,-3,-5,1,2,5,2,5,-5,-1,-2,1,Right,12.406
33,R_4U6m0ByV1TgPxf3,32,f,1,1,11115,War on Drugs,Build southern border wall,1,-1,3,7,4,1.6433554953054483,2,6,3,-0.3286710990610904,3,-2,5,1,1,5,1,5,-5,1,1,0,Left,11.115
33,R_4U6m0ByV1TgPxf3,33,j,2,0,9450,Remove police from schools,Dorms determined by gender identity,1,-1,2,6,3,-0.3286710990610904,2,6,3,-0.3286710990610904,2,-2,-4,0,0,4,0,4,-4,0,0,1,Right,9.45
33,R_4U6m0ByV1TgPxf3,34,j,2,0,4005,Remove police from schools,Climate change legislation,-1,1,2,6,3,-0.3286710990610904,2,7,3,-0.3286710990610904,-2,2,4,0,1,4,1,-4,4,0,-1,1,Right,4.005
33,R_4U6m0ByV1TgPxf3,35,j,2,0,2775,Physician-assisted suicide,Physician-assisted suicide,-1,1,1,7,4,-2.300697693427629,1,7,4,-2.300697693427629,-1,1,2,0,0,2,0,-2,2,0,0,1,Right,2.775
33,R_4U6m0ByV1TgPxf3,36,f,1,1,10843,Mandatory vaccinations,Physician-assisted suicide,1,-1,1,6,3,-2.300697693427629,1,7,4,-2.300697693427629,1,-1,2,0,-1,2,1,2,-2,0,-1,0,Left,10.843
33,R_4U6m0ByV1TgPxf3,37,f,1,1,4568,Remove public Confederate memorials,Expel students with white nationlist views,-1,1,2,8,4,-0.3286710990610904,2,6,3,-0.3286710990610904,-2,2,-4,0,2,4,2,-4,4,0,2,0,Left,4.568
33,R_4U6m0ByV1TgPxf3,38,j,2,0,11342,Mandatory training on sexual consent,Hardening schools/Arming teachers,1,1,3,7,3,1.6433554953054483,3,8,4,1.6433554953054483,3,3,0,0,1,0,1,0,0,0,-1,1,Right,11.342
33,R_4U6m0ByV1TgPxf3,39,f,1,1,9161,On campus concealed carry,Mandatory training on sexual consent,-1,-1,3,8,4,1.6433554953054483,3,7,3,1.6433554953054483,-3,-3,0,0,1,0,1,0,0,0,1,0,Left,9.161
33,R_4U6m0ByV1TgPxf3,40,j,2,0,10995,"Boycott, Divest, and Sanction Israel",Religious exemptions for discrimination laws,-1,1,2,8,4,-0.3286710990610904,3,8,3,1.6433554953054483,-2,3,5,1,0,5,0,-5,5,-1,0,1,Right,10.995
33,R_4U6m0ByV1TgPxf3,41,f,1,1,1277,War on Drugs,Mandatory vaccinations,1,-1,3,7,4,1.6433554953054483,1,6,3,-2.300697693427629,3,-1,4,2,1,4,1,4,-4,2,1,0,Left,1.277
33,R_4U6m0ByV1TgPxf3,42,f,1,1,9828,Build southern border wall,Physician-assisted suicide,-1,-1,2,6,3,-0.3286710990610904,1,7,4,-2.300697693427629,-2,-1,-1,1,-1,1,1,-1,1,1,-1,0,Left,9.828
33,R_4U6m0ByV1TgPxf3,43,j,2,0,3392,War on Drugs,Ban on ethnic Halloween costumes,-1,-1,3,7,4,1.6433554953054483,2,7,4,-0.3286710990610904,-3,-2,1,-1,0,1,0,-1,1,1,0,1,Right,3.392
33,R_4U6m0ByV1TgPxf3,44,f,1,1,1697,War on Drugs,Mandatory vaccinations,1,1,3,7,4,1.6433554953054483,1,6,3,-2.300697693427629,3,1,2,2,1,2,1,2,-2,2,1,0,Left,1.697
33,R_4U6m0ByV1TgPxf3,45,j,2,0,2674,Mask mandates,On campus concealed carry,1,1,2,6,3,-0.3286710990610904,3,8,4,1.6433554953054483,2,3,1,1,2,1,2,-1,1,-1,-2,1,Right,2.674
33,R_4U6m0ByV1TgPxf3,46,f,1,1,5388,War on Drugs,Increased Gun regulations,-1,1,3,7,4,1.6433554953054483,2,7,4,-0.3286710990610904,-3,2,-5,1,0,5,0,-5,5,1,0,0,Left,5.388
33,R_4U6m0ByV1TgPxf3,47,j,2,0,1322,Remove Christopher Columbus statues,On campus concealed carry,-1,1,3,8,4,1.6433554953054483,3,8,4,1.6433554953054483,-3,3,6,0,0,6,0,-6,6,0,0,1,Right,1.322
33,R_4U6m0ByV1TgPxf3,48,f,1,1,4891,Safe injection locations,Physician-assisted suicide,1,-1,2,7,4,-0.3286710990610904,1,7,4,-2.300697693427629,2,-1,3,1,0,3,0,3,-3,1,0,0,Left,4.891
33,R_4U6m0ByV1TgPxf3,49,j,2,0,9405,Gun-free campus police,Detention of migrant children,-1,1,2,6,2,-0.3286710990610904,3,8,4,1.6433554953054483,-2,3,5,1,2,5,2,-5,5,-1,-2,1,Right,9.405
33,R_4U6m0ByV1TgPxf3,50,f,1,1,5680,Mandatory vaccinations,Remove public Confederate memorials,1,1,1,6,3,-2.300697693427629,2,8,4,-0.3286710990610904,1,2,-1,-1,-2,1,2,-1,1,-1,-2,0,Left,5.68
33,R_4U6m0ByV1TgPxf3,51,f,1,1,2528,Mandatory training on sexual consent,Physician-assisted suicide,-1,-1,3,7,3,1.6433554953054483,1,7,4,-2.300697693427629,-3,-1,-2,2,0,2,0,-2,2,2,0,0,Left,2.528
33,R_4U6m0ByV1TgPxf3,52,j,2,0,1534,Remove public Confederate memorials,Student worker unionization,1,-1,2,8,4,-0.3286710990610904,2,7,4,-0.3286710990610904,2,-2,-4,0,-1,4,1,4,-4,0,1,1,Right,1.534
33,R_4U6m0ByV1TgPxf3,53,j,2,0,5949,Recognize Jerusalem as capital of Israel,Physician-assisted suicide,1,1,2,6,3,-0.3286710990610904,1,7,4,-2.300697693427629,2,1,-1,-1,1,1,1,1,-1,1,-1,1,Right,5.949
33,R_4U6m0ByV1TgPxf3,54,f,1,1,4485,War on Drugs,"Boycott, Divest, and Sanction Israel",-1,1,3,7,4,1.6433554953054483,2,8,4,-0.3286710990610904,-3,2,-5,1,-1,5,1,-5,5,1,-1,0,Left,4.485
33,R_4U6m0ByV1TgPxf3,55,f,1,1,2326,"Boycott, Divest, and Sanction Israel",Religious exemptions for discrimination laws,-1,-1,2,8,4,-0.3286710990610904,3,8,3,1.6433554953054483,-2,-3,1,-1,0,1,0,1,-1,-1,0,0,Left,2.326
33,R_4U6m0ByV1TgPxf3,56,f,1,1,4113,Religious exemptions for discrimination laws,Expel students with white nationlist views,-1,-1,3,8,3,1.6433554953054483,2,6,3,-0.3286710990610904,-3,-2,-1,1,2,1,2,-1,1,1,2,0,Left,4.113
33,R_4U6m0ByV1TgPxf3,57,j,2,0,2064,Lift COVID lockdowns,Physician-assisted suicide,1,-1,3,8,4,1.6433554953054483,1,7,4,-2.300697693427629,3,-1,-4,-2,-1,4,1,4,-4,2,1,1,Right,2.064
33,R_4U6m0ByV1TgPxf3,58,j,2,0,2884,Mandatory vaccinations,War on Drugs,-1,-1,1,6,3,-2.300697693427629,3,7,4,1.6433554953054483,-1,-3,-2,2,1,2,1,2,-2,-2,-1,1,Right,2.884
33,R_4U6m0ByV1TgPxf3,59,f,1,1,2507,Remove public Confederate memorials,Bathrooms restricted based on biological sex,-1,1,2,8,4,-0.3286710990610904,2,7,4,-0.3286710990610904,-2,2,-4,0,1,4,1,-4,4,0,1,0,Left,2.507
33,R_4U6m0ByV1TgPxf3,60,j,2,0,4044,Build southern border wall,Mandatory vaccinations,1,-1,2,6,3,-0.3286710990610904,1,6,3,-2.300697693427629,2,-1,-3,-1,0,3,0,3,-3,1,0,1,Right,4.044
33,R_4U6m0ByV1TgPxf3,61,f,1,1,3608,Mandatory vaccinations,Hardening schools/Arming teachers,-1,1,1,6,3,-2.300697693427629,3,8,4,1.6433554953054483,-1,3,-4,-2,-2,4,2,-4,4,-2,-2,0,Left,3.608
33,R_4U6m0ByV1TgPxf3,62,f,1,1,3914,Physician-assisted suicide,Remove Christopher Columbus statues,1,-1,1,7,4,-2.300697693427629,3,8,4,1.6433554953054483,1,-3,4,-2,-1,4,1,4,-4,-2,-1,0,Left,3.914
33,R_4U6m0ByV1TgPxf3,63,f,1,1,2662,Mandatory vaccinations,Mandatory vaccinations,1,-1,1,6,3,-2.300697693427629,1,6,3,-2.300697693427629,1,-1,2,0,0,2,0,2,-2,0,0,0,Left,2.662
33,R_4U6m0ByV1TgPxf3,64,f,1,1,3609,Black Lives Matter,Religious exemptions for discrimination laws,1,-1,2,7,4,-0.3286710990610904,3,8,3,1.6433554953054483,2,-3,5,-1,-1,5,1,5,-5,-1,-1,0,Left,3.609
33,R_4U6m0ByV1TgPxf3,65,j,2,0,1861,Mandatory trigger warnings,Remove public Confederate memorials,1,1,2,6,2,-0.3286710990610904,2,8,4,-0.3286710990610904,2,2,0,0,2,0,2,0,0,0,-2,1,Right,1.861
33,R_4U6m0ByV1TgPxf3,66,f,1,1,4425,Remove public Confederate memorials,Climate change legislation,1,1,2,8,4,-0.3286710990610904,2,7,3,-0.3286710990610904,2,2,0,0,1,0,1,0,0,0,1,0,Left,4.425
33,R_4U6m0ByV1TgPxf3,67,f,1,1,1828,Lift COVID lockdowns,Hardening schools/Arming teachers,1,-1,3,8,4,1.6433554953054483,3,8,4,1.6433554953054483,3,-3,6,0,0,6,0,6,-6,0,0,0,Left,1.828
33,R_4U6m0ByV1TgPxf3,68,j,2,0,3258,Remove public Confederate memorials,Expel students with white nationlist views,1,-1,2,8,4,-0.3286710990610904,2,6,3,-0.3286710990610904,2,-2,-4,0,-2,4,2,4,-4,0,2,1,Right,3.258
33,R_4U6m0ByV1TgPxf3,69,f,1,1,1647,Physician-assisted suicide,Ban on ethnic Halloween costumes,1,1,1,7,4,-2.300697693427629,2,7,4,-0.3286710990610904,1,2,-1,-1,0,1,0,-1,1,-1,0,0,Left,1.647
33,R_4U6m0ByV1TgPxf3,70,f,1,1,2836,Mandatory vaccinations,On campus concealed carry,1,-1,1,6,3,-2.300697693427629,3,8,4,1.6433554953054483,1,-3,4,-2,-2,4,2,4,-4,-2,-2,0,Left,2.836
33,R_4U6m0ByV1TgPxf3,71,f,1,1,1097,"Boycott, Divest, and Sanction Israel",Mandatory training on sexual consent,1,1,2,8,4,-0.3286710990610904,3,7,3,1.6433554953054483,2,3,-1,-1,1,1,1,-1,1,-1,1,0,Left,1.097
33,R_4U6m0ByV1TgPxf3,72,j,2,0,1307,Expel students with white nationlist views,On campus concealed carry,1,1,2,6,3,-0.3286710990610904,3,8,4,1.6433554953054483,2,3,1,1,2,1,2,-1,1,-1,-2,1,Right,1.307
33,R_4U6m0ByV1TgPxf3,73,f,1,1,4897,Mandatory vaccinations,Mandatory trigger warnings,1,-1,1,6,3,-2.300697693427629,2,6,2,-0.3286710990610904,1,-2,3,-1,0,3,0,3,-3,-1,0,0,Left,4.897
33,R_4U6m0ByV1TgPxf3,74,f,1,1,3368,Affirmative action,Recognize Jerusalem as capital of Israel,1,1,2,7,4,-0.3286710990610904,2,6,3,-0.3286710990610904,2,2,0,0,1,0,1,0,0,0,1,0,Left,3.368
33,R_4U6m0ByV1TgPxf3,75,f,1,1,2258,On campus concealed carry,Mandatory vaccinations,-1,-1,3,8,4,1.6433554953054483,1,6,3,-2.300697693427629,-3,-1,-2,2,2,2,2,-2,2,2,2,0,Left,2.258
33,R_4U6m0ByV1TgPxf3,76,f,1,1,1879,Mandatory vaccinations,Abortion rights,-1,1,1,6,3,-2.300697693427629,2,7,4,-0.3286710990610904,-1,2,-3,-1,-1,3,1,-3,3,-1,-1,0,Left,1.879
33,R_4U6m0ByV1TgPxf3,77,f,1,1,2044,Physician-assisted suicide,Mandatory vaccinations,-1,-1,1,7,4,-2.300697693427629,1,6,3,-2.300697693427629,-1,-1,0,0,1,0,1,0,0,0,1,0,Left,2.044
33,R_4U6m0ByV1TgPxf3,78,f,1,1,2629,Build southern border wall,Mandatory training on sexual consent,1,1,2,6,3,-0.3286710990610904,3,7,3,1.6433554953054483,2,3,-1,-1,-1,1,1,-1,1,-1,-1,0,Left,2.629
33,R_4U6m0ByV1TgPxf3,79,f,1,1,2036,Black Lives Matter,Remove Christopher Columbus statues,1,1,2,7,4,-0.3286710990610904,3,8,4,1.6433554953054483,2,3,-1,-1,-1,1,1,-1,1,-1,-1,0,Left,2.036
33,R_4U6m0ByV1TgPxf3,80,f,1,1,2647,"Boycott, Divest, and Sanction Israel",Black Lives Matter,-1,-1,2,8,4,-0.3286710990610904,2,7,4,-0.3286710990610904,-2,-2,0,0,1,0,1,0,0,0,1,0,Left,2.647
33,R_4U6m0ByV1TgPxf3,81,f,1,1,3714,"Boycott, Divest, and Sanction Israel",Lift COVID lockdowns,1,-1,2,8,4,-0.3286710990610904,3,8,4,1.6433554953054483,2,-3,5,-1,0,5,0,5,-5,-1,0,0,Left,3.714
33,R_4U6m0ByV1TgPxf3,82,j,2,0,1530,Dorms determined by gender identity,Mandatory vaccinations,-1,-1,2,6,3,-0.3286710990610904,1,6,3,-2.300697693427629,-2,-1,1,-1,0,1,0,-1,1,1,0,1,Right,1.53
33,R_4U6m0ByV1TgPxf3,83,f,1,1,1694,Physician-assisted suicide,Student worker unionization,1,-1,1,7,4,-2.300697693427629,2,7,4,-0.3286710990610904,1,-2,3,-1,0,3,0,3,-3,-1,0,0,Left,1.694
33,R_4U6m0ByV1TgPxf3,84,f,1,1,6974,Physician-assisted suicide,Gun-free campus police,-1,1,1,7,4,-2.300697693427629,2,6,2,-0.3286710990610904,-1,2,-3,-1,1,3,1,-3,3,-1,1,0,Left,6.974
33,R_4U6m0ByV1TgPxf3,85,j,2,0,1174,Religious exemptions for discrimination laws,Stop police brutality,1,-1,3,8,3,1.6433554953054483,2,7,3,-0.3286710990610904,3,-2,-5,-1,-1,5,1,5,-5,1,1,1,Right,1.174
33,R_4U6m0ByV1TgPxf3,87,j,2,0,748,Physician-assisted suicide,On campus concealed carry,1,1,1,7,4,-2.300697693427629,3,8,4,1.6433554953054483,1,3,2,2,1,2,1,-2,2,-2,-1,1,Right,0.748
33,R_4U6m0ByV1TgPxf3,88,f,1,1,890,Remove public Confederate memorials,Physician-assisted suicide,-1,-1,2,8,4,-0.3286710990610904,1,7,4,-2.300697693427629,-2,-1,-1,1,1,1,1,-1,1,1,1,0,Left,0.89
33,R_4U6m0ByV1TgPxf3,89,j,2,0,766,"Boycott, Divest, and Sanction Israel",War on Drugs,-1,1,2,8,4,-0.3286710990610904,3,7,4,1.6433554953054483,-2,3,5,1,-1,5,1,-5,5,-1,1,1,Right,0.766
33,R_4U6m0ByV1TgPxf3,90,f,1,1,1542,Affirmative action,Safe injection locations,-1,1,2,7,4,-0.3286710990610904,2,7,4,-0.3286710990610904,-2,2,-4,0,0,4,0,-4,4,0,0,0,Left,1.542
33,R_4U6m0ByV1TgPxf3,91,f,1,1,2124,Detention of migrant children,Mandatory vaccinations,1,1,3,8,4,1.6433554953054483,1,6,3,-2.300697693427629,3,1,2,2,2,2,2,2,-2,2,2,0,Left,2.124
33,R_4U6m0ByV1TgPxf3,92,f,1,1,3108,Religious exemptions for discrimination laws,"Boycott, Divest, and Sanction Israel",1,-1,3,8,3,1.6433554953054483,2,8,4,-0.3286710990610904,3,-2,5,1,0,5,0,5,-5,1,0,0,Left,3.108
33,R_4U6m0ByV1TgPxf3,93,j,2,0,1575,War on Drugs,Remove Christopher Columbus statues,-1,1,3,7,4,1.6433554953054483,3,8,4,1.6433554953054483,-3,3,6,0,1,6,1,-6,6,0,-1,1,Right,1.575
33,R_4U6m0ByV1TgPxf3,94,j,2,0,4023,Ban on ethnic Halloween costumes,Mandatory vaccinations,1,1,2,7,4,-0.3286710990610904,1,6,3,-2.300697693427629,2,1,-1,-1,-1,1,1,1,-1,1,1,1,Right,4.023
33,R_4U6m0ByV1TgPxf3,95,f,1,1,2047,Mandatory vaccinations,Physician-assisted suicide,-1,1,1,6,3,-2.300697693427629,1,7,4,-2.300697693427629,-1,1,-2,0,-1,2,1,-2,2,0,-1,0,Left,2.047
33,R_4U6m0ByV1TgPxf3,96,f,1,1,2108,Remove public Confederate memorials,Mandatory training on sexual consent,-1,-1,2,8,4,-0.3286710990610904,3,7,3,1.6433554953054483,-2,-3,1,-1,1,1,1,1,-1,-1,1,0,Left,2.108
33,R_4U6m0ByV1TgPxf3,97,j,2,0,1255,Mask mandates,Remove public Confederate memorials,-1,-1,2,6,3,-0.3286710990610904,2,8,4,-0.3286710990610904,-2,-2,0,0,2,0,2,0,0,0,-2,1,Right,1.255
33,R_4U6m0ByV1TgPxf3,98,f,1,1,3340,Physician-assisted suicide,Dorms determined by gender identity,1,-1,1,7,4,-2.300697693427629,2,6,3,-0.3286710990610904,1,-2,3,-1,1,3,1,3,-3,-1,1,0,Left,3.34
33,R_4U6m0ByV1TgPxf3,99,j,2,0,2007,Detention of migrant children,Physician-assisted suicide,-1,-1,3,8,4,1.6433554953054483,1,7,4,-2.300697693427629,-3,-1,2,-2,-1,2,1,-2,2,2,1,1,Right,2.007
33,R_4U6m0ByV1TgPxf3,100,f,1,1,3908,On campus concealed carry,Mandatory training on sexual consent,-1,1,3,8,4,1.6433554953054483,3,7,3,1.6433554953054483,-3,3,-6,0,1,6,1,-6,6,0,1,0,Left,3.908
8,R_22YukpAa4vp3drL,1,j,2,0,4552.20000000298,Black Lives Matter,Expel students with white nationlist views,1,1,3,8,4,1.1293358837949117,2,8,3,0.6292014209714508,3,2,-1,-1,0,1,0,1,-1,1,0,1,Right,4.55220000000298
8,R_22YukpAa4vp3drL,2,f,1,1,3946.1000000089407,Religious exemptions for discrimination laws,Detention of migrant children,-1,1,1,4,2,0.12906695814799,-3,7,2,-1.8714708931458532,-1,-3,2,4,-3,2,3,2,-2,4,-3,0,Left,3.946100000008941
8,R_22YukpAa4vp3drL,3,j,2,0,2964.2000000029802,Mask mandates,Build southern border wall,1,-1,0,5,4,-0.3710675046754708,-3,8,3,-1.8714708931458532,0,3,3,-3,3,3,3,-3,3,3,-3,1,Right,2.9642000000029802
8,R_22YukpAa4vp3drL,4,f,1,1,4233.699999988079,Ban on ethnic Halloween costumes,Climate change legislation,1,-1,0,4,1,-0.3710675046754708,3,6,4,1.1293358837949117,0,-3,3,-3,-2,3,2,3,-3,-3,-2,0,Left,4.233699999988079
8,R_22YukpAa4vp3drL,5,j,2,0,2750.7999999970198,Expel students with white nationlist views,Ban on research with animals,-1,1,2,8,3,0.6292014209714508,3,8,4,1.1293358837949117,-2,3,5,1,0,5,0,-5,5,-1,0,1,Right,2.7507999999970196
8,R_22YukpAa4vp3drL,6,f,1,1,2614.0999999940395,Detention of migrant children,Detention of migrant children,-1,1,-3,7,2,-1.8714708931458532,-3,7,2,-1.8714708931458532,3,-3,6,0,0,6,0,6,-6,0,0,0,Left,2.6140999999940395
8,R_22YukpAa4vp3drL,7,j,2,0,1973.2000000029802,Affirmative action,Climate change legislation,-1,1,2,6,3,0.6292014209714508,3,6,4,1.1293358837949117,-2,3,5,1,0,5,0,-5,5,-1,0,1,Right,1.9732000000029801
8,R_22YukpAa4vp3drL,8,f,1,1,3339.7999999970198,Religious exemptions for discrimination laws,Defund Planned Parenthood,1,-1,1,4,2,0.12906695814799,-3,8,3,-1.8714708931458532,1,3,-2,4,-4,2,4,-2,2,4,-4,0,Left,3.3397999999970196
8,R_22YukpAa4vp3drL,9,f,1,1,3418.5999999940395,Detention of migrant children,Abolishing fraternities,-1,-1,-3,7,2,-1.8714708931458532,0,5,3,-0.3710675046754708,3,-0,3,-3,2,3,2,3,-3,-3,2,0,Left,3.4185999999940395
8,R_22YukpAa4vp3drL,10,j,2,0,3020.6000000089407,On campus concealed carry,Detention of migrant children,-1,-1,0,2,2,-0.3710675046754708,-3,7,2,-1.8714708931458532,-0,3,3,-3,5,3,5,-3,3,3,-5,1,Right,3.020600000008941
8,R_22YukpAa4vp3drL,11,f,1,1,2281,Ban on research with animals,U.S. drone strikes in Afghanistan,1,1,3,8,4,1.1293358837949117,1,5,2,0.12906695814799,3,1,2,2,3,2,3,2,-2,2,3,0,Left,2.281
8,R_22YukpAa4vp3drL,12,j,2,0,4085.2999999970198,U.S. drone strikes in Afghanistan,Climate change legislation,1,1,1,5,2,0.12906695814799,3,6,4,1.1293358837949117,1,3,2,2,1,2,1,-2,2,-2,-1,1,Right,4.085299999997019
8,R_22YukpAa4vp3drL,13,j,2,0,3091,Climate change legislation,Climate change legislation,-1,1,3,6,4,1.1293358837949117,3,6,4,1.1293358837949117,-3,3,6,0,0,6,0,-6,6,0,0,1,Right,3.091
8,R_22YukpAa4vp3drL,14,f,1,1,2339.7999999970198,Religious exemptions for discrimination laws,Climate change legislation,1,-1,1,4,2,0.12906695814799,3,6,4,1.1293358837949117,1,-3,4,-2,-2,4,2,4,-4,-2,-2,0,Left,2.3397999999970196
8,R_22YukpAa4vp3drL,15,j,2,0,2035.699999988079,Climate change legislation,Build southern border wall,-1,-1,3,6,4,1.1293358837949117,-3,8,3,-1.8714708931458532,-3,3,6,-6,2,6,2,-6,6,6,-2,1,Right,2.035699999988079
8,R_22YukpAa4vp3drL,16,f,1,1,1339,Climate change legislation,Abolishing private prisons,1,-1,3,6,4,1.1293358837949117,2,7,3,0.6292014209714508,3,-2,5,1,-1,5,1,5,-5,1,-1,0,Left,1.339
8,R_22YukpAa4vp3drL,17,j,2,0,3449.8999999910593,Mandatory training on sexual consent,Ban on research with animals,1,1,0,0,1,-0.3710675046754708,3,8,4,1.1293358837949117,0,3,3,3,8,3,8,-3,3,-3,-8,1,Right,3.449899999991059
8,R_22YukpAa4vp3drL,18,f,1,1,5496,Expel students with white nationlist views,Climate change legislation,-1,-1,2,8,3,0.6292014209714508,3,6,4,1.1293358837949117,-2,-3,1,-1,2,1,2,1,-1,-1,2,0,Left,5.496
8,R_22YukpAa4vp3drL,19,j,2,0,1847.8999999910593,Religious exemptions for discrimination laws,Climate change legislation,-1,1,1,4,2,0.12906695814799,3,6,4,1.1293358837949117,-1,3,4,2,2,4,2,-4,4,-2,-2,1,Right,1.8478999999910592
8,R_22YukpAa4vp3drL,20,j,2,0,2243.199999988079,Remove Christopher Columbus statues,Gun-free campus police,-1,1,3,8,4,1.1293358837949117,2,6,1,0.6292014209714508,-3,2,5,-1,-2,5,2,-5,5,1,2,1,Right,2.243199999988079
8,R_22YukpAa4vp3drL,21,f,1,1,1861.5999999940395,Religious exemptions for discrimination laws,Climate change legislation,-1,-1,1,4,2,0.12906695814799,3,6,4,1.1293358837949117,-1,-3,2,-2,-2,2,2,2,-2,-2,-2,0,Left,1.8615999999940396
8,R_22YukpAa4vp3drL,22,j,2,0,3808.9000000059605,Detention of migrant children,Gun-free campus police,1,-1,-3,7,2,-1.8714708931458532,2,6,1,0.6292014209714508,-3,-2,1,5,-1,1,1,-1,1,-5,1,1,Right,3.8089000000059605
8,R_22YukpAa4vp3drL,23,f,1,1,2204.699999988079,Expel students with white nationlist views,Ban on research with animals,-1,-1,2,8,3,0.6292014209714508,3,8,4,1.1293358837949117,-2,-3,1,-1,0,1,0,1,-1,-1,0,0,Left,2.204699999988079
8,R_22YukpAa4vp3drL,24,j,2,0,2857.7000000029802,Abolishing private prisons,Detention of migrant children,-1,-1,2,7,3,0.6292014209714508,-3,7,2,-1.8714708931458532,-2,3,5,-5,0,5,0,-5,5,5,0,1,Right,2.85770000000298
8,R_22YukpAa4vp3drL,25,j,2,0,1803.699999988079,Climate change legislation,Remove police from schools,-1,1,3,6,4,1.1293358837949117,2,7,3,0.6292014209714508,-3,2,5,-1,1,5,1,-5,5,1,-1,1,Right,1.8036999999880792
8,R_22YukpAa4vp3drL,26,j,2,0,2304.6000000089407,Raise the minimum wage,Ban on ethnic Halloween costumes,-1,1,3,8,4,1.1293358837949117,0,4,1,-0.3710675046754708,-3,0,3,-3,-4,3,4,-3,3,3,4,1,Right,2.3046000000089406
8,R_22YukpAa4vp3drL,27,j,2,0,1684.5999999940395,Physician-assisted suicide,Climate change legislation,1,1,0,7,4,-0.3710675046754708,3,6,4,1.1293358837949117,0,3,3,3,-1,3,1,-3,3,-3,1,1,Right,1.6845999999940395
8,R_22YukpAa4vp3drL,28,j,2,0,1522.2000000029802,Detention of migrant children,Remove Christopher Columbus statues,-1,1,-3,7,2,-1.8714708931458532,3,8,4,1.1293358837949117,3,3,0,6,1,0,1,0,0,-6,-1,1,Right,1.5222000000029803
8,R_22YukpAa4vp3drL,29,f,1,1,1933.2000000029802,Ban on ethnic Halloween costumes,Detention of migrant children,1,-1,0,4,1,-0.3710675046754708,-3,7,2,-1.8714708931458532,0,3,-3,3,-3,3,3,-3,3,3,-3,0,Left,1.9332000000029803
8,R_22YukpAa4vp3drL,30,f,1,1,1944.2000000029802,Safe injection locations,Climate change legislation,1,-1,1,5,2,0.12906695814799,3,6,4,1.1293358837949117,1,-3,4,-2,-1,4,1,4,-4,-2,-1,0,Left,1.9442000000029802
8,R_22YukpAa4vp3drL,31,j,2,0,2332.7000000029802,Climate change legislation,Gun-free campus police,-1,-1,3,6,4,1.1293358837949117,2,6,1,0.6292014209714508,-3,-2,1,-1,0,1,0,-1,1,1,0,1,Right,2.3327000000029803
8,R_22YukpAa4vp3drL,32,f,1,1,2473,Religious exemptions for discrimination laws,Legalization of marijuana,1,-1,1,4,2,0.12906695814799,3,8,4,1.1293358837949117,1,-3,4,-2,-4,4,4,4,-4,-2,-4,0,Left,2.473
8,R_22YukpAa4vp3drL,33,f,1,1,1886.0999999940395,Detention of migrant children,Expel students with white nationlist views,-1,-1,-3,7,2,-1.8714708931458532,2,8,3,0.6292014209714508,3,-2,5,-5,-1,5,1,5,-5,-5,-1,0,Left,1.8860999999940395
8,R_22YukpAa4vp3drL,34,f,1,1,3071.199999988079,Affirmative action,Remove Christopher Columbus statues,-1,-1,2,6,3,0.6292014209714508,3,8,4,1.1293358837949117,-2,-3,1,-1,-2,1,2,1,-1,-1,-2,0,Left,3.071199999988079
8,R_22YukpAa4vp3drL,35,f,1,1,1486.6000000089407,Ban on ethnic Halloween costumes,Cuts to National Parks budget,1,-1,0,4,1,-0.3710675046754708,-3,8,3,-1.8714708931458532,0,3,-3,3,-4,3,4,-3,3,3,-4,0,Left,1.4866000000089408
8,R_22YukpAa4vp3drL,36,j,2,0,1829.0999999940395,Detention of migrant children,Abolishing private prisons,1,1,-3,7,2,-1.8714708931458532,2,7,3,0.6292014209714508,-3,2,5,5,0,5,0,-5,5,-5,0,1,Right,1.8290999999940396
8,R_22YukpAa4vp3drL,37,j,2,0,2537.4000000059605,"Boycott, Divest, and Sanction Israel",Detention of migrant children,1,-1,0,0,1,-0.3710675046754708,-3,7,2,-1.8714708931458532,0,3,3,-3,7,3,7,-3,3,3,-7,1,Right,2.5374000000059604
8,R_22YukpAa4vp3drL,38,f,1,1,2163.1000000089407,U.S. drone strikes in Afghanistan,Detention of migrant children,-1,1,1,5,2,0.12906695814799,-3,7,2,-1.8714708931458532,-1,-3,2,4,-2,2,2,2,-2,4,-2,0,Left,2.163100000008941
8,R_22YukpAa4vp3drL,39,f,1,1,1620.5,Climate change legislation,Expel students with white nationlist views,1,-1,3,6,4,1.1293358837949117,2,8,3,0.6292014209714508,3,-2,5,1,-2,5,2,5,-5,1,-2,0,Left,1.6205
8,R_22YukpAa4vp3drL,40,f,1,1,2057.7999999970198,Climate change legislation,Legalization of marijuana,-1,-1,3,6,4,1.1293358837949117,3,8,4,1.1293358837949117,-3,-3,0,0,-2,0,2,0,0,0,-2,0,Left,2.0577999999970196
8,R_22YukpAa4vp3drL,41,f,1,1,1925.4000000059605,Lift COVID lockdowns,Climate change legislation,1,-1,2,6,4,0.6292014209714508,3,6,4,1.1293358837949117,2,-3,5,-1,0,5,0,5,-5,-1,0,0,Left,1.9254000000059606
8,R_22YukpAa4vp3drL,42,f,1,1,1175,Remove Christopher Columbus statues,On campus concealed carry,1,-1,3,8,4,1.1293358837949117,0,2,2,-0.3710675046754708,3,-0,3,3,6,3,6,3,-3,3,6,0,Left,1.175
8,R_22YukpAa4vp3drL,43,j,2,0,2432.9000000059605,Expel students with white nationlist views,Climate change legislation,1,1,2,8,3,0.6292014209714508,3,6,4,1.1293358837949117,2,3,1,1,-2,1,2,-1,1,-1,2,1,Right,2.4329000000059606
8,R_22YukpAa4vp3drL,44,f,1,1,1493.7999999970198,U.S. drone strikes in Afghanistan,Remove Christopher Columbus statues,-1,-1,1,5,2,0.12906695814799,3,8,4,1.1293358837949117,-1,-3,2,-2,-3,2,3,2,-2,-2,-3,0,Left,1.4937999999970197
8,R_22YukpAa4vp3drL,45,j,2,0,1875,Affirmative action,Detention of migrant children,-1,-1,2,6,3,0.6292014209714508,-3,7,2,-1.8714708931458532,-2,3,5,-5,1,5,1,-5,5,5,-1,1,Right,1.875
8,R_22YukpAa4vp3drL,46,f,1,1,2100.2999999970198,Climate change legislation,Ban on ethnic Halloween costumes,1,1,3,6,4,1.1293358837949117,0,4,1,-0.3710675046754708,3,0,3,3,2,3,2,3,-3,3,2,0,Left,2.1002999999970196
8,R_22YukpAa4vp3drL,47,j,2,0,5384.800000011921,Gun-free campus police,Climate change legislation,1,1,2,6,1,0.6292014209714508,3,6,4,1.1293358837949117,2,3,1,1,0,1,0,-1,1,-1,0,1,Right,5.3848000000119205
8,R_22YukpAa4vp3drL,48,j,2,0,4858.0999999940395,Detention of migrant children,Climate change legislation,1,-1,-3,7,2,-1.8714708931458532,3,6,4,1.1293358837949117,-3,-3,0,6,-1,0,1,0,0,-6,1,1,Right,4.85809999999404
8,R_22YukpAa4vp3drL,49,f,1,1,1623.2999999970198,Expel students with white nationlist views,Climate change legislation,1,-1,2,8,3,0.6292014209714508,3,6,4,1.1293358837949117,2,-3,5,-1,2,5,2,5,-5,-1,2,0,Left,1.6232999999970197
8,R_22YukpAa4vp3drL,50,f,1,1,2233.5,Expel students with white nationlist views,War on Drugs,1,1,2,8,3,0.6292014209714508,-3,8,4,-1.8714708931458532,2,-3,5,5,0,5,0,5,-5,5,0,0,Left,2.2335
8,R_22YukpAa4vp3drL,51,f,1,1,2383.4000000059605,Expel students with white nationlist views,Detention of migrant children,-1,1,2,8,3,0.6292014209714508,-3,7,2,-1.8714708931458532,-2,-3,1,5,1,1,1,1,-1,5,1,0,Left,2.3834000000059605
8,R_22YukpAa4vp3drL,52,j,2,0,1559.4000000059605,Remove police from schools,Climate change legislation,1,1,2,7,3,0.6292014209714508,3,6,4,1.1293358837949117,2,3,1,1,-1,1,1,-1,1,-1,1,1,Right,1.5594000000059605
8,R_22YukpAa4vp3drL,53,j,2,0,1861.4000000059605,Religious exemptions for discrimination laws,Climate change legislation,1,1,1,4,2,0.12906695814799,3,6,4,1.1293358837949117,1,3,2,2,2,2,2,-2,2,-2,-2,1,Right,1.8614000000059605
8,R_22YukpAa4vp3drL,54,j,2,0,1613.2999999970198,Climate change legislation,Detention of migrant children,-1,-1,3,6,4,1.1293358837949117,-3,7,2,-1.8714708931458532,-3,3,6,-6,1,6,1,-6,6,6,-1,1,Right,1.6132999999970197
8,R_22YukpAa4vp3drL,55,f,1,1,1755.5999999940395,Climate change legislation,Detention of migrant children,1,-1,3,6,4,1.1293358837949117,-3,7,2,-1.8714708931458532,3,3,0,6,-1,0,1,0,0,6,-1,0,Left,1.7555999999940395
8,R_22YukpAa4vp3drL,56,j,2,0,2136.5,Climate change legislation,Abolishing fraternities,-1,1,3,6,4,1.1293358837949117,0,5,3,-0.3710675046754708,-3,0,3,-3,-1,3,1,-3,3,3,1,1,Right,2.1365
8,R_22YukpAa4vp3drL,57,j,2,0,2188.6000000089407,Religious exemptions for discrimination laws,Build southern border wall,-1,-1,1,4,2,0.12906695814799,-3,8,3,-1.8714708931458532,-1,3,4,-4,4,4,4,-4,4,4,-4,1,Right,2.1886000000089405
8,R_22YukpAa4vp3drL,58,f,1,1,2016.0999999940395,Climate change legislation,Mandatory training on sexual consent,1,1,3,6,4,1.1293358837949117,0,0,1,-0.3710675046754708,3,0,3,3,6,3,6,3,-3,3,6,0,Left,2.0160999999940397
8,R_22YukpAa4vp3drL,59,j,2,0,2032.1000000089407,Detention of migrant children,Religious exemptions for discrimination laws,1,1,-3,7,2,-1.8714708931458532,1,4,2,0.12906695814799,-3,1,4,4,-3,4,3,-4,4,-4,3,1,Right,2.0321000000089406
8,R_22YukpAa4vp3drL,60,j,2,0,1669.4000000059605,U.S. drone strikes in Afghanistan,Stop police brutality,-1,1,1,5,2,0.12906695814799,3,8,4,1.1293358837949117,-1,3,4,2,3,4,3,-4,4,-2,-3,1,Right,1.6694000000059606
8,R_22YukpAa4vp3drL,61,f,1,1,2063.7999999970198,Stop police brutality,Climate change legislation,1,1,3,8,4,1.1293358837949117,3,6,4,1.1293358837949117,3,3,0,0,2,0,2,0,0,0,2,0,Left,2.06379999999702
8,R_22YukpAa4vp3drL,62,j,2,0,1565,Remove police from schools,Black Lives Matter,1,1,2,7,3,0.6292014209714508,3,8,4,1.1293358837949117,2,3,1,1,1,1,1,-1,1,-1,-1,1,Right,1.565
8,R_22YukpAa4vp3drL,63,j,2,0,1462.8999999910593,Detention of migrant children,Remove police from schools,-1,1,-3,7,2,-1.8714708931458532,2,7,3,0.6292014209714508,3,2,-1,5,0,1,0,1,-1,-5,0,1,Right,1.4628999999910592
8,R_22YukpAa4vp3drL,64,f,1,1,996.7000000029802,Legalization of marijuana,Hardening schools/Arming teachers,1,1,3,8,4,1.1293358837949117,0,7,2,-0.3710675046754708,3,0,3,3,1,3,1,3,-3,3,1,0,Left,0.9967000000029802
8,R_22YukpAa4vp3drL,65,j,2,0,2533.800000011921,Detention of migrant children,Climate change legislation,1,1,-3,7,2,-1.8714708931458532,3,6,4,1.1293358837949117,-3,3,6,6,-1,6,1,-6,6,-6,1,1,Right,2.533800000011921
8,R_22YukpAa4vp3drL,66,j,2,0,1579.9000000059605,Detention of migrant children,Safe injection locations,1,1,-3,7,2,-1.8714708931458532,1,5,2,0.12906695814799,-3,1,4,4,-2,4,2,-4,4,-4,2,1,Right,1.5799000000059604
8,R_22YukpAa4vp3drL,67,j,2,0,2513.9000000059605,Defund Planned Parenthood,Affirmative action,-1,1,-3,8,3,-1.8714708931458532,2,6,3,0.6292014209714508,3,2,-1,5,-2,1,2,1,-1,-5,2,1,Right,2.5139000000059606
8,R_22YukpAa4vp3drL,68,j,2,0,1578.6000000089407,Detention of migrant children,Gun-free campus police,1,1,-3,7,2,-1.8714708931458532,2,6,1,0.6292014209714508,-3,2,5,5,-1,5,1,-5,5,-5,1,1,Right,1.5786000000089406
8,R_22YukpAa4vp3drL,69,f,1,1,2153.5999999940395,Detention of migrant children,Legalization of marijuana,-1,-1,-3,7,2,-1.8714708931458532,3,8,4,1.1293358837949117,3,-3,6,-6,-1,6,1,6,-6,-6,-1,0,Left,2.1535999999940394
8,R_22YukpAa4vp3drL,70,f,1,1,1971.5,Remove police from schools,Legalization of marijuana,-1,-1,2,7,3,0.6292014209714508,3,8,4,1.1293358837949117,-2,-3,1,-1,-1,1,1,1,-1,-1,-1,0,Left,1.9715
8,R_22YukpAa4vp3drL,71,j,2,0,1569.2000000029802,On campus concealed carry,Climate change legislation,1,1,0,2,2,-0.3710675046754708,3,6,4,1.1293358837949117,0,3,3,3,4,3,4,-3,3,-3,-4,1,Right,1.5692000000029802
8,R_22YukpAa4vp3drL,72,j,2,0,1124.3999999910593,Mandatory trigger warnings,Climate change legislation,-1,1,1,5,2,0.12906695814799,3,6,4,1.1293358837949117,-1,3,4,2,1,4,1,-4,4,-2,-1,1,Right,1.1243999999910592
8,R_22YukpAa4vp3drL,73,j,2,0,1532.5,Religious exemptions for discrimination laws,Detention of migrant children,-1,-1,1,4,2,0.12906695814799,-3,7,2,-1.8714708931458532,-1,3,4,-4,3,4,3,-4,4,4,-3,1,Right,1.5325
8,R_22YukpAa4vp3drL,74,j,2,0,1549.3999999910593,Detention of migrant children,Gun-free campus police,-1,1,-3,7,2,-1.8714708931458532,2,6,1,0.6292014209714508,3,2,-1,5,-1,1,1,1,-1,-5,1,1,Right,1.5493999999910593
8,R_22YukpAa4vp3drL,75,j,2,0,2285.2000000029802,Religious exemptions for discrimination laws,Detention of migrant children,1,-1,1,4,2,0.12906695814799,-3,7,2,-1.8714708931458532,1,3,2,-4,3,2,3,-2,2,4,-3,1,Right,2.2852000000029804
8,R_22YukpAa4vp3drL,76,j,2,0,2669.2999999970198,Climate change legislation,On campus concealed carry,-1,1,3,6,4,1.1293358837949117,0,2,2,-0.3710675046754708,-3,0,3,-3,-4,3,4,-3,3,3,4,1,Right,2.66929999999702
8,R_22YukpAa4vp3drL,77,j,2,0,2617.5,Increased Gun regulations,Detention of migrant children,1,-1,1,5,2,0.12906695814799,-3,7,2,-1.8714708931458532,1,3,2,-4,2,2,2,-2,2,4,-2,1,Right,2.6175
8,R_22YukpAa4vp3drL,78,j,2,0,3839.7000000029802,War on Drugs,Detention of migrant children,1,1,-3,8,4,-1.8714708931458532,-3,7,2,-1.8714708931458532,-3,-3,0,0,-1,0,1,0,0,0,1,1,Right,3.8397000000029804
8,R_22YukpAa4vp3drL,79,j,2,0,2606.6000000089407,Detention of migrant children,Remove police from schools,1,-1,-3,7,2,-1.8714708931458532,2,7,3,0.6292014209714508,-3,-2,1,5,0,1,0,-1,1,-5,0,1,Right,2.6066000000089407
8,R_22YukpAa4vp3drL,80,f,1,1,2080.2999999970198,Abolishing private prisons,War on Drugs,1,1,2,7,3,0.6292014209714508,-3,8,4,-1.8714708931458532,2,-3,5,5,-1,5,1,5,-5,5,-1,0,Left,2.08029999999702
8,R_22YukpAa4vp3drL,81,j,2,0,1403.2999999970198,Detention of migrant children,Black Lives Matter,1,1,-3,7,2,-1.8714708931458532,3,8,4,1.1293358837949117,-3,3,6,6,1,6,1,-6,6,-6,-1,1,Right,1.4032999999970197
8,R_22YukpAa4vp3drL,82,j,2,0,2016.9000000059605,War on Drugs,Remove Christopher Columbus statues,1,1,-3,8,4,-1.8714708931458532,3,8,4,1.1293358837949117,-3,3,6,6,0,6,0,-6,6,-6,0,1,Right,2.0169000000059603
8,R_22YukpAa4vp3drL,83,j,2,0,1826.5999999940395,Raise the minimum wage,Physician-assisted suicide,-1,-1,3,8,4,1.1293358837949117,0,7,4,-0.3710675046754708,-3,-0,3,-3,-1,3,1,-3,3,3,1,1,Right,1.8265999999940394
8,R_22YukpAa4vp3drL,84,j,2,0,1648.4000000059605,Climate change legislation,Physician-assisted suicide,-1,-1,3,6,4,1.1293358837949117,0,7,4,-0.3710675046754708,-3,-0,3,-3,1,3,1,-3,3,3,-1,1,Right,1.6484000000059604
8,R_22YukpAa4vp3drL,85,j,2,0,2205.5999999940395,Detention of migrant children,Expel students with white nationlist views,1,1,-3,7,2,-1.8714708931458532,2,8,3,0.6292014209714508,-3,2,5,5,1,5,1,-5,5,-5,-1,1,Right,2.2055999999940394
8,R_22YukpAa4vp3drL,86,j,2,0,1999.2000000029802,Legalization of marijuana,Abolishing fraternities,-1,-1,3,8,4,1.1293358837949117,0,5,3,-0.3710675046754708,-3,-0,3,-3,-3,3,3,-3,3,3,3,1,Right,1.9992000000029801
8,R_22YukpAa4vp3drL,87,f,1,1,2317.2999999970198,Mandatory training on sexual consent,Climate change legislation,-1,-1,0,0,1,-0.3710675046754708,3,6,4,1.1293358837949117,-0,-3,3,-3,-6,3,6,3,-3,-3,-6,0,Left,2.3172999999970196
8,R_22YukpAa4vp3drL,88,f,1,1,1396.0999999940395,Physician-assisted suicide,Detention of migrant children,-1,-1,0,7,4,-0.3710675046754708,-3,7,2,-1.8714708931458532,-0,3,-3,3,0,3,0,-3,3,3,0,0,Left,1.3960999999940396
8,R_22YukpAa4vp3drL,89,f,1,1,1428.7000000029802,Climate change legislation,Abolishing fraternities,1,-1,3,6,4,1.1293358837949117,0,5,3,-0.3710675046754708,3,-0,3,3,1,3,1,3,-3,3,1,0,Left,1.4287000000029801
8,R_22YukpAa4vp3drL,90,j,2,0,1629.2999999970198,Climate change legislation,Mandatory trigger warnings,-1,-1,3,6,4,1.1293358837949117,1,5,2,0.12906695814799,-3,-1,2,-2,-1,2,1,-2,2,2,1,1,Right,1.6292999999970197
8,R_22YukpAa4vp3drL,91,j,2,0,1387.2999999970198,Legalization of marijuana,Religious exemptions for discrimination laws,-1,-1,3,8,4,1.1293358837949117,1,4,2,0.12906695814799,-3,-1,2,-2,-4,2,4,-2,2,2,4,1,Right,1.3872999999970197
8,R_22YukpAa4vp3drL,92,j,2,0,2540.2999999970198,Climate change legislation,Abolishing private prisons,-1,-1,3,6,4,1.1293358837949117,2,7,3,0.6292014209714508,-3,-2,1,-1,1,1,1,-1,1,1,-1,1,Right,2.54029999999702
8,R_22YukpAa4vp3drL,93,j,2,0,1372.5,Legalization of marijuana,On campus concealed carry,-1,-1,3,8,4,1.1293358837949117,0,2,2,-0.3710675046754708,-3,-0,3,-3,-6,3,6,-3,3,3,6,1,Right,1.3725
8,R_22YukpAa4vp3drL,94,f,1,1,3628.5,Cuts to National Parks budget,Gun-free campus police,-1,-1,-3,8,3,-1.8714708931458532,2,6,1,0.6292014209714508,3,-2,5,-5,2,5,2,5,-5,-5,2,0,Left,3.6285
8,R_22YukpAa4vp3drL,95,f,1,1,1769.7999999970198,Black Lives Matter,Abolishing private prisons,1,-1,3,8,4,1.1293358837949117,2,7,3,0.6292014209714508,3,-2,5,1,1,5,1,5,-5,1,1,0,Left,1.7697999999970198
8,R_22YukpAa4vp3drL,96,j,2,0,2913.5999999940395,Raise the minimum wage,"Boycott, Divest, and Sanction Israel",-1,1,3,8,4,1.1293358837949117,0,0,1,-0.3710675046754708,-3,0,3,-3,-8,3,8,-3,3,3,8,1,Right,2.9135999999940396
8,R_22YukpAa4vp3drL,97,j,2,0,1421.9000000059605,Detention of migrant children,U.S. drone strikes in Afghanistan,-1,-1,-3,7,2,-1.8714708931458532,1,5,2,0.12906695814799,3,-1,-4,4,-2,4,2,4,-4,-4,2,1,Right,1.4219000000059605
8,R_22YukpAa4vp3drL,98,f,1,1,1817.2000000029802,Climate change legislation,Build southern border wall,1,1,3,6,4,1.1293358837949117,-3,8,3,-1.8714708931458532,3,-3,6,6,-2,6,2,6,-6,6,-2,0,Left,1.8172000000029802
8,R_22YukpAa4vp3drL,99,j,2,0,1879.2999999970198,Raise the minimum wage,Safe injection locations,-1,1,3,8,4,1.1293358837949117,1,5,2,0.12906695814799,-3,1,4,-2,-3,4,3,-4,4,2,3,1,Right,1.8792999999970197
8,R_22YukpAa4vp3drL,100,j,2,0,1733.7999999970198,Expel students with white nationlist views,Detention of migrant children,1,-1,2,8,3,0.6292014209714508,-3,7,2,-1.8714708931458532,2,3,1,-5,-1,1,1,-1,1,5,1,1,Right,1.7337999999970197
34,R_6rmmVOUTc01qvpD,1,f,1,1,1947.2000000178814,"Boycott, Divest, and Sanction Israel",Recognize Jerusalem as capital of Israel,-1,1,2,8,3,0.5533403717516997,-2,0,3,-0.9222339529194996,-2,-2,0,4,8,0,8,0,0,4,8,0,Left,1.9472000000178813
34,R_6rmmVOUTc01qvpD,2,j,2,0,2363.5999999940395,Mandatory vaccinations,Physician-assisted suicide,1,-1,2,6,3,0.5533403717516997,2,8,4,0.5533403717516997,2,-2,-4,0,2,4,2,4,-4,0,-2,1,Right,2.3635999999940394
34,R_6rmmVOUTc01qvpD,3,j,2,0,5698.9000000059605,Mandatory vaccinations,Mandatory vaccinations,-1,1,2,6,3,0.5533403717516997,2,6,3,0.5533403717516997,-2,2,4,0,0,4,0,-4,4,0,0,1,Right,5.698900000005961
34,R_6rmmVOUTc01qvpD,4,j,2,0,3784,Mask mandates,Mandatory vaccinations,-1,1,3,8,4,0.9222339529194996,2,6,3,0.5533403717516997,-3,2,5,-1,-2,5,2,-5,5,1,2,1,Right,3.784
34,R_6rmmVOUTc01qvpD,5,f,1,1,3041.5,Cuts to National Parks budget,Recognize Jerusalem as capital of Israel,-1,1,-3,8,3,-1.2911275340872994,-2,0,3,-0.9222339529194996,3,-2,5,-1,8,5,8,5,-5,-1,8,0,Left,3.0415
34,R_6rmmVOUTc01qvpD,6,f,1,1,4651.4000000059605,Mandatory vaccinations,Mandatory trigger warnings,1,1,2,6,3,0.5533403717516997,1,1,1,0.18444679058389993,2,1,1,1,5,1,5,1,-1,1,5,0,Left,4.65140000000596
34,R_6rmmVOUTc01qvpD,7,f,1,1,2779.5,Mandatory trigger warnings,Physician-assisted suicide,1,-1,1,1,1,0.18444679058389993,2,8,4,0.5533403717516997,1,-2,3,-1,-7,3,7,3,-3,-1,-7,0,Left,2.7795
34,R_6rmmVOUTc01qvpD,8,j,2,0,2704.7999999821186,Lift COVID lockdowns,Physician-assisted suicide,1,1,-3,8,4,-1.2911275340872994,2,8,4,0.5533403717516997,-3,2,5,5,0,5,0,-5,5,-5,0,1,Right,2.7047999999821184
34,R_6rmmVOUTc01qvpD,9,j,2,0,3566.2999999821186,Ban on research with animals,Mandatory drug tests for welfare recipients,1,-1,0,0,2,-0.18444679058389993,-3,8,4,-1.2911275340872994,0,3,3,-3,8,3,8,-3,3,3,-8,1,Right,3.5662999999821188
34,R_6rmmVOUTc01qvpD,10,f,1,1,3837.100000023842,Mandatory vaccinations,Physician-assisted suicide,-1,-1,2,6,3,0.5533403717516997,2,8,4,0.5533403717516997,-2,-2,0,0,-2,0,2,0,0,0,-2,0,Left,3.8371000000238418
34,R_6rmmVOUTc01qvpD,11,f,1,1,2489.399999976158,"Boycott, Divest, and Sanction Israel","Boycott, Divest, and Sanction Israel",1,-1,2,8,3,0.5533403717516997,2,8,3,0.5533403717516997,2,-2,4,0,0,4,0,4,-4,0,0,0,Left,2.489399999976158
34,R_6rmmVOUTc01qvpD,12,j,2,0,3271.5,Mandatory trigger warnings,On campus concealed carry,-1,1,1,1,1,0.18444679058389993,0,0,1,-0.18444679058389993,-1,0,1,-1,-1,1,1,-1,1,1,1,1,Right,3.2715
34,R_6rmmVOUTc01qvpD,13,f,1,1,5512.799999982119,Ban on research with animals,Legalization of marijuana,1,-1,0,0,2,-0.18444679058389993,3,8,4,0.9222339529194996,0,-3,3,-3,-8,3,8,3,-3,-3,-8,0,Left,5.512799999982119
34,R_6rmmVOUTc01qvpD,14,j,2,0,6495.800000011921,Abolishing private prisons,Mandatory vaccinations,-1,-1,3,8,4,0.9222339529194996,2,6,3,0.5533403717516997,-3,-2,1,-1,-2,1,2,-1,1,1,2,1,Right,6.495800000011921
34,R_6rmmVOUTc01qvpD,15,j,2,0,8049.5,Gun-free campus police,Mandatory trigger warnings,-1,-1,3,8,4,0.9222339529194996,1,1,1,0.18444679058389993,-3,-1,2,-2,-7,2,7,-2,2,2,7,1,Right,8.0495
34,R_6rmmVOUTc01qvpD,16,j,2,0,3498.0999999940395,Physician-assisted suicide,Recognize Jerusalem as capital of Israel,-1,-1,2,8,4,0.5533403717516997,-2,0,3,-0.9222339529194996,-2,2,4,-4,-8,4,8,-4,4,4,8,1,Right,3.4980999999940394
34,R_6rmmVOUTc01qvpD,17,j,2,0,2646.800000011921,Recognize Jerusalem as capital of Israel,Mandatory vaccinations,1,-1,-2,0,3,-0.9222339529194996,2,6,3,0.5533403717516997,-2,-2,0,4,6,0,6,0,0,-4,-6,1,Right,2.646800000011921
34,R_6rmmVOUTc01qvpD,18,j,2,0,4082.899999976158,Mandatory vaccinations,Cuts to National Parks budget,1,-1,2,6,3,0.5533403717516997,-3,8,3,-1.2911275340872994,2,3,1,-5,2,1,2,-1,1,5,-2,1,Right,4.082899999976158
34,R_6rmmVOUTc01qvpD,19,j,2,0,3547.199999988079,"Boycott, Divest, and Sanction Israel",Defund Planned Parenthood,1,-1,2,8,3,0.5533403717516997,-3,8,4,-1.2911275340872994,2,3,1,-5,0,1,0,-1,1,5,0,1,Right,3.547199999988079
34,R_6rmmVOUTc01qvpD,20,j,2,0,4963.699999988079,Mandatory trigger warnings,Mandatory vaccinations,1,1,1,1,1,0.18444679058389993,2,6,3,0.5533403717516997,1,2,1,1,5,1,5,-1,1,-1,-5,1,Right,4.963699999988079
34,R_6rmmVOUTc01qvpD,21,j,2,0,7830.5999999940395,Recognize Jerusalem as capital of Israel,Recognize Jerusalem as capital of Israel,1,-1,-2,0,3,-0.9222339529194996,-2,0,3,-0.9222339529194996,-2,2,4,0,0,4,0,-4,4,0,0,1,Right,7.83059999999404
34,R_6rmmVOUTc01qvpD,22,j,2,0,3708.0999999940395,Mandatory trigger warnings,Mandatory vaccinations,-1,-1,1,1,1,0.18444679058389993,2,6,3,0.5533403717516997,-1,-2,-1,1,5,1,5,1,-1,-1,-5,1,Right,3.7080999999940394
34,R_6rmmVOUTc01qvpD,23,j,2,0,4271.200000017881,Mandatory vaccinations,Recognize Jerusalem as capital of Israel,-1,-1,2,6,3,0.5533403717516997,-2,0,3,-0.9222339529194996,-2,2,4,-4,-6,4,6,-4,4,4,6,1,Right,4.271200000017881
34,R_6rmmVOUTc01qvpD,24,f,1,1,4363.0999999940395,Physician-assisted suicide,Cuts to National Parks budget,1,1,2,8,4,0.5533403717516997,-3,8,3,-1.2911275340872994,2,-3,5,5,0,5,0,5,-5,5,0,0,Left,4.36309999999404
34,R_6rmmVOUTc01qvpD,25,j,2,0,2392.399999976158,Mandatory trigger warnings,Expel students with white nationlist views,-1,1,1,1,1,0.18444679058389993,3,8,3,0.9222339529194996,-1,3,4,2,7,4,7,-4,4,-2,-7,1,Right,2.392399999976158
34,R_6rmmVOUTc01qvpD,26,j,2,0,2297.300000011921,Mandatory vaccinations,"Boycott, Divest, and Sanction Israel",-1,1,2,6,3,0.5533403717516997,2,8,3,0.5533403717516997,-2,2,4,0,2,4,2,-4,4,0,-2,1,Right,2.297300000011921
34,R_6rmmVOUTc01qvpD,27,j,2,0,2125.199999988079,Recognize Jerusalem as capital of Israel,Mandatory vaccinations,1,-1,-2,0,3,-0.9222339529194996,2,6,3,0.5533403717516997,-2,-2,0,4,6,0,6,0,0,-4,-6,1,Right,2.1251999999880793
34,R_6rmmVOUTc01qvpD,28,j,2,0,4008.5999999940395,"Boycott, Divest, and Sanction Israel",Defund the police,-1,1,2,8,3,0.5533403717516997,3,8,4,0.9222339529194996,-2,3,5,1,0,5,0,-5,5,-1,0,1,Right,4.00859999999404
34,R_6rmmVOUTc01qvpD,29,f,1,1,4225.5,Abolishing fraternities,Recognize Jerusalem as capital of Israel,1,-1,3,8,3,0.9222339529194996,-2,0,3,-0.9222339529194996,3,2,1,5,8,1,8,1,-1,5,8,0,Left,4.2255
34,R_6rmmVOUTc01qvpD,30,j,2,0,1953.2999999821186,Mandatory trigger warnings,Mandatory vaccinations,1,-1,1,1,1,0.18444679058389993,2,6,3,0.5533403717516997,1,-2,-3,1,5,3,5,3,-3,-1,-5,1,Right,1.9532999999821186
34,R_6rmmVOUTc01qvpD,31,j,2,0,6389.4000000059605,Physician-assisted suicide,"Boycott, Divest, and Sanction Israel",1,-1,2,8,4,0.5533403717516997,2,8,3,0.5533403717516997,2,-2,-4,0,0,4,0,4,-4,0,0,1,Right,6.389400000005961
34,R_6rmmVOUTc01qvpD,32,j,2,0,3466.5,Mandatory trigger warnings,"Boycott, Divest, and Sanction Israel",1,1,1,1,1,0.18444679058389993,2,8,3,0.5533403717516997,1,2,1,1,7,1,7,-1,1,-1,-7,1,Right,3.4665
34,R_6rmmVOUTc01qvpD,33,f,1,1,2706.899999976158,Mandatory trigger warnings,Recognize Jerusalem as capital of Israel,-1,1,1,1,1,0.18444679058389993,-2,0,3,-0.9222339529194996,-1,-2,1,3,1,1,1,1,-1,3,1,0,Left,2.7068999999761583
34,R_6rmmVOUTc01qvpD,34,j,2,0,3183.7000000178814,"Boycott, Divest, and Sanction Israel",Mandatory trigger warnings,-1,-1,2,8,3,0.5533403717516997,1,1,1,0.18444679058389993,-2,-1,1,-1,-7,1,7,-1,1,1,7,1,Right,3.1837000000178812
34,R_6rmmVOUTc01qvpD,35,j,2,0,2790.199999988079,Recognize Jerusalem as capital of Israel,Physician-assisted suicide,1,1,-2,0,3,-0.9222339529194996,2,8,4,0.5533403717516997,-2,2,4,4,8,4,8,-4,4,-4,-8,1,Right,2.790199999988079
34,R_6rmmVOUTc01qvpD,36,j,2,0,2190,Mandatory trigger warnings,Mandatory vaccinations,-1,1,1,1,1,0.18444679058389993,2,6,3,0.5533403717516997,-1,2,3,1,5,3,5,-3,3,-1,-5,1,Right,2.19
34,R_6rmmVOUTc01qvpD,37,f,1,1,1867.7000000178814,Affirmative action,Mandatory vaccinations,1,1,3,8,4,0.9222339529194996,2,6,3,0.5533403717516997,3,2,1,1,2,1,2,1,-1,1,2,0,Left,1.8677000000178814
34,R_6rmmVOUTc01qvpD,38,f,1,1,2443.5999999940395,Mandatory trigger warnings,Physician-assisted suicide,-1,-1,1,1,1,0.18444679058389993,2,8,4,0.5533403717516997,-1,-2,1,-1,-7,1,7,1,-1,-1,-7,0,Left,2.4435999999940394
34,R_6rmmVOUTc01qvpD,39,f,1,1,2983.199999988079,Recognize Jerusalem as capital of Israel,Mandatory vaccinations,-1,1,-2,0,3,-0.9222339529194996,2,6,3,0.5533403717516997,2,2,0,-4,-6,0,6,0,0,-4,-6,0,Left,2.983199999988079
34,R_6rmmVOUTc01qvpD,40,f,1,1,2998.4000000059605,Mandatory trigger warnings,Mandatory trigger warnings,1,-1,1,1,1,0.18444679058389993,1,1,1,0.18444679058389993,1,-1,2,0,0,2,0,2,-2,0,0,0,Left,2.9984000000059603
34,R_6rmmVOUTc01qvpD,41,j,2,0,2949.5,Mandatory trigger warnings,Gun-free campus police,-1,-1,1,1,1,0.18444679058389993,3,8,4,0.9222339529194996,-1,-3,-2,2,7,2,7,2,-2,-2,-7,1,Right,2.9495
34,R_6rmmVOUTc01qvpD,42,j,2,0,1633.4000000059605,Recognize Jerusalem as capital of Israel,Mandatory vaccinations,1,1,-2,0,3,-0.9222339529194996,2,6,3,0.5533403717516997,-2,2,4,4,6,4,6,-4,4,-4,-6,1,Right,1.6334000000059605
34,R_6rmmVOUTc01qvpD,43,f,1,1,4230.100000023842,Mandatory vaccinations,Ban on research with animals,1,-1,2,6,3,0.5533403717516997,0,0,2,-0.18444679058389993,2,-0,2,2,6,2,6,2,-2,2,6,0,Left,4.230100000023842
34,R_6rmmVOUTc01qvpD,44,j,2,0,6209.199999988079,Climate change legislation,Ban on research with animals,-1,1,3,8,3,0.9222339529194996,0,0,2,-0.18444679058389993,-3,0,3,-3,-8,3,8,-3,3,3,8,1,Right,6.209199999988079
34,R_6rmmVOUTc01qvpD,45,j,2,0,3475.300000011921,Recognize Jerusalem as capital of Israel,Mandatory vaccinations,1,1,-2,0,3,-0.9222339529194996,2,6,3,0.5533403717516997,-2,2,4,4,6,4,6,-4,4,-4,-6,1,Right,3.475300000011921
34,R_6rmmVOUTc01qvpD,46,j,2,0,2918.2999999821186,"Boycott, Divest, and Sanction Israel",Increased Gun regulations,-1,1,2,8,3,0.5533403717516997,0,0,2,-0.18444679058389993,-2,0,2,-2,-8,2,8,-2,2,2,8,1,Right,2.9182999999821186
34,R_6rmmVOUTc01qvpD,47,f,1,1,3562.7000000178814,Religious exemptions for discrimination laws,Mandatory trigger warnings,-1,-1,-3,8,3,-1.2911275340872994,1,1,1,0.18444679058389993,3,-1,4,-4,7,4,7,4,-4,-4,7,0,Left,3.5627000000178812
34,R_6rmmVOUTc01qvpD,48,f,1,1,4411.700000017881,Recognize Jerusalem as capital of Israel,Mandatory vaccinations,-1,1,-2,0,3,-0.9222339529194996,2,6,3,0.5533403717516997,2,2,0,-4,-6,0,6,0,0,-4,-6,0,Left,4.411700000017881
34,R_6rmmVOUTc01qvpD,49,j,2,0,3375.5,Recognize Jerusalem as capital of Israel,Ban on research with animals,1,1,-2,0,3,-0.9222339529194996,0,0,2,-0.18444679058389993,-2,0,2,2,0,2,0,-2,2,-2,0,1,Right,3.3755
34,R_6rmmVOUTc01qvpD,50,f,1,1,4552.4000000059605,"Boycott, Divest, and Sanction Israel",Mandatory vaccinations,1,-1,2,8,3,0.5533403717516997,2,6,3,0.5533403717516997,2,-2,4,0,2,4,2,4,-4,0,2,0,Left,4.55240000000596
34,R_6rmmVOUTc01qvpD,51,f,1,1,2346.4000000059605,Mandatory trigger warnings,Mandatory vaccinations,1,-1,1,1,1,0.18444679058389993,2,6,3,0.5533403717516997,1,-2,3,-1,-5,3,5,3,-3,-1,-5,0,Left,2.3464000000059606
34,R_6rmmVOUTc01qvpD,52,j,2,0,2783.399999976158,Mandatory vaccinations,"Boycott, Divest, and Sanction Israel",1,1,2,6,3,0.5533403717516997,2,8,3,0.5533403717516997,2,2,0,0,2,0,2,0,0,0,-2,1,Right,2.783399999976158
34,R_6rmmVOUTc01qvpD,53,f,1,1,4695.799999982119,Bathrooms restricted based on biological sex,Recognize Jerusalem as capital of Israel,-1,1,-3,8,4,-1.2911275340872994,-2,0,3,-0.9222339529194996,3,-2,5,-1,8,5,8,5,-5,-1,8,0,Left,4.6957999999821185
34,R_6rmmVOUTc01qvpD,54,j,2,0,2952.5,On campus concealed carry,Mandatory vaccinations,1,-1,0,0,1,-0.18444679058389993,2,6,3,0.5533403717516997,0,-2,-2,2,6,2,6,2,-2,-2,-6,1,Right,2.9525
34,R_6rmmVOUTc01qvpD,55,f,1,1,4781.4000000059605,"Boycott, Divest, and Sanction Israel",Abolishing private prisons,-1,-1,2,8,3,0.5533403717516997,3,8,4,0.9222339529194996,-2,-3,1,-1,0,1,0,1,-1,-1,0,0,Left,4.78140000000596
34,R_6rmmVOUTc01qvpD,56,f,1,1,5358.799999982119,Mandatory vaccinations,Mandatory trigger warnings,1,-1,2,6,3,0.5533403717516997,1,1,1,0.18444679058389993,2,-1,3,1,5,3,5,3,-3,1,5,0,Left,5.358799999982119
34,R_6rmmVOUTc01qvpD,57,j,2,0,4737.4000000059605,Recognize Jerusalem as capital of Israel,Physician-assisted suicide,-1,1,-2,0,3,-0.9222339529194996,2,8,4,0.5533403717516997,2,2,0,4,8,0,8,0,0,-4,-8,1,Right,4.737400000005961
34,R_6rmmVOUTc01qvpD,58,f,1,1,5137.9000000059605,Recognize Jerusalem as capital of Israel,Abolishing fraternities,-1,-1,-2,0,3,-0.9222339529194996,3,8,3,0.9222339529194996,2,-3,5,-5,-8,5,8,5,-5,-5,-8,0,Left,5.137900000005961
34,R_6rmmVOUTc01qvpD,59,j,2,0,1910.800000011921,Mandatory trigger warnings,Ban on research with animals,1,1,1,1,1,0.18444679058389993,0,0,2,-0.18444679058389993,1,0,-1,-1,-1,1,1,1,-1,1,1,1,Right,1.910800000011921
34,R_6rmmVOUTc01qvpD,60,j,2,0,3209.699999988079,Stop police brutality,Recognize Jerusalem as capital of Israel,-1,-1,3,8,4,0.9222339529194996,-2,0,3,-0.9222339529194996,-3,2,5,-5,-8,5,8,-5,5,5,8,1,Right,3.209699999988079
34,R_6rmmVOUTc01qvpD,61,f,1,1,4148.5999999940395,Mandatory vaccinations,Physician-assisted suicide,1,-1,2,6,3,0.5533403717516997,2,8,4,0.5533403717516997,2,-2,4,0,-2,4,2,4,-4,0,-2,0,Left,4.1485999999940395
34,R_6rmmVOUTc01qvpD,62,f,1,1,3440.399999976158,Mandatory drug tests for welfare recipients,Physician-assisted suicide,-1,1,-3,8,4,-1.2911275340872994,2,8,4,0.5533403717516997,3,2,1,-5,0,1,0,1,-1,-5,0,0,Left,3.440399999976158
34,R_6rmmVOUTc01qvpD,63,j,2,0,2641,Recognize Jerusalem as capital of Israel,Defund Planned Parenthood,-1,-1,-2,0,3,-0.9222339529194996,-3,8,4,-1.2911275340872994,2,3,1,-1,8,1,8,-1,1,1,-8,1,Right,2.641
34,R_6rmmVOUTc01qvpD,64,j,2,0,8108.800000011921,Student worker unionization,Recognize Jerusalem as capital of Israel,-1,1,3,8,4,0.9222339529194996,-2,0,3,-0.9222339529194996,-3,-2,1,-5,-8,1,8,-1,1,5,8,1,Right,8.108800000011922
34,R_6rmmVOUTc01qvpD,65,f,1,1,4598.800000011921,Mandatory trigger warnings,Student worker unionization,1,-1,1,1,1,0.18444679058389993,3,8,4,0.9222339529194996,1,-3,4,-2,-7,4,7,4,-4,-2,-7,0,Left,4.598800000011921
34,R_6rmmVOUTc01qvpD,66,f,1,1,2424.9000000059605,Mandatory trigger warnings,Recognize Jerusalem as capital of Israel,1,1,1,1,1,0.18444679058389993,-2,0,3,-0.9222339529194996,1,-2,3,3,1,3,1,3,-3,3,1,0,Left,2.4249000000059606
34,R_6rmmVOUTc01qvpD,67,j,2,0,10378.800000011921,Legalization of marijuana,Recognize Jerusalem as capital of Israel,-1,1,3,8,4,0.9222339529194996,-2,0,3,-0.9222339529194996,-3,-2,1,-5,-8,1,8,-1,1,5,8,1,Right,10.378800000011921
34,R_6rmmVOUTc01qvpD,68,f,1,1,2751.9000000059605,Recognize Jerusalem as capital of Israel,Increased Gun regulations,-1,-1,-2,0,3,-0.9222339529194996,0,0,2,-0.18444679058389993,2,-0,2,-2,0,2,0,2,-2,-2,0,0,Left,2.7519000000059606
34,R_6rmmVOUTc01qvpD,69,j,2,0,4409,Mandatory trigger warnings,Religious exemptions for discrimination laws,1,-1,1,1,1,0.18444679058389993,-3,8,3,-1.2911275340872994,1,3,2,-4,7,2,7,-2,2,4,-7,1,Right,4.409
34,R_6rmmVOUTc01qvpD,70,j,2,0,5052.799999982119,Physician-assisted suicide,Recognize Jerusalem as capital of Israel,-1,1,2,8,4,0.5533403717516997,-2,0,3,-0.9222339529194996,-2,-2,0,-4,-8,0,8,0,0,4,8,1,Right,5.052799999982119
34,R_6rmmVOUTc01qvpD,71,f,1,1,5605.899999976158,Mandatory vaccinations,Mandatory trigger warnings,-1,-1,2,6,3,0.5533403717516997,1,1,1,0.18444679058389993,-2,-1,-1,1,5,1,5,-1,1,1,5,0,Left,5.605899999976158
34,R_6rmmVOUTc01qvpD,72,j,2,0,2501.800000011921,On campus concealed carry,Physician-assisted suicide,1,1,0,0,1,-0.18444679058389993,2,8,4,0.5533403717516997,0,2,2,2,8,2,8,-2,2,-2,-8,1,Right,2.501800000011921
34,R_6rmmVOUTc01qvpD,73,j,2,0,3629.5999999940395,Mandatory vaccinations,Mandatory drug tests for welfare recipients,-1,-1,2,6,3,0.5533403717516997,-3,8,4,-1.2911275340872994,-2,3,5,-5,2,5,2,-5,5,5,-2,1,Right,3.6295999999940394
34,R_6rmmVOUTc01qvpD,74,f,1,1,3014.199999988079,Climate change legislation,Mandatory trigger warnings,1,1,3,8,3,0.9222339529194996,1,1,1,0.18444679058389993,3,1,2,2,7,2,7,2,-2,2,7,0,Left,3.014199999988079
34,R_6rmmVOUTc01qvpD,75,f,1,1,2530.5999999940395,Recognize Jerusalem as capital of Israel,Mandatory vaccinations,-1,-1,-2,0,3,-0.9222339529194996,2,6,3,0.5533403717516997,2,-2,4,-4,-6,4,6,4,-4,-4,-6,0,Left,2.5305999999940396
34,R_6rmmVOUTc01qvpD,76,f,1,1,2375,"Boycott, Divest, and Sanction Israel",Ban on research with animals,1,1,2,8,3,0.5533403717516997,0,0,2,-0.18444679058389993,2,0,2,2,8,2,8,2,-2,2,8,0,Left,2.375
34,R_6rmmVOUTc01qvpD,77,f,1,1,2390.5,Abolishing fraternities,Mandatory vaccinations,-1,-1,3,8,3,0.9222339529194996,2,6,3,0.5533403717516997,-3,-2,-1,1,2,1,2,-1,1,1,2,0,Left,2.3905
34,R_6rmmVOUTc01qvpD,78,f,1,1,3270.600000023842,Physician-assisted suicide,Recognize Jerusalem as capital of Israel,1,-1,2,8,4,0.5533403717516997,-2,0,3,-0.9222339529194996,2,2,0,4,8,0,8,0,0,4,8,0,Left,3.2706000000238418
34,R_6rmmVOUTc01qvpD,79,f,1,1,2910.0999999940395,Detention of migrant children,Detention of migrant children,-1,1,-3,8,4,-1.2911275340872994,-3,8,4,-1.2911275340872994,3,-3,6,0,0,6,0,6,-6,0,0,0,Left,2.9100999999940393
34,R_6rmmVOUTc01qvpD,80,j,2,0,2060.199999988079,Mask mandates,Mandatory trigger warnings,-1,1,3,8,4,0.9222339529194996,1,1,1,0.18444679058389993,-3,1,4,-2,-7,4,7,-4,4,2,7,1,Right,2.060199999988079
34,R_6rmmVOUTc01qvpD,81,f,1,1,1895.199999988079,Climate change legislation,Mandatory vaccinations,1,-1,3,8,3,0.9222339529194996,2,6,3,0.5533403717516997,3,-2,5,1,2,5,2,5,-5,1,2,0,Left,1.895199999988079
34,R_6rmmVOUTc01qvpD,82,f,1,1,2893.800000011921,Mandatory vaccinations,Cuts to National Parks budget,1,1,2,6,3,0.5533403717516997,-3,8,3,-1.2911275340872994,2,-3,5,5,-2,5,2,5,-5,5,-2,0,Left,2.893800000011921
34,R_6rmmVOUTc01qvpD,83,j,2,0,2647,U.S. drone strikes in Afghanistan,Religious exemptions for discrimination laws,1,-1,-3,8,3,-1.2911275340872994,-3,8,3,-1.2911275340872994,-3,3,6,0,0,6,0,-6,6,0,0,1,Right,2.647
34,R_6rmmVOUTc01qvpD,84,j,2,0,4185.0999999940395,Mandatory vaccinations,Mandatory vaccinations,-1,1,2,6,3,0.5533403717516997,2,6,3,0.5533403717516997,-2,2,4,0,0,4,0,-4,4,0,0,1,Right,4.18509999999404
34,R_6rmmVOUTc01qvpD,85,f,1,1,4086.600000023842,Mandatory vaccinations,On campus concealed carry,1,-1,2,6,3,0.5533403717516997,0,0,1,-0.18444679058389993,2,-0,2,2,6,2,6,2,-2,2,6,0,Left,4.086600000023842
34,R_6rmmVOUTc01qvpD,86,j,2,0,3448.0999999940395,Mask mandates,Increased Gun regulations,1,-1,3,8,4,0.9222339529194996,0,0,2,-0.18444679058389993,3,-0,-3,-3,-8,3,8,3,-3,3,8,1,Right,3.4480999999940396
34,R_6rmmVOUTc01qvpD,87,f,1,1,1855.9000000059605,Physician-assisted suicide,Mandatory vaccinations,1,1,2,8,4,0.5533403717516997,2,6,3,0.5533403717516997,2,2,0,0,2,0,2,0,0,0,2,0,Left,1.8559000000059604
34,R_6rmmVOUTc01qvpD,88,j,2,0,3015.199999988079,"Boycott, Divest, and Sanction Israel",Recognize Jerusalem as capital of Israel,-1,-1,2,8,3,0.5533403717516997,-2,0,3,-0.9222339529194996,-2,2,4,-4,-8,4,8,-4,4,4,8,1,Right,3.015199999988079
34,R_6rmmVOUTc01qvpD,89,f,1,1,4649.5,Mandatory vaccinations,"Boycott, Divest, and Sanction Israel",-1,-1,2,6,3,0.5533403717516997,2,8,3,0.5533403717516997,-2,-2,0,0,-2,0,2,0,0,0,-2,0,Left,4.6495
34,R_6rmmVOUTc01qvpD,90,j,2,0,1810.5,Mandatory trigger warnings,Physician-assisted suicide,-1,1,1,1,1,0.18444679058389993,2,8,4,0.5533403717516997,-1,2,3,1,7,3,7,-3,3,-1,-7,1,Right,1.8105
34,R_6rmmVOUTc01qvpD,91,j,2,0,2884.5,Mandatory trigger warnings,"Boycott, Divest, and Sanction Israel",-1,1,1,1,1,0.18444679058389993,2,8,3,0.5533403717516997,-1,2,3,1,7,3,7,-3,3,-1,-7,1,Right,2.8845
34,R_6rmmVOUTc01qvpD,92,f,1,1,3791.699999988079,Mask mandates,Physician-assisted suicide,1,-1,3,8,4,0.9222339529194996,2,8,4,0.5533403717516997,3,-2,5,1,0,5,0,5,-5,1,0,0,Left,3.791699999988079
34,R_6rmmVOUTc01qvpD,93,j,2,0,5281.4000000059605,Raise the minimum wage,Physician-assisted suicide,-1,-1,3,8,4,0.9222339529194996,2,8,4,0.5533403717516997,-3,-2,1,-1,0,1,0,-1,1,1,0,1,Right,5.28140000000596
34,R_6rmmVOUTc01qvpD,94,j,2,0,3582.300000011921,Mandatory trigger warnings,Physician-assisted suicide,1,1,1,1,1,0.18444679058389993,2,8,4,0.5533403717516997,1,2,1,1,7,1,7,-1,1,-1,-7,1,Right,3.5823000000119207
34,R_6rmmVOUTc01qvpD,95,f,1,1,2017.7999999821186,"Boycott, Divest, and Sanction Israel",Recognize Jerusalem as capital of Israel,1,1,2,8,3,0.5533403717516997,-2,0,3,-0.9222339529194996,2,-2,4,4,8,4,8,4,-4,4,8,0,Left,2.0177999999821186
34,R_6rmmVOUTc01qvpD,96,f,1,1,4785.199999988079,Recognize Jerusalem as capital of Israel,Mandatory trigger warnings,-1,1,-2,0,3,-0.9222339529194996,1,1,1,0.18444679058389993,2,1,1,-3,-1,1,1,1,-1,-3,-1,0,Left,4.785199999988079
34,R_6rmmVOUTc01qvpD,97,j,2,0,4536.9000000059605,Mandatory vaccinations,On campus concealed carry,-1,1,2,6,3,0.5533403717516997,0,0,1,-0.18444679058389993,-2,0,2,-2,-6,2,6,-2,2,2,6,1,Right,4.536900000005961
34,R_6rmmVOUTc01qvpD,98,f,1,1,2531.100000023842,Recognize Jerusalem as capital of Israel,Mandatory trigger warnings,-1,-1,-2,0,3,-0.9222339529194996,1,1,1,0.18444679058389993,2,-1,3,-3,-1,3,1,3,-3,-3,-1,0,Left,2.5311000000238417
34,R_6rmmVOUTc01qvpD,99,j,2,0,2409.600000023842,Physician-assisted suicide,Mandatory trigger warnings,-1,1,2,8,4,0.5533403717516997,1,1,1,0.18444679058389993,-2,1,3,-1,-7,3,7,-3,3,1,7,1,Right,2.409600000023842
34,R_6rmmVOUTc01qvpD,100,f,1,1,3444.800000011921,On campus concealed carry,"Boycott, Divest, and Sanction Israel",-1,-1,0,0,1,-0.18444679058389993,2,8,3,0.5533403717516997,-0,-2,2,-2,-8,2,8,2,-2,-2,-8,0,Left,3.444800000011921
4,R_1lrWlqblZ3mTGMR,1,f,1,1,9723.899999976158,Lift COVID lockdowns,Black Lives Matter,1,-1,-1,7,2,-0.9722280223008438,3,7,4,1.4957354189243752,-1,-3,2,-4,0,2,0,2,-2,-4,0,0,Left,9.723899999976158
4,R_1lrWlqblZ3mTGMR,2,j,2,0,918.8000000715256,Affirmative action,Safe injection locations,-1,-1,0,3,3,-0.35523716199453903,3,7,4,1.4957354189243752,-0,-3,-3,3,4,3,4,3,-3,-3,-4,1,Right,0.9188000000715256
4,R_1lrWlqblZ3mTGMR,4,f,1,1,9399.900000095367,Safe injection locations,University Campus should be a Sanctuary,1,1,3,7,4,1.4957354189243752,-1,5,3,-0.9722280223008438,3,-1,4,4,2,4,2,4,-4,4,2,0,Left,9.399900000095368
4,R_1lrWlqblZ3mTGMR,5,j,2,0,8303.700000047684,U.S. drone strikes in Afghanistan,Religious exemptions for discrimination laws,-1,-1,3,5,4,1.4957354189243752,-3,5,2,-2.2062097429134533,-3,3,6,-6,0,6,0,-6,6,6,0,1,Right,8.303700000047684
4,R_1lrWlqblZ3mTGMR,6,f,1,1,4516,Safe injection locations,U.S. drone strikes in Afghanistan,1,-1,3,7,4,1.4957354189243752,3,5,4,1.4957354189243752,3,-3,6,0,2,6,2,6,-6,0,2,0,Left,4.516
4,R_1lrWlqblZ3mTGMR,7,f,1,1,6857.200000047684,Religious exemptions for discrimination laws,Defund the police,-1,1,-3,5,2,-2.2062097429134533,-2,6,3,-1.5892188826071485,3,-2,5,-1,-1,5,1,5,-5,-1,-1,0,Left,6.857200000047683
4,R_1lrWlqblZ3mTGMR,8,j,2,0,17814,Dorms determined by gender identity,Physician-assisted suicide,-1,-1,3,5,4,1.4957354189243752,-1,5,2,-0.9722280223008438,-3,1,4,-4,0,4,0,-4,4,4,0,1,Right,17.814
4,R_1lrWlqblZ3mTGMR,9,j,2,0,8396.399999976158,Safe injection locations,Ban on research with animals,-1,1,3,7,4,1.4957354189243752,1,3,4,0.2617536983117657,-3,1,4,-2,-4,4,4,-4,4,2,4,1,Right,8.396399999976158
4,R_1lrWlqblZ3mTGMR,10,j,2,0,13569.600000023842,Ban on ethnic Halloween costumes,Dorms determined by gender identity,1,1,0,4,2,-0.35523716199453903,3,5,4,1.4957354189243752,0,3,3,3,1,3,1,-3,3,-3,-1,1,Right,13.569600000023842
4,R_1lrWlqblZ3mTGMR,11,j,2,0,9218.899999976158,Safe injection locations,Ban on research with animals,1,-1,3,7,4,1.4957354189243752,1,3,4,0.2617536983117657,3,-1,-4,-2,-4,4,4,4,-4,2,4,1,Right,9.218899999976157
4,R_1lrWlqblZ3mTGMR,12,j,2,0,3754.899999976158,Abortion rights,Black Lives Matter,-1,-1,2,4,4,0.8787445586180704,3,7,4,1.4957354189243752,-2,-3,-1,1,3,1,3,1,-1,-1,-3,1,Right,3.7548999999761583
4,R_1lrWlqblZ3mTGMR,13,j,2,0,11444.799999952316,Climate change legislation,Religious exemptions for discrimination laws,-1,1,3,8,4,1.4957354189243752,-3,5,2,-2.2062097429134533,-3,-3,0,-6,-3,0,3,0,0,6,3,1,Right,11.444799999952316
4,R_1lrWlqblZ3mTGMR,14,f,1,1,9512.100000023842,Safe injection locations,Legalization of marijuana,-1,1,3,7,4,1.4957354189243752,-2,8,1,-1.5892188826071485,-3,-2,-1,5,-1,1,1,-1,1,5,-1,0,Left,9.512100000023842
4,R_1lrWlqblZ3mTGMR,15,f,1,1,5502.700000047684,Climate change legislation,U.S. drone strikes in Afghanistan,-1,1,3,8,4,1.4957354189243752,3,5,4,1.4957354189243752,-3,3,-6,0,3,6,3,-6,6,0,3,0,Left,5.502700000047684
4,R_1lrWlqblZ3mTGMR,16,f,1,1,8076.899999976158,U.S. drone strikes in Afghanistan,Detention of migrant children,1,-1,3,5,4,1.4957354189243752,0,3,3,-0.35523716199453903,3,-0,3,3,2,3,2,3,-3,3,2,0,Left,8.076899999976158
4,R_1lrWlqblZ3mTGMR,17,j,2,0,908.2000000476837,U.S. drone strikes in Afghanistan,Safe injection locations,-1,-1,3,5,4,1.4957354189243752,3,7,4,1.4957354189243752,-3,-3,0,0,2,0,2,0,0,0,-2,1,Right,0.9082000000476838
4,R_1lrWlqblZ3mTGMR,18,j,2,0,5184.399999976158,Religious exemptions for discrimination laws,Legalization of marijuana,-1,-1,-3,5,2,-2.2062097429134533,-2,8,1,-1.5892188826071485,3,2,-1,1,3,1,3,1,-1,-1,-3,1,Right,5.184399999976158
4,R_1lrWlqblZ3mTGMR,19,j,2,0,4611.100000023842,U.S. drone strikes in Afghanistan,Ban on research with animals,1,1,3,5,4,1.4957354189243752,1,3,4,0.2617536983117657,3,1,-2,-2,-2,2,2,2,-2,2,2,1,Right,4.611100000023842
4,R_1lrWlqblZ3mTGMR,20,j,2,0,3772.100000023842,Religious exemptions for discrimination laws,Abortion rights,-1,-1,-3,5,2,-2.2062097429134533,2,4,4,0.8787445586180704,3,-2,-5,5,-1,5,1,5,-5,-5,1,1,Right,3.772100000023842
4,R_1lrWlqblZ3mTGMR,21,f,1,1,6344.199999928474,War on Drugs,Safe injection locations,-1,1,1,7,2,0.2617536983117657,3,7,4,1.4957354189243752,-1,3,-4,-2,0,4,0,-4,4,-2,0,0,Left,6.344199999928475
4,R_1lrWlqblZ3mTGMR,22,j,2,0,3423.3000000715256,Religious exemptions for discrimination laws,War on Drugs,-1,-1,-3,5,2,-2.2062097429134533,1,7,2,0.2617536983117657,3,-1,-4,4,2,4,2,4,-4,-4,-2,1,Right,3.4233000000715257
4,R_1lrWlqblZ3mTGMR,23,f,1,1,12294.100000023842,Mask mandates,Safe injection locations,-1,-1,1,4,3,0.2617536983117657,3,7,4,1.4957354189243752,-1,-3,2,-2,-3,2,3,2,-2,-2,-3,0,Left,12.294100000023843
4,R_1lrWlqblZ3mTGMR,24,j,2,0,4222.299999952316,Dorms determined by gender identity,Legalization of marijuana,-1,1,3,5,4,1.4957354189243752,-2,8,1,-1.5892188826071485,-3,-2,1,-5,3,1,3,-1,1,5,-3,1,Right,4.222299999952316
4,R_1lrWlqblZ3mTGMR,25,f,1,1,6446.100000023842,Black Lives Matter,Safe injection locations,1,-1,3,7,4,1.4957354189243752,3,7,4,1.4957354189243752,3,-3,6,0,0,6,0,6,-6,0,0,0,Left,6.446100000023842
4,R_1lrWlqblZ3mTGMR,26,f,1,1,2299.100000023842,Climate change legislation,Black Lives Matter,-1,-1,3,8,4,1.4957354189243752,3,7,4,1.4957354189243752,-3,-3,0,0,1,0,1,0,0,0,1,0,Left,2.299100000023842
4,R_1lrWlqblZ3mTGMR,27,j,2,0,1883.8999999761581,Abortion rights,Safe injection locations,1,1,2,4,4,0.8787445586180704,3,7,4,1.4957354189243752,2,3,1,1,3,1,3,-1,1,-1,-3,1,Right,1.883899999976158
4,R_1lrWlqblZ3mTGMR,28,j,2,0,2374.4000000953674,Safe injection locations,Legalization of marijuana,1,1,3,7,4,1.4957354189243752,-2,8,1,-1.5892188826071485,3,-2,-5,-5,1,5,1,5,-5,5,-1,1,Right,2.3744000000953673
4,R_1lrWlqblZ3mTGMR,29,j,2,0,2517.600000023842,Ban on ethnic Halloween costumes,Safe injection locations,-1,-1,0,4,2,-0.35523716199453903,3,7,4,1.4957354189243752,-0,-3,-3,3,3,3,3,3,-3,-3,-3,1,Right,2.5176000000238417
4,R_1lrWlqblZ3mTGMR,30,f,1,1,1977.7000000476837,Safe injection locations,Mask mandates,-1,1,3,7,4,1.4957354189243752,1,4,3,0.2617536983117657,-3,1,-4,2,3,4,3,-4,4,2,3,0,Left,1.9777000000476836
4,R_1lrWlqblZ3mTGMR,31,f,1,1,1415.5,Safe injection locations,Defund the police,1,1,3,7,4,1.4957354189243752,-2,6,3,-1.5892188826071485,3,-2,5,5,1,5,1,5,-5,5,1,0,Left,1.4155
4,R_1lrWlqblZ3mTGMR,32,j,2,0,2216,Dorms determined by gender identity,Abortion rights,1,1,3,5,4,1.4957354189243752,2,4,4,0.8787445586180704,3,2,-1,-1,-1,1,1,1,-1,1,1,1,Right,2.216
4,R_1lrWlqblZ3mTGMR,33,j,2,0,2568.5,Safe injection locations,Physician-assisted suicide,1,-1,3,7,4,1.4957354189243752,-1,5,2,-0.9722280223008438,3,1,-2,-4,-2,2,2,2,-2,4,2,1,Right,2.5685
4,R_1lrWlqblZ3mTGMR,34,j,2,0,2839.100000023842,Black Lives Matter,Bathrooms restricted based on biological sex,-1,1,3,7,4,1.4957354189243752,2,5,4,0.8787445586180704,-3,2,5,-1,-2,5,2,-5,5,1,2,1,Right,2.839100000023842
4,R_1lrWlqblZ3mTGMR,35,f,1,1,1531.1000000238419,Black Lives Matter,Defund the police,1,-1,3,7,4,1.4957354189243752,-2,6,3,-1.5892188826071485,3,2,1,5,1,1,1,1,-1,5,1,0,Left,1.531100000023842
4,R_1lrWlqblZ3mTGMR,36,f,1,1,1567.6000000238419,Dorms determined by gender identity,Stop police brutality,1,-1,3,5,4,1.4957354189243752,0,5,3,-0.35523716199453903,3,-0,3,3,0,3,0,3,-3,3,0,0,Left,1.567600000023842
4,R_1lrWlqblZ3mTGMR,37,j,2,0,2082.5,Religious exemptions for discrimination laws,Lift COVID lockdowns,-1,-1,-3,5,2,-2.2062097429134533,-1,7,2,-0.9722280223008438,3,1,-2,2,2,2,2,2,-2,-2,-2,1,Right,2.0825
4,R_1lrWlqblZ3mTGMR,38,f,1,1,9291.200000047684,Black Lives Matter,Religious exemptions for discrimination laws,-1,-1,3,7,4,1.4957354189243752,-3,5,2,-2.2062097429134533,-3,3,-6,6,2,6,2,-6,6,6,2,0,Left,9.291200000047684
4,R_1lrWlqblZ3mTGMR,39,f,1,1,3475.399999976158,Build southern border wall,Black Lives Matter,1,1,2,3,4,0.8787445586180704,3,7,4,1.4957354189243752,2,3,-1,-1,-4,1,4,-1,1,-1,-4,0,Left,3.4753999999761582
4,R_1lrWlqblZ3mTGMR,40,j,2,0,2437,Remove Christopher Columbus statues,U.S. drone strikes in Afghanistan,-1,-1,1,5,2,0.2617536983117657,3,5,4,1.4957354189243752,-1,-3,-2,2,0,2,0,2,-2,-2,0,1,Right,2.437
4,R_1lrWlqblZ3mTGMR,41,j,2,0,3046,U.S. drone strikes in Afghanistan,Raise the minimum wage,-1,1,3,5,4,1.4957354189243752,2,5,4,0.8787445586180704,-3,2,5,-1,0,5,0,-5,5,1,0,1,Right,3.046
4,R_1lrWlqblZ3mTGMR,42,j,2,0,2342.5,Black Lives Matter,Allow alt-right speakers on campus,1,-1,3,7,4,1.4957354189243752,2,3,3,0.8787445586180704,3,-2,-5,-1,-4,5,4,5,-5,1,4,1,Right,2.3425
4,R_1lrWlqblZ3mTGMR,43,f,1,1,11470.599999904633,Safe injection locations,Increased Gun regulations,1,1,3,7,4,1.4957354189243752,-1,4,4,-0.9722280223008438,3,-1,4,4,3,4,3,4,-4,4,3,0,Left,11.470599999904632
4,R_1lrWlqblZ3mTGMR,44,j,2,0,2549.7000000476837,Increased Gun regulations,Dorms determined by gender identity,-1,-1,-1,4,4,-0.9722280223008438,3,5,4,1.4957354189243752,1,-3,-4,4,1,4,1,4,-4,-4,-1,1,Right,2.5497000000476837
4,R_1lrWlqblZ3mTGMR,45,f,1,1,2139.2000000476837,Allow alt-right speakers on campus,Safe injection locations,1,-1,2,3,3,0.8787445586180704,3,7,4,1.4957354189243752,2,-3,5,-1,-4,5,4,5,-5,-1,-4,0,Left,2.139200000047684
4,R_1lrWlqblZ3mTGMR,46,f,1,1,2450.5,Safe injection locations,Raise the minimum wage,-1,-1,3,7,4,1.4957354189243752,2,5,4,0.8787445586180704,-3,-2,-1,1,2,1,2,-1,1,1,2,0,Left,2.4505
4,R_1lrWlqblZ3mTGMR,47,j,2,0,1711,Raise the minimum wage,Dorms determined by gender identity,-1,1,2,5,4,0.8787445586180704,3,5,4,1.4957354189243752,-2,3,5,1,0,5,0,-5,5,-1,0,1,Right,1.711
4,R_1lrWlqblZ3mTGMR,48,f,1,1,1790.5,Black Lives Matter,Bathrooms restricted based on biological sex,1,1,3,7,4,1.4957354189243752,2,5,4,0.8787445586180704,3,2,1,1,2,1,2,1,-1,1,2,0,Left,1.7905
4,R_1lrWlqblZ3mTGMR,49,f,1,1,2895.6999999284744,Religious exemptions for discrimination laws,Abortion rights,1,1,-3,5,2,-2.2062097429134533,2,4,4,0.8787445586180704,-3,2,-5,-5,1,5,1,-5,5,-5,1,0,Left,2.8956999999284743
4,R_1lrWlqblZ3mTGMR,50,j,2,0,2925.3000000715256,Mask mandates,U.S. drone strikes in Afghanistan,-1,1,1,4,3,0.2617536983117657,3,5,4,1.4957354189243752,-1,3,4,2,1,4,1,-4,4,-2,-1,1,Right,2.9253000000715255
4,R_1lrWlqblZ3mTGMR,51,f,1,1,1643.2000000476837,Climate change legislation,U.S. drone strikes in Afghanistan,1,-1,3,8,4,1.4957354189243752,3,5,4,1.4957354189243752,3,-3,6,0,3,6,3,6,-6,0,3,0,Left,1.6432000000476836
4,R_1lrWlqblZ3mTGMR,52,j,2,0,1405.7000000476837,Black Lives Matter,Abolishing fraternities,-1,1,3,7,4,1.4957354189243752,0,5,1,-0.35523716199453903,-3,0,3,-3,-2,3,2,-3,3,3,2,1,Right,1.4057000000476838
4,R_1lrWlqblZ3mTGMR,53,j,2,0,1867.6000000238419,U.S. drone strikes in Afghanistan,Ban on research with animals,1,-1,3,5,4,1.4957354189243752,1,3,4,0.2617536983117657,3,-1,-4,-2,-2,4,2,4,-4,2,2,1,Right,1.867600000023842
4,R_1lrWlqblZ3mTGMR,54,j,2,0,1501.1999999284744,Defund the police,Safe injection locations,-1,-1,-2,6,3,-1.5892188826071485,3,7,4,1.4957354189243752,2,-3,-5,5,1,5,1,5,-5,-5,-1,1,Right,1.5011999999284744
4,R_1lrWlqblZ3mTGMR,55,j,2,0,1721.2000000476837,Dorms determined by gender identity,Tuition increases,1,-1,3,5,4,1.4957354189243752,-1,5,2,-0.9722280223008438,3,1,-2,-4,0,2,0,2,-2,4,0,1,Right,1.7212000000476837
4,R_1lrWlqblZ3mTGMR,56,f,1,1,1457.7000000476837,Mandatory training on sexual consent,Black Lives Matter,1,-1,0,6,2,-0.35523716199453903,3,7,4,1.4957354189243752,0,-3,3,-3,-1,3,1,3,-3,-3,-1,0,Left,1.4577000000476836
4,R_1lrWlqblZ3mTGMR,57,j,2,0,1582.5999999046326,Religious exemptions for discrimination laws,Defund the police,1,1,-3,5,2,-2.2062097429134533,-2,6,3,-1.5892188826071485,-3,-2,1,1,1,1,1,-1,1,-1,-1,1,Right,1.5825999999046325
4,R_1lrWlqblZ3mTGMR,58,f,1,1,2989.399999976158,Black Lives Matter,War on Drugs,1,1,3,7,4,1.4957354189243752,1,7,2,0.2617536983117657,3,1,2,2,0,2,0,2,-2,2,0,0,Left,2.989399999976158
4,R_1lrWlqblZ3mTGMR,59,f,1,1,2266.600000023842,Black Lives Matter,Legalization of marijuana,-1,-1,3,7,4,1.4957354189243752,-2,8,1,-1.5892188826071485,-3,2,-5,5,-1,5,1,-5,5,5,-1,0,Left,2.2666000000238418
4,R_1lrWlqblZ3mTGMR,60,j,2,0,2308.6999999284744,Black Lives Matter,Legalization of marijuana,1,-1,3,7,4,1.4957354189243752,-2,8,1,-1.5892188826071485,3,2,-1,-5,1,1,1,1,-1,5,-1,1,Right,2.3086999999284745
4,R_1lrWlqblZ3mTGMR,61,f,1,1,1886.8999999761581,Ban on ethnic Halloween costumes,Safe injection locations,1,1,0,4,2,-0.35523716199453903,3,7,4,1.4957354189243752,0,3,-3,-3,-3,3,3,-3,3,-3,-3,0,Left,1.8868999999761582
4,R_1lrWlqblZ3mTGMR,62,f,1,1,2292.8000000715256,Ban on research with animals,Safe injection locations,1,1,1,3,4,0.2617536983117657,3,7,4,1.4957354189243752,1,3,-2,-2,-4,2,4,-2,2,-2,-4,0,Left,2.2928000000715256
4,R_1lrWlqblZ3mTGMR,63,f,1,1,1447.7999999523163,Dorms determined by gender identity,War on Drugs,-1,-1,3,5,4,1.4957354189243752,1,7,2,0.2617536983117657,-3,-1,-2,2,-2,2,2,-2,2,2,-2,0,Left,1.4477999999523163
4,R_1lrWlqblZ3mTGMR,64,f,1,1,1407.3999999761581,Safe injection locations,Physician-assisted suicide,-1,1,3,7,4,1.4957354189243752,-1,5,2,-0.9722280223008438,-3,-1,-2,4,2,2,2,-2,2,4,2,0,Left,1.4073999999761582
4,R_1lrWlqblZ3mTGMR,65,f,1,1,1596,Ban on research with animals,Dorms determined by gender identity,1,-1,1,3,4,0.2617536983117657,3,5,4,1.4957354189243752,1,-3,4,-2,-2,4,2,4,-4,-2,-2,0,Left,1.596
4,R_1lrWlqblZ3mTGMR,66,f,1,1,2350.5,Black Lives Matter,Climate change legislation,1,-1,3,7,4,1.4957354189243752,3,8,4,1.4957354189243752,3,-3,6,0,-1,6,1,6,-6,0,-1,0,Left,2.3505
4,R_1lrWlqblZ3mTGMR,67,f,1,1,9657.399999976158,Defund the police,Black Lives Matter,1,-1,-2,6,3,-1.5892188826071485,3,7,4,1.4957354189243752,-2,-3,1,-5,-1,1,1,1,-1,-5,-1,0,Left,9.657399999976159
4,R_1lrWlqblZ3mTGMR,68,f,1,1,1683.5,Mask mandates,Dorms determined by gender identity,-1,-1,1,4,3,0.2617536983117657,3,5,4,1.4957354189243752,-1,-3,2,-2,-1,2,1,2,-2,-2,-1,0,Left,1.6835
4,R_1lrWlqblZ3mTGMR,69,f,1,1,1435.3999999761581,U.S. drone strikes in Afghanistan,Mandatory training on sexual consent,1,-1,3,5,4,1.4957354189243752,0,6,2,-0.35523716199453903,3,-0,3,3,-1,3,1,3,-3,3,-1,0,Left,1.4353999999761582
4,R_1lrWlqblZ3mTGMR,70,f,1,1,1310.5,Abolishing fraternities,Black Lives Matter,1,1,0,5,1,-0.35523716199453903,3,7,4,1.4957354189243752,0,3,-3,-3,-2,3,2,-3,3,-3,-2,0,Left,1.3105
4,R_1lrWlqblZ3mTGMR,71,j,2,0,909.3999999761581,Allow alt-right speakers on campus,Dorms determined by gender identity,1,1,2,3,3,0.8787445586180704,3,5,4,1.4957354189243752,2,3,1,1,2,1,2,-1,1,-1,-2,1,Right,0.9093999999761582
4,R_1lrWlqblZ3mTGMR,72,f,1,1,2037.4000000953674,Black Lives Matter,Mandatory training on sexual consent,1,1,3,7,4,1.4957354189243752,0,6,2,-0.35523716199453903,3,0,3,3,1,3,1,3,-3,3,1,0,Left,2.0374000000953676
4,R_1lrWlqblZ3mTGMR,73,f,1,1,1546.3999999761581,Bathrooms restricted based on biological sex,Safe injection locations,-1,1,2,5,4,0.8787445586180704,3,7,4,1.4957354189243752,-2,3,-5,-1,-2,5,2,-5,5,-1,-2,0,Left,1.5463999999761582
4,R_1lrWlqblZ3mTGMR,74,f,1,1,1130.6000000238419,Ban on ethnic Halloween costumes,Dorms determined by gender identity,1,-1,0,4,2,-0.35523716199453903,3,5,4,1.4957354189243752,0,-3,3,-3,-1,3,1,3,-3,-3,-1,0,Left,1.1306000000238419
4,R_1lrWlqblZ3mTGMR,75,f,1,1,405.7999999523163,Build southern border wall,Black Lives Matter,-1,-1,2,3,4,0.8787445586180704,3,7,4,1.4957354189243752,-2,-3,1,-1,-4,1,4,1,-1,-1,-4,0,Left,0.4057999999523163
4,R_1lrWlqblZ3mTGMR,76,f,1,1,1661.3000000715256,Safe injection locations,Defund Planned Parenthood,1,-1,3,7,4,1.4957354189243752,0,3,3,-0.35523716199453903,3,-0,3,3,4,3,4,3,-3,3,4,0,Left,1.6613000000715257
4,R_1lrWlqblZ3mTGMR,77,j,2,0,1257.8000000715256,Mask mandates,Black Lives Matter,1,1,1,4,3,0.2617536983117657,3,7,4,1.4957354189243752,1,3,2,2,3,2,3,-2,2,-2,-3,1,Right,1.2578000000715255
4,R_1lrWlqblZ3mTGMR,78,j,2,0,2372.7000000476837,Religious exemptions for discrimination laws,Raise the minimum wage,1,-1,-3,5,2,-2.2062097429134533,2,5,4,0.8787445586180704,-3,-2,1,5,0,1,0,-1,1,-5,0,1,Right,2.3727000000476837
4,R_1lrWlqblZ3mTGMR,79,f,1,1,1885.6999999284744,U.S. drone strikes in Afghanistan,Allow alt-right speakers on campus,-1,1,3,5,4,1.4957354189243752,2,3,3,0.8787445586180704,-3,2,-5,1,2,5,2,-5,5,1,2,0,Left,1.8856999999284745
4,R_1lrWlqblZ3mTGMR,80,f,1,1,1577.8999999761581,Safe injection locations,Ban on research with animals,-1,-1,3,7,4,1.4957354189243752,1,3,4,0.2617536983117657,-3,-1,-2,2,4,2,4,-2,2,2,4,0,Left,1.577899999976158
4,R_1lrWlqblZ3mTGMR,81,j,2,0,2307.8000000715256,Dorms determined by gender identity,Recognize Jerusalem as capital of Israel,-1,1,3,5,4,1.4957354189243752,0,5,1,-0.35523716199453903,-3,0,3,-3,0,3,0,-3,3,3,0,1,Right,2.3078000000715257
4,R_1lrWlqblZ3mTGMR,82,f,1,1,1229.1000000238419,Black Lives Matter,Climate change legislation,-1,1,3,7,4,1.4957354189243752,3,8,4,1.4957354189243752,-3,3,-6,0,-1,6,1,-6,6,0,-1,0,Left,1.229100000023842
4,R_1lrWlqblZ3mTGMR,83,f,1,1,1068.1999999284744,Lift COVID lockdowns,Safe injection locations,-1,-1,-1,7,2,-0.9722280223008438,3,7,4,1.4957354189243752,1,-3,4,-4,0,4,0,4,-4,-4,0,0,Left,1.0681999999284744
4,R_1lrWlqblZ3mTGMR,84,j,2,0,1218.1000000238419,"Boycott, Divest, and Sanction Israel",U.S. drone strikes in Afghanistan,1,1,2,5,3,0.8787445586180704,3,5,4,1.4957354189243752,2,3,1,1,0,1,0,-1,1,-1,0,1,Right,1.2181000000238418
4,R_1lrWlqblZ3mTGMR,85,j,2,0,2521,Black Lives Matter,Religious exemptions for discrimination laws,1,-1,3,7,4,1.4957354189243752,-3,5,2,-2.2062097429134533,3,3,0,-6,-2,0,2,0,0,6,2,1,Right,2.521
4,R_1lrWlqblZ3mTGMR,86,j,2,0,1388.7000000476837,Religious exemptions for discrimination laws,Mask mandates,-1,1,-3,5,2,-2.2062097429134533,1,4,3,0.2617536983117657,3,1,-2,4,-1,2,1,2,-2,-4,1,1,Right,1.3887000000476837
4,R_1lrWlqblZ3mTGMR,87,j,2,0,1524.3000000715256,Allow alt-right speakers on campus,Dorms determined by gender identity,-1,-1,2,3,3,0.8787445586180704,3,5,4,1.4957354189243752,-2,-3,-1,1,2,1,2,1,-1,-1,-2,1,Right,1.5243000000715257
4,R_1lrWlqblZ3mTGMR,88,j,2,0,1180.7000000476837,Dorms determined by gender identity,Lift COVID lockdowns,-1,-1,3,5,4,1.4957354189243752,-1,7,2,-0.9722280223008438,-3,1,4,-4,2,4,2,-4,4,4,-2,1,Right,1.1807000000476837
4,R_1lrWlqblZ3mTGMR,89,j,2,0,1180.7000000476837,Dorms determined by gender identity,Legalization of marijuana,-1,-1,3,5,4,1.4957354189243752,-2,8,1,-1.5892188826071485,-3,2,5,-5,3,5,3,-5,5,5,-3,1,Right,1.1807000000476837
4,R_1lrWlqblZ3mTGMR,90,f,1,1,2420.899999976158,U.S. drone strikes in Afghanistan,Abortion rights,-1,-1,3,5,4,1.4957354189243752,2,4,4,0.8787445586180704,-3,-2,-1,1,1,1,1,-1,1,1,1,0,Left,2.4208999999761582
4,R_1lrWlqblZ3mTGMR,91,f,1,1,1079.8000000715256,Defund the police,U.S. drone strikes in Afghanistan,-1,-1,-2,6,3,-1.5892188826071485,3,5,4,1.4957354189243752,2,-3,5,-5,1,5,1,5,-5,-5,1,0,Left,1.0798000000715255
4,R_1lrWlqblZ3mTGMR,94,f,1,1,191.39999997615814,Ban on research with animals,U.S. drone strikes in Afghanistan,-1,-1,1,3,4,0.2617536983117657,3,5,4,1.4957354189243752,-1,-3,2,-2,-2,2,2,2,-2,-2,-2,0,Left,0.19139999997615814
4,R_1lrWlqblZ3mTGMR,95,f,1,1,1592.8999999761581,Safe injection locations,Abortion rights,1,-1,3,7,4,1.4957354189243752,2,4,4,0.8787445586180704,3,-2,5,1,3,5,3,5,-5,1,3,0,Left,1.5928999999761582
35,R_8pQnbYPPeamBQ2J,1,f,1,1,2656.7000000476837,Religious exemptions for discrimination laws,Stop police brutality,-1,-1,0,0,1,-0.3518989217530848,3,8,3,0.8992972444801055,-0,-3,3,-3,-8,3,8,3,-3,-3,-8,0,Left,2.656700000047684
35,R_8pQnbYPPeamBQ2J,2,j,2,0,3660.900000035763,Tuition increases,Hardening schools/Arming teachers,1,1,-3,6,2,-1.603095087986275,-3,7,1,-1.603095087986275,-3,-3,0,0,1,0,1,0,0,0,-1,1,Right,3.6609000000357628
35,R_8pQnbYPPeamBQ2J,3,j,2,0,4042.800000011921,Mandatory vaccinations,Ban on research with animals,-1,1,3,8,2,0.8992972444801055,0,4,1,-0.3518989217530848,-3,0,3,-3,-4,3,4,-3,3,3,4,1,Right,4.042800000011921
35,R_8pQnbYPPeamBQ2J,4,j,2,0,6056.099999964237,U.S. drone strikes in Afghanistan,Hardening schools/Arming teachers,1,-1,2,4,1,0.48223185573570876,-3,7,1,-1.603095087986275,2,3,1,-5,3,1,3,-1,1,5,-3,1,Right,6.056099999964237
35,R_8pQnbYPPeamBQ2J,5,f,1,1,8103.099999964237,Tuition increases,Hardening schools/Arming teachers,-1,-1,-3,6,2,-1.603095087986275,-3,7,1,-1.603095087986275,3,3,0,0,-1,0,1,0,0,0,-1,0,Left,8.103099999964238
35,R_8pQnbYPPeamBQ2J,6,j,2,0,4446.5,Affirmative action,Tuition increases,1,-1,1,3,2,0.065166466991312,-3,6,2,-1.603095087986275,1,3,2,-4,3,2,3,-2,2,4,-3,1,Right,4.4465
35,R_8pQnbYPPeamBQ2J,7,j,2,0,4220.399999976158,University Campus should be a Sanctuary,Tuition increases,-1,-1,1,4,1,0.065166466991312,-3,6,2,-1.603095087986275,-1,3,4,-4,2,4,2,-4,4,4,-2,1,Right,4.220399999976158
35,R_8pQnbYPPeamBQ2J,8,j,2,0,3246.599999964237,Hardening schools/Arming teachers,Tuition increases,1,-1,-3,7,1,-1.603095087986275,-3,6,2,-1.603095087986275,-3,3,6,0,-1,6,1,-6,6,0,1,1,Right,3.2465999999642374
35,R_8pQnbYPPeamBQ2J,9,j,2,0,1953.4000000357628,Mandatory drug tests for welfare recipients,Tuition increases,1,-1,-3,8,2,-1.603095087986275,-3,6,2,-1.603095087986275,-3,3,6,0,-2,6,2,-6,6,0,2,1,Right,1.9534000000357628
35,R_8pQnbYPPeamBQ2J,10,f,1,1,6589.699999988079,Black Lives Matter,Tuition increases,1,-1,2,6,2,0.48223185573570876,-3,6,2,-1.603095087986275,2,3,-1,5,0,1,0,-1,1,5,0,0,Left,6.589699999988079
35,R_8pQnbYPPeamBQ2J,11,f,1,1,2168.5,Mandatory trigger warnings,Hardening schools/Arming teachers,-1,1,0,2,1,-0.3518989217530848,-3,7,1,-1.603095087986275,-0,-3,3,3,-5,3,5,3,-3,3,-5,0,Left,2.1685
35,R_8pQnbYPPeamBQ2J,12,j,2,0,4539.800000011921,Abolishing fraternities,Mandatory vaccinations,-1,1,2,6,1,0.48223185573570876,3,8,2,0.8992972444801055,-2,3,5,1,2,5,2,-5,5,-1,-2,1,Right,4.539800000011921
35,R_8pQnbYPPeamBQ2J,13,f,1,1,4322.600000023842,Hardening schools/Arming teachers,Cuts to National Parks budget,-1,1,-3,7,1,-1.603095087986275,-2,4,1,-1.1860296992418784,3,-2,5,-1,3,5,3,5,-5,-1,3,0,Left,4.322600000023842
35,R_8pQnbYPPeamBQ2J,14,f,1,1,3891.7999999523163,University Campus should be a Sanctuary,Mandatory drug tests for welfare recipients,1,-1,1,4,1,0.065166466991312,-3,8,2,-1.603095087986275,1,3,-2,4,-4,2,4,-2,2,4,-4,0,Left,3.8917999999523163
35,R_8pQnbYPPeamBQ2J,15,j,2,0,7747.899999976158,Hardening schools/Arming teachers,Affirmative action,1,-1,-3,7,1,-1.603095087986275,1,3,2,0.065166466991312,-3,-1,2,4,-4,2,4,-2,2,-4,4,1,Right,7.747899999976158
35,R_8pQnbYPPeamBQ2J,16,j,2,0,3698.7000000476837,Abortion rights,Tuition increases,1,-1,2,5,2,0.48223185573570876,-3,6,2,-1.603095087986275,2,3,1,-5,1,1,1,-1,1,5,-1,1,Right,3.6987000000476837
35,R_8pQnbYPPeamBQ2J,17,j,2,0,1798.1000000238419,Hardening schools/Arming teachers,Abortion rights,1,1,-3,7,1,-1.603095087986275,2,5,2,0.48223185573570876,-3,2,5,5,-2,5,2,-5,5,-5,2,1,Right,1.7981000000238418
35,R_8pQnbYPPeamBQ2J,18,j,2,0,1814,Remove police from schools,Tuition increases,-1,-1,-3,2,1,-1.603095087986275,-3,6,2,-1.603095087986275,3,3,0,0,4,0,4,0,0,0,-4,1,Right,1.814
35,R_8pQnbYPPeamBQ2J,19,j,2,0,3322,Religious exemptions for discrimination laws,Mandatory drug tests for welfare recipients,-1,-1,0,0,1,-0.3518989217530848,-3,8,2,-1.603095087986275,-0,3,3,-3,8,3,8,-3,3,3,-8,1,Right,3.322
35,R_8pQnbYPPeamBQ2J,20,f,1,1,1962.300000011921,Tuition increases,Abortion rights,-1,-1,-3,6,2,-1.603095087986275,2,5,2,0.48223185573570876,3,-2,5,-5,1,5,1,5,-5,-5,1,0,Left,1.9623000000119208
35,R_8pQnbYPPeamBQ2J,21,j,2,0,5524.5,Defund the police,Hardening schools/Arming teachers,-1,-1,3,8,3,0.8992972444801055,-3,7,1,-1.603095087986275,-3,3,6,-6,-1,6,1,-6,6,6,1,1,Right,5.5245
35,R_8pQnbYPPeamBQ2J,22,f,1,1,4154.199999988079,Hardening schools/Arming teachers,Affirmative action,-1,-1,-3,7,1,-1.603095087986275,1,3,2,0.065166466991312,3,-1,4,-4,4,4,4,4,-4,-4,4,0,Left,4.154199999988079
35,R_8pQnbYPPeamBQ2J,23,f,1,1,4140.300000011921,Mandatory vaccinations,U.S. drone strikes in Afghanistan,-1,1,3,8,2,0.8992972444801055,2,4,1,0.48223185573570876,-3,2,-5,1,4,5,4,-5,5,1,4,0,Left,4.140300000011921
35,R_8pQnbYPPeamBQ2J,24,j,2,0,2177.100000023842,Ban on research with animals,Tuition increases,1,-1,0,4,1,-0.3518989217530848,-3,6,2,-1.603095087986275,0,3,3,-3,2,3,2,-3,3,3,-2,1,Right,2.177100000023842
35,R_8pQnbYPPeamBQ2J,25,j,2,0,3557.199999988079,Tuition increases,Cuts to National Parks budget,1,-1,-3,6,2,-1.603095087986275,-2,4,1,-1.1860296992418784,-3,2,5,1,-2,5,2,-5,5,-1,2,1,Right,3.5571999999880792
35,R_8pQnbYPPeamBQ2J,26,j,2,0,2030.1000000238419,University Campus should be a Sanctuary,Tuition increases,1,-1,1,4,1,0.065166466991312,-3,6,2,-1.603095087986275,1,3,2,-4,2,2,2,-2,2,4,-2,1,Right,2.030100000023842
35,R_8pQnbYPPeamBQ2J,27,j,2,0,5644.699999988079,Hardening schools/Arming teachers,Gun-free campus police,1,-1,-3,7,1,-1.603095087986275,2,6,1,0.48223185573570876,-3,-2,1,5,-1,1,1,-1,1,-5,1,1,Right,5.644699999988079
35,R_8pQnbYPPeamBQ2J,28,j,2,0,6523.600000023842,Dorms determined by gender identity,Stop police brutality,1,1,0,2,1,-0.3518989217530848,3,8,3,0.8992972444801055,0,3,3,3,6,3,6,-3,3,-3,-6,1,Right,6.523600000023841
35,R_8pQnbYPPeamBQ2J,29,j,2,0,2175.7999999523163,Hardening schools/Arming teachers,Hardening schools/Arming teachers,1,-1,-3,7,1,-1.603095087986275,-3,7,1,-1.603095087986275,-3,3,6,0,0,6,0,-6,6,0,0,1,Right,2.175799999952316
35,R_8pQnbYPPeamBQ2J,30,j,2,0,6252.100000023842,Remove police from schools,Mandatory drug tests for welfare recipients,1,-1,-3,2,1,-1.603095087986275,-3,8,2,-1.603095087986275,-3,3,6,0,6,6,6,-6,6,0,-6,1,Right,6.252100000023842
35,R_8pQnbYPPeamBQ2J,31,f,1,1,1733.9000000357628,U.S. drone strikes in Afghanistan,Hardening schools/Arming teachers,1,1,2,4,1,0.48223185573570876,-3,7,1,-1.603095087986275,2,-3,5,5,-3,5,3,5,-5,5,-3,0,Left,1.7339000000357627
35,R_8pQnbYPPeamBQ2J,32,j,2,0,1691.0999999642372,Religious exemptions for discrimination laws,Hardening schools/Arming teachers,1,-1,0,0,1,-0.3518989217530848,-3,7,1,-1.603095087986275,0,3,3,-3,7,3,7,-3,3,3,-7,1,Right,1.6910999999642373
35,R_8pQnbYPPeamBQ2J,33,j,2,0,4763.800000011921,Tuition increases,Cuts to National Parks budget,1,1,-3,6,2,-1.603095087986275,-2,4,1,-1.1860296992418784,-3,-2,1,1,-2,1,2,-1,1,-1,2,1,Right,4.763800000011921
35,R_8pQnbYPPeamBQ2J,34,f,1,1,2633.800000011921,Affirmative action,Allow alt-right speakers on campus,-1,1,1,3,2,0.065166466991312,-3,8,1,-1.603095087986275,-1,-3,2,4,-5,2,5,2,-2,4,-5,0,Left,2.633800000011921
35,R_8pQnbYPPeamBQ2J,35,j,2,0,1816.1000000238419,Religious exemptions for discrimination laws,Tuition increases,-1,-1,0,0,1,-0.3518989217530848,-3,6,2,-1.603095087986275,-0,3,3,-3,6,3,6,-3,3,3,-6,1,Right,1.8161000000238419
35,R_8pQnbYPPeamBQ2J,36,f,1,1,6599.5,Hardening schools/Arming teachers,Ban on research with animals,1,1,-3,7,1,-1.603095087986275,0,4,1,-0.3518989217530848,-3,0,-3,-3,3,3,3,-3,3,-3,3,0,Left,6.5995
35,R_8pQnbYPPeamBQ2J,37,f,1,1,1493.6000000238419,Hardening schools/Arming teachers,Remove police from schools,-1,1,-3,7,1,-1.603095087986275,-3,2,1,-1.603095087986275,3,-3,6,0,5,6,5,6,-6,0,5,0,Left,1.4936000000238419
35,R_8pQnbYPPeamBQ2J,38,f,1,1,2784.400000035763,Climate change legislation,Abortion rights,1,-1,3,8,1,0.8992972444801055,2,5,2,0.48223185573570876,3,-2,5,1,3,5,3,5,-5,1,3,0,Left,2.7844000000357627
35,R_8pQnbYPPeamBQ2J,39,j,2,0,2952.800000011921,Remove police from schools,Hardening schools/Arming teachers,-1,-1,-3,2,1,-1.603095087986275,-3,7,1,-1.603095087986275,3,3,0,0,5,0,5,0,0,0,-5,1,Right,2.952800000011921
35,R_8pQnbYPPeamBQ2J,40,f,1,1,3133.300000011921,Hardening schools/Arming teachers,University Campus should be a Sanctuary,1,-1,-3,7,1,-1.603095087986275,1,4,1,0.065166466991312,-3,-1,-2,-4,3,2,3,-2,2,-4,3,0,Left,3.133300000011921
35,R_8pQnbYPPeamBQ2J,41,f,1,1,1737.800000011921,Tuition increases,Remove police from schools,-1,1,-3,6,2,-1.603095087986275,-3,2,1,-1.603095087986275,3,-3,6,0,4,6,4,6,-6,0,4,0,Left,1.737800000011921
35,R_8pQnbYPPeamBQ2J,42,j,2,0,6423.199999988079,Abortion rights,Tuition increases,-1,1,2,5,2,0.48223185573570876,-3,6,2,-1.603095087986275,-2,-3,-1,-5,1,1,1,1,-1,5,-1,1,Right,6.423199999988079
35,R_8pQnbYPPeamBQ2J,43,f,1,1,994.1999999880791,Hardening schools/Arming teachers,Tuition increases,-1,1,-3,7,1,-1.603095087986275,-3,6,2,-1.603095087986275,3,-3,6,0,1,6,1,6,-6,0,1,0,Left,0.9941999999880791
35,R_8pQnbYPPeamBQ2J,44,f,1,1,1292.300000011921,Stop police brutality,Ban on research with animals,1,-1,3,8,3,0.8992972444801055,0,4,1,-0.3518989217530848,3,-0,3,3,4,3,4,3,-3,3,4,0,Left,1.292300000011921
35,R_8pQnbYPPeamBQ2J,45,j,2,0,3297.900000035763,Affirmative action,Remove public Confederate memorials,1,1,1,3,2,0.065166466991312,3,8,3,0.8992972444801055,1,3,2,2,5,2,5,-2,2,-2,-5,1,Right,3.297900000035763
35,R_8pQnbYPPeamBQ2J,46,j,2,0,1704.5,U.S. drone strikes in Afghanistan,Climate change legislation,-1,1,2,4,1,0.48223185573570876,3,8,1,0.8992972444801055,-2,3,5,1,4,5,4,-5,5,-1,-4,1,Right,1.7045
35,R_8pQnbYPPeamBQ2J,47,f,1,1,1218.800000011921,Tuition increases,Tuition increases,-1,1,-3,6,2,-1.603095087986275,-3,6,2,-1.603095087986275,3,-3,6,0,0,6,0,6,-6,0,0,0,Left,1.218800000011921
35,R_8pQnbYPPeamBQ2J,48,f,1,1,923.6000000238419,Climate change legislation,Tuition increases,1,-1,3,8,1,0.8992972444801055,-3,6,2,-1.603095087986275,3,3,0,6,2,0,2,0,0,6,2,0,Left,0.9236000000238419
35,R_8pQnbYPPeamBQ2J,49,f,1,1,957.9000000357628,Tuition increases,U.S. drone strikes in Afghanistan,-1,-1,-3,6,2,-1.603095087986275,2,4,1,0.48223185573570876,3,-2,5,-5,2,5,2,5,-5,-5,2,0,Left,0.9579000000357628
35,R_8pQnbYPPeamBQ2J,50,f,1,1,1814.1000000238419,Hardening schools/Arming teachers,Abortion rights,1,-1,-3,7,1,-1.603095087986275,2,5,2,0.48223185573570876,-3,-2,-1,-5,2,1,2,-1,1,-5,2,0,Left,1.8141000000238419
35,R_8pQnbYPPeamBQ2J,51,f,1,1,1467.5,Remove public Confederate memorials,Affirmative action,1,-1,3,8,3,0.8992972444801055,1,3,2,0.065166466991312,3,-1,4,2,5,4,5,4,-4,2,5,0,Left,1.4675
35,R_8pQnbYPPeamBQ2J,52,j,2,0,1930.5,Hardening schools/Arming teachers,Affirmative action,-1,1,-3,7,1,-1.603095087986275,1,3,2,0.065166466991312,3,1,-2,4,-4,2,4,2,-2,-4,4,1,Right,1.9305
35,R_8pQnbYPPeamBQ2J,53,f,1,1,1285,Tuition increases,Abolishing fraternities,-1,-1,-3,6,2,-1.603095087986275,2,6,1,0.48223185573570876,3,-2,5,-5,0,5,0,5,-5,-5,0,0,Left,1.285
35,R_8pQnbYPPeamBQ2J,54,f,1,1,2543.699999988079,U.S. drone strikes in Afghanistan,Lift COVID lockdowns,-1,1,2,4,1,0.48223185573570876,-3,8,1,-1.603095087986275,-2,-3,1,5,-4,1,4,1,-1,5,-4,0,Left,2.543699999988079
35,R_8pQnbYPPeamBQ2J,55,j,2,0,1553.1000000238419,Abortion rights,Mandatory vaccinations,1,1,2,5,2,0.48223185573570876,3,8,2,0.8992972444801055,2,3,1,1,3,1,3,-1,1,-1,-3,1,Right,1.553100000023842
35,R_8pQnbYPPeamBQ2J,56,f,1,1,3394.5,Abolishing private prisons,Remove police from schools,1,-1,3,8,2,0.8992972444801055,-3,2,1,-1.603095087986275,3,3,0,6,6,0,6,0,0,6,6,0,Left,3.3945
35,R_8pQnbYPPeamBQ2J,57,j,2,0,3492,Mandatory drug tests for welfare recipients,Remove police from schools,1,-1,-3,8,2,-1.603095087986275,-3,2,1,-1.603095087986275,-3,3,6,0,-6,6,6,-6,6,0,6,1,Right,3.492
35,R_8pQnbYPPeamBQ2J,58,f,1,1,3170.800000011921,Hardening schools/Arming teachers,Gun-free campus police,-1,-1,-3,7,1,-1.603095087986275,2,6,1,0.48223185573570876,3,-2,5,-5,1,5,1,5,-5,-5,1,0,Left,3.170800000011921
35,R_8pQnbYPPeamBQ2J,59,f,1,1,5371.800000011921,Abortion rights,Raise the minimum wage,-1,-1,2,5,2,0.48223185573570876,3,8,3,0.8992972444801055,-2,-3,1,-1,-3,1,3,1,-1,-1,-3,0,Left,5.371800000011921
35,R_8pQnbYPPeamBQ2J,60,f,1,1,2756.600000023842,Remove police from schools,Defund the police,1,-1,-3,2,1,-1.603095087986275,3,8,3,0.8992972444801055,-3,-3,0,-6,-6,0,6,0,0,-6,-6,0,Left,2.756600000023842
35,R_8pQnbYPPeamBQ2J,61,f,1,1,2515.699999988079,On campus concealed carry,Tuition increases,1,1,2,6,1,0.48223185573570876,-3,6,2,-1.603095087986275,2,-3,5,5,0,5,0,5,-5,5,0,0,Left,2.515699999988079
35,R_8pQnbYPPeamBQ2J,62,j,2,0,3763.099999964237,Mandatory vaccinations,Mandatory training on sexual consent,-1,1,3,8,2,0.8992972444801055,3,8,2,0.8992972444801055,-3,3,6,0,0,6,0,-6,6,0,0,1,Right,3.763099999964237
35,R_8pQnbYPPeamBQ2J,63,f,1,1,1768.3999999761581,Abolishing private prisons,Hardening schools/Arming teachers,1,1,3,8,2,0.8992972444801055,-3,7,1,-1.603095087986275,3,-3,6,6,1,6,1,6,-6,6,1,0,Left,1.7683999999761582
35,R_8pQnbYPPeamBQ2J,64,f,1,1,1685.0999999642372,Tuition increases,Mandatory trigger warnings,-1,1,-3,6,2,-1.603095087986275,0,2,1,-0.3518989217530848,3,0,3,-3,4,3,4,3,-3,-3,4,0,Left,1.6850999999642373
35,R_8pQnbYPPeamBQ2J,65,f,1,1,4252.299999952316,University Campus should be a Sanctuary,Stop police brutality,1,-1,1,4,1,0.065166466991312,3,8,3,0.8992972444801055,1,-3,4,-2,-4,4,4,4,-4,-2,-4,0,Left,4.252299999952316
35,R_8pQnbYPPeamBQ2J,66,f,1,1,2487,U.S. drone strikes in Afghanistan,Hardening schools/Arming teachers,-1,1,2,4,1,0.48223185573570876,-3,7,1,-1.603095087986275,-2,-3,1,5,-3,1,3,1,-1,5,-3,0,Left,2.487
35,R_8pQnbYPPeamBQ2J,67,j,2,0,1293.5,Hardening schools/Arming teachers,Black Lives Matter,-1,1,-3,7,1,-1.603095087986275,2,6,2,0.48223185573570876,3,2,-1,5,-1,1,1,1,-1,-5,1,1,Right,1.2935
35,R_8pQnbYPPeamBQ2J,68,f,1,1,2668,Religious exemptions for discrimination laws,Hardening schools/Arming teachers,-1,1,0,0,1,-0.3518989217530848,-3,7,1,-1.603095087986275,-0,-3,3,3,-7,3,7,3,-3,3,-7,0,Left,2.668
35,R_8pQnbYPPeamBQ2J,69,j,2,0,2317.100000023842,Ban on research with animals,Hardening schools/Arming teachers,-1,-1,0,4,1,-0.3518989217530848,-3,7,1,-1.603095087986275,-0,3,3,-3,3,3,3,-3,3,3,-3,1,Right,2.3171000000238418
35,R_8pQnbYPPeamBQ2J,70,f,1,1,2176.099999964237,Allow alt-right speakers on campus,Tuition increases,-1,1,-3,8,1,-1.603095087986275,-3,6,2,-1.603095087986275,3,-3,6,0,2,6,2,6,-6,0,2,0,Left,2.1760999999642374
35,R_8pQnbYPPeamBQ2J,71,f,1,1,2186.100000023842,Lift COVID lockdowns,Gun-free campus police,-1,1,-3,8,1,-1.603095087986275,2,6,1,0.48223185573570876,3,2,1,-5,2,1,2,1,-1,-5,2,0,Left,2.186100000023842
35,R_8pQnbYPPeamBQ2J,72,f,1,1,1408.9000000357628,University Campus should be a Sanctuary,Hardening schools/Arming teachers,1,1,1,4,1,0.065166466991312,-3,7,1,-1.603095087986275,1,-3,4,4,-3,4,3,4,-4,4,-3,0,Left,1.4089000000357628
35,R_8pQnbYPPeamBQ2J,73,j,2,0,1944.9000000357628,Raise the minimum wage,Gun-free campus police,-1,1,3,8,3,0.8992972444801055,2,6,1,0.48223185573570876,-3,2,5,-1,-2,5,2,-5,5,1,2,1,Right,1.9449000000357628
35,R_8pQnbYPPeamBQ2J,74,j,2,0,1179.300000011921,U.S. drone strikes in Afghanistan,Tuition increases,1,-1,2,4,1,0.48223185573570876,-3,6,2,-1.603095087986275,2,3,1,-5,2,1,2,-1,1,5,-2,1,Right,1.179300000011921
35,R_8pQnbYPPeamBQ2J,75,j,2,0,1577.699999988079,University Campus should be a Sanctuary,Hardening schools/Arming teachers,1,-1,1,4,1,0.065166466991312,-3,7,1,-1.603095087986275,1,3,2,-4,3,2,3,-2,2,4,-3,1,Right,1.577699999988079
35,R_8pQnbYPPeamBQ2J,76,j,2,0,2997.300000011921,Hardening schools/Arming teachers,On campus concealed carry,1,1,-3,7,1,-1.603095087986275,2,6,1,0.48223185573570876,-3,2,5,5,-1,5,1,-5,5,-5,1,1,Right,2.9973000000119208
35,R_8pQnbYPPeamBQ2J,77,j,2,0,2076.7000000476837,On campus concealed carry,Remove public Confederate memorials,-1,-1,2,6,1,0.48223185573570876,3,8,3,0.8992972444801055,-2,-3,-1,1,2,1,2,1,-1,-1,-2,1,Right,2.076700000047684
35,R_8pQnbYPPeamBQ2J,78,f,1,1,1692.800000011921,Remove police from schools,Tuition increases,1,1,-3,2,1,-1.603095087986275,-3,6,2,-1.603095087986275,-3,-3,0,0,-4,0,4,0,0,0,-4,0,Left,1.692800000011921
35,R_8pQnbYPPeamBQ2J,79,f,1,1,1360.699999988079,University Campus should be a Sanctuary,Tuition increases,-1,1,1,4,1,0.065166466991312,-3,6,2,-1.603095087986275,-1,-3,2,4,-2,2,2,2,-2,4,-2,0,Left,1.3606999999880791
35,R_8pQnbYPPeamBQ2J,80,f,1,1,2123.600000023842,Tuition increases,Black Lives Matter,1,-1,-3,6,2,-1.603095087986275,2,6,2,0.48223185573570876,-3,-2,-1,-5,0,1,0,-1,1,-5,0,0,Left,2.123600000023842
35,R_8pQnbYPPeamBQ2J,81,j,2,0,1730.8999999761581,Tuition increases,Remove police from schools,1,-1,-3,6,2,-1.603095087986275,-3,2,1,-1.603095087986275,-3,3,6,0,-4,6,4,-6,6,0,4,1,Right,1.730899999976158
35,R_8pQnbYPPeamBQ2J,82,f,1,1,1918.5,Hardening schools/Arming teachers,Abortion rights,-1,1,-3,7,1,-1.603095087986275,2,5,2,0.48223185573570876,3,2,1,-5,2,1,2,1,-1,-5,2,0,Left,1.9185
35,R_8pQnbYPPeamBQ2J,83,f,1,1,2028.800000011921,University Campus should be a Sanctuary,Mandatory vaccinations,-1,-1,1,4,1,0.065166466991312,3,8,2,0.8992972444801055,-1,-3,2,-2,-4,2,4,2,-2,-2,-4,0,Left,2.028800000011921
35,R_8pQnbYPPeamBQ2J,84,f,1,1,1461.4000000357628,University Campus should be a Sanctuary,Tuition increases,1,1,1,4,1,0.065166466991312,-3,6,2,-1.603095087986275,1,-3,4,4,-2,4,2,4,-4,4,-2,0,Left,1.4614000000357628
35,R_8pQnbYPPeamBQ2J,85,j,2,0,1337,Affirmative action,Tuition increases,-1,-1,1,3,2,0.065166466991312,-3,6,2,-1.603095087986275,-1,3,4,-4,3,4,3,-4,4,4,-3,1,Right,1.337
35,R_8pQnbYPPeamBQ2J,86,f,1,1,1507.8999999761581,Hardening schools/Arming teachers,Abortion rights,-1,-1,-3,7,1,-1.603095087986275,2,5,2,0.48223185573570876,3,-2,5,-5,2,5,2,5,-5,-5,2,0,Left,1.5078999999761582
35,R_8pQnbYPPeamBQ2J,87,j,2,0,3096.900000035763,Detention of migrant children,Dorms determined by gender identity,1,-1,-3,8,2,-1.603095087986275,0,2,1,-0.3518989217530848,-3,-0,3,3,-6,3,6,-3,3,-3,6,1,Right,3.0969000000357627
35,R_8pQnbYPPeamBQ2J,88,j,2,0,1617.300000011921,U.S. drone strikes in Afghanistan,Mask mandates,1,1,2,4,1,0.48223185573570876,3,8,3,0.8992972444801055,2,3,1,1,4,1,4,-1,1,-1,-4,1,Right,1.6173000000119209
35,R_8pQnbYPPeamBQ2J,89,j,2,0,1030.0999999642372,Tuition increases,Stop police brutality,1,-1,-3,6,2,-1.603095087986275,3,8,3,0.8992972444801055,-3,-3,0,6,2,0,2,0,0,-6,-2,1,Right,1.0300999999642373
35,R_8pQnbYPPeamBQ2J,90,j,2,0,2478,Increased Gun regulations,Abortion rights,-1,1,3,8,2,0.8992972444801055,2,5,2,0.48223185573570876,-3,2,5,-1,-3,5,3,-5,5,1,3,1,Right,2.478
35,R_8pQnbYPPeamBQ2J,91,j,2,0,1851.699999988079,Hardening schools/Arming teachers,Mandatory drug tests for welfare recipients,1,1,-3,7,1,-1.603095087986275,-3,8,2,-1.603095087986275,-3,-3,0,0,1,0,1,0,0,0,-1,1,Right,1.851699999988079
35,R_8pQnbYPPeamBQ2J,92,j,2,0,1602.3999999761581,Tuition increases,Abortion rights,1,1,-3,6,2,-1.603095087986275,2,5,2,0.48223185573570876,-3,2,5,5,-1,5,1,-5,5,-5,1,1,Right,1.6023999999761582
35,R_8pQnbYPPeamBQ2J,93,j,2,0,1921.300000011921,Mandatory trigger warnings,Hardening schools/Arming teachers,-1,-1,0,2,1,-0.3518989217530848,-3,7,1,-1.603095087986275,-0,3,3,-3,5,3,5,-3,3,3,-5,1,Right,1.921300000011921
35,R_8pQnbYPPeamBQ2J,94,j,2,0,4933.300000011921,Hardening schools/Arming teachers,Remove police from schools,1,1,-3,7,1,-1.603095087986275,-3,2,1,-1.603095087986275,-3,-3,0,0,-5,0,5,0,0,0,5,1,Right,4.933300000011921
35,R_8pQnbYPPeamBQ2J,95,f,1,1,1932.6000000238419,Remove police from schools,Hardening schools/Arming teachers,-1,1,-3,2,1,-1.603095087986275,-3,7,1,-1.603095087986275,3,-3,6,0,-5,6,5,6,-6,0,-5,0,Left,1.932600000023842
35,R_8pQnbYPPeamBQ2J,96,j,2,0,3108.699999988079,Hardening schools/Arming teachers,Defund the police,-1,1,-3,7,1,-1.603095087986275,3,8,3,0.8992972444801055,3,3,0,6,1,0,1,0,0,-6,-1,1,Right,3.108699999988079
35,R_8pQnbYPPeamBQ2J,97,f,1,1,2359.800000011921,Mandatory drug tests for welfare recipients,University Campus should be a Sanctuary,-1,-1,-3,8,2,-1.603095087986275,1,4,1,0.065166466991312,3,-1,4,-4,4,4,4,4,-4,-4,4,0,Left,2.359800000011921
35,R_8pQnbYPPeamBQ2J,98,f,1,1,1857.1000000238419,Affirmative action,Hardening schools/Arming teachers,1,1,1,3,2,0.065166466991312,-3,7,1,-1.603095087986275,1,-3,4,4,-4,4,4,4,-4,4,-4,0,Left,1.8571000000238418
35,R_8pQnbYPPeamBQ2J,99,f,1,1,838.8000000119209,Hardening schools/Arming teachers,University Campus should be a Sanctuary,-1,-1,-3,7,1,-1.603095087986275,1,4,1,0.065166466991312,3,-1,4,-4,3,4,3,4,-4,-4,3,0,Left,0.8388000000119209
35,R_8pQnbYPPeamBQ2J,100,j,2,0,1184.5999999642372,Allow alt-right speakers on campus,Affirmative action,1,1,-3,8,1,-1.603095087986275,1,3,2,0.065166466991312,-3,1,4,4,-5,4,5,-4,4,-4,5,1,Right,1.1845999999642371
44,R_XuqSDM9IDdpxvhL,1,j,2,0,12851.200000047684,Mandatory vaccinations,Mandatory training on sexual consent,-1,-1,3,7,4,0.9596893642797127,3,8,2,0.9596893642797127,-3,-3,0,0,1,0,1,0,0,0,-1,1,Right,12.851200000047683
44,R_XuqSDM9IDdpxvhL,2,j,2,0,11098.899999976158,Mandatory trigger warnings,Mandatory vaccinations,-1,1,2,8,2,0.5466584986403428,3,7,4,0.9596893642797127,-2,3,5,1,-1,5,1,-5,5,-1,1,1,Right,11.098899999976158
44,R_XuqSDM9IDdpxvhL,3,j,2,0,10570.5,Abortion rights,Mandatory drug tests for welfare recipients,-1,1,3,8,4,0.9596893642797127,-2,5,2,-1.1054649639171374,-3,-2,1,-5,-3,1,3,-1,1,5,3,1,Right,10.5705
44,R_XuqSDM9IDdpxvhL,4,f,1,1,7262.800000071526,Black Lives Matter,Defund the police,1,-1,1,6,2,0.13362763300097275,-3,7,4,-1.5184958295565074,1,3,-2,4,-1,2,1,-2,2,4,-1,0,Left,7.262800000071525
44,R_XuqSDM9IDdpxvhL,5,j,2,0,7665.199999928474,Defund Planned Parenthood,Dorms determined by gender identity,1,1,-3,8,2,-1.5184958295565074,-3,2,1,-1.5184958295565074,-3,-3,0,0,-6,0,6,0,0,0,6,1,Right,7.665199999928475
44,R_XuqSDM9IDdpxvhL,6,f,1,1,5533,Mandatory vaccinations,Tuition increases,1,-1,3,7,4,0.9596893642797127,-3,4,2,-1.5184958295565074,3,3,0,6,3,0,3,0,0,6,3,0,Left,5.533
44,R_XuqSDM9IDdpxvhL,7,f,1,1,6546.100000023842,University Campus should be a Sanctuary,Defund the police,1,-1,-1,3,1,-0.6924340982777674,-3,7,4,-1.5184958295565074,-1,3,-4,2,-4,4,4,-4,4,2,-4,0,Left,6.546100000023842
44,R_XuqSDM9IDdpxvhL,8,f,1,1,3976.6999999284744,Abolishing private prisons,Defund the police,1,-1,2,4,2,0.5466584986403428,-3,7,4,-1.5184958295565074,2,3,-1,5,-3,1,3,-1,1,5,-3,0,Left,3.9766999999284742
44,R_XuqSDM9IDdpxvhL,9,f,1,1,5657.899999976158,Legalization of marijuana,Safe injection locations,1,1,3,7,4,0.9596893642797127,2,7,1,0.5466584986403428,3,2,1,1,0,1,0,1,-1,1,0,0,Left,5.657899999976158
44,R_XuqSDM9IDdpxvhL,10,f,1,1,4025.5999999046326,Mandatory vaccinations,Build southern border wall,1,-1,3,7,4,0.9596893642797127,3,4,4,0.9596893642797127,3,-3,6,0,3,6,3,6,-6,0,3,0,Left,4.025599999904633
44,R_XuqSDM9IDdpxvhL,11,f,1,1,3434.100000023842,Mandatory vaccinations,Student worker unionization,1,1,3,7,4,0.9596893642797127,2,8,1,0.5466584986403428,3,2,1,1,-1,1,1,1,-1,1,-1,0,Left,3.4341000000238417
44,R_XuqSDM9IDdpxvhL,12,j,2,0,6002.699999928474,Cuts to National Parks budget,Abolishing private prisons,1,1,-3,7,2,-1.5184958295565074,2,4,2,0.5466584986403428,-3,2,5,5,-3,5,3,-5,5,-5,3,1,Right,6.002699999928474
44,R_XuqSDM9IDdpxvhL,13,f,1,1,5344.100000023842,Stop police brutality,Student worker unionization,1,1,3,8,4,0.9596893642797127,2,8,1,0.5466584986403428,3,2,1,1,0,1,0,1,-1,1,0,0,Left,5.3441000000238414
44,R_XuqSDM9IDdpxvhL,14,f,1,1,5054.299999952316,Remove public Confederate memorials,Black Lives Matter,-1,1,3,8,4,0.9596893642797127,1,6,2,0.13362763300097275,-3,1,-4,2,2,4,2,-4,4,2,2,0,Left,5.054299999952316
44,R_XuqSDM9IDdpxvhL,15,j,2,0,2260.5,Dorms determined by gender identity,Mandatory vaccinations,-1,1,-3,2,1,-1.5184958295565074,3,7,4,0.9596893642797127,3,3,0,6,5,0,5,0,0,-6,-5,1,Right,2.2605
44,R_XuqSDM9IDdpxvhL,16,j,2,0,4991,Mask mandates,Mandatory vaccinations,-1,1,3,6,4,0.9596893642797127,3,7,4,0.9596893642797127,-3,3,6,0,1,6,1,-6,6,0,-1,1,Right,4.991
44,R_XuqSDM9IDdpxvhL,17,j,2,0,8372.700000047684,Abolishing private prisons,Religious exemptions for discrimination laws,1,-1,2,4,2,0.5466584986403428,-3,8,2,-1.5184958295565074,2,3,1,-5,4,1,4,-1,1,5,-4,1,Right,8.372700000047685
44,R_XuqSDM9IDdpxvhL,18,j,2,0,4766.400000095367,Mandatory vaccinations,Increased Gun regulations,-1,-1,3,7,4,0.9596893642797127,3,5,4,0.9596893642797127,-3,-3,0,0,-2,0,2,0,0,0,2,1,Right,4.766400000095367
44,R_XuqSDM9IDdpxvhL,19,j,2,0,6578.899999976158,Defund the police,Dorms determined by gender identity,-1,1,-3,7,4,-1.5184958295565074,-3,2,1,-1.5184958295565074,3,-3,-6,0,-5,6,5,6,-6,0,5,1,Right,6.578899999976158
44,R_XuqSDM9IDdpxvhL,20,f,1,1,13254.5,Mandatory drug tests for welfare recipients,Stop police brutality,-1,-1,-2,5,2,-1.1054649639171374,3,8,4,0.9596893642797127,2,-3,5,-5,-3,5,3,5,-5,-5,-3,0,Left,13.2545
44,R_XuqSDM9IDdpxvhL,21,j,2,0,5380.800000071526,Mandatory vaccinations,Mandatory trigger warnings,-1,-1,3,7,4,0.9596893642797127,2,8,2,0.5466584986403428,-3,-2,1,-1,1,1,1,-1,1,1,-1,1,Right,5.380800000071526
44,R_XuqSDM9IDdpxvhL,22,j,2,0,5698.699999928474,Allow alt-right speakers on campus,Mandatory training on sexual consent,-1,1,1,1,1,0.13362763300097275,3,8,2,0.9596893642797127,-1,3,4,2,7,4,7,-4,4,-2,-7,1,Right,5.698699999928475
44,R_XuqSDM9IDdpxvhL,23,j,2,0,8279.600000023842,Detention of migrant children,Recognize Jerusalem as capital of Israel,1,-1,-3,8,2,-1.5184958295565074,1,1,1,0.13362763300097275,-3,-1,2,4,-7,2,7,-2,2,-4,7,1,Right,8.279600000023843
44,R_XuqSDM9IDdpxvhL,24,j,2,0,4850.300000071526,Defund Planned Parenthood,Student worker unionization,1,1,-3,8,2,-1.5184958295565074,2,8,1,0.5466584986403428,-3,2,5,5,0,5,0,-5,5,-5,0,1,Right,4.850300000071526
44,R_XuqSDM9IDdpxvhL,25,f,1,1,3651.600000023842,Mandatory training on sexual consent,Dorms determined by gender identity,1,-1,3,8,2,0.9596893642797127,-3,2,1,-1.5184958295565074,3,3,0,6,6,0,6,0,0,6,6,0,Left,3.651600000023842
44,R_XuqSDM9IDdpxvhL,26,j,2,0,11194.899999976158,Mandatory vaccinations,Mask mandates,-1,-1,3,7,4,0.9596893642797127,3,6,4,0.9596893642797127,-3,-3,0,0,-1,0,1,0,0,0,1,1,Right,11.194899999976158
44,R_XuqSDM9IDdpxvhL,27,j,2,0,9278.899999976158,Defund the police,Build southern border wall,1,-1,-3,7,4,-1.5184958295565074,3,4,4,0.9596893642797127,-3,-3,0,6,-3,0,3,0,0,-6,3,1,Right,9.278899999976158
44,R_XuqSDM9IDdpxvhL,28,f,1,1,13236.699999928474,Mandatory drug tests for welfare recipients,Legalization of marijuana,-1,-1,-2,5,2,-1.1054649639171374,3,7,4,0.9596893642797127,2,-3,5,-5,-2,5,2,5,-5,-5,-2,0,Left,13.236699999928474
44,R_XuqSDM9IDdpxvhL,29,f,1,1,6397.899999976158,Safe injection locations,Detention of migrant children,1,-1,2,7,1,0.5466584986403428,-3,8,2,-1.5184958295565074,2,3,-1,5,-1,1,1,-1,1,5,-1,0,Left,6.3978999999761585
44,R_XuqSDM9IDdpxvhL,30,f,1,1,8206.899999976158,Abortion rights,Increased Gun regulations,1,-1,3,8,4,0.9596893642797127,3,5,4,0.9596893642797127,3,-3,6,0,3,6,3,6,-6,0,3,0,Left,8.206899999976159
44,R_XuqSDM9IDdpxvhL,31,f,1,1,4484.700000047684,Affirmative action,"Boycott, Divest, and Sanction Israel",1,1,3,8,4,0.9596893642797127,1,8,2,0.13362763300097275,3,1,2,2,0,2,0,2,-2,2,0,0,Left,4.484700000047684
44,R_XuqSDM9IDdpxvhL,32,j,2,0,7861.400000095367,Religious exemptions for discrimination laws,Remove Christopher Columbus statues,1,-1,-3,8,2,-1.5184958295565074,-1,2,1,-0.6924340982777674,-3,1,4,2,-6,4,6,-4,4,-2,6,1,Right,7.861400000095367
44,R_XuqSDM9IDdpxvhL,33,j,2,0,2602,Safe injection locations,Mandatory vaccinations,-1,1,2,7,1,0.5466584986403428,3,7,4,0.9596893642797127,-2,3,5,1,0,5,0,-5,5,-1,0,1,Right,2.602
44,R_XuqSDM9IDdpxvhL,34,j,2,0,4067.3000000715256,"Boycott, Divest, and Sanction Israel",Affirmative action,-1,1,1,8,2,0.13362763300097275,3,8,4,0.9596893642797127,-1,3,4,2,0,4,0,-4,4,-2,0,1,Right,4.067300000071525
44,R_XuqSDM9IDdpxvhL,35,j,2,0,8269.5,Mandatory training on sexual consent,University Campus should be a Sanctuary,-1,1,3,8,2,0.9596893642797127,-1,3,1,-0.6924340982777674,-3,-1,2,-4,-5,2,5,-2,2,4,5,1,Right,8.2695
44,R_XuqSDM9IDdpxvhL,36,j,2,0,3784.100000023842,Defund the police,Safe injection locations,1,1,-3,7,4,-1.5184958295565074,2,7,1,0.5466584986403428,-3,2,5,5,0,5,0,-5,5,-5,0,1,Right,3.784100000023842
44,R_XuqSDM9IDdpxvhL,37,f,1,1,5680.099999904633,Climate change legislation,Cuts to National Parks budget,1,1,3,8,4,0.9596893642797127,-3,7,2,-1.5184958295565074,3,-3,6,6,1,6,1,6,-6,6,1,0,Left,5.680099999904632
44,R_XuqSDM9IDdpxvhL,38,f,1,1,7062.200000047684,Legalization of marijuana,Detention of migrant children,1,-1,3,7,4,0.9596893642797127,-3,8,2,-1.5184958295565074,3,3,0,6,-1,0,1,0,0,6,-1,0,Left,7.0622000000476834
44,R_XuqSDM9IDdpxvhL,39,f,1,1,3673,Mandatory vaccinations,U.S. drone strikes in Afghanistan,1,-1,3,7,4,0.9596893642797127,1,2,3,0.13362763300097275,3,-1,4,2,5,4,5,4,-4,2,5,0,Left,3.673
44,R_XuqSDM9IDdpxvhL,40,j,2,0,4556.899999976158,Raise the minimum wage,Mask mandates,-1,1,3,8,4,0.9596893642797127,3,6,4,0.9596893642797127,-3,3,6,0,-2,6,2,-6,6,0,2,1,Right,4.556899999976158
44,R_XuqSDM9IDdpxvhL,41,j,2,0,10453.600000023842,Abolishing private prisons,Remove public Confederate memorials,-1,1,2,4,2,0.5466584986403428,3,8,4,0.9596893642797127,-2,3,5,1,4,5,4,-5,5,-1,-4,1,Right,10.453600000023842
44,R_XuqSDM9IDdpxvhL,42,j,2,0,3212.8000000715256,Abolishing private prisons,Legalization of marijuana,-1,1,2,4,2,0.5466584986403428,3,7,4,0.9596893642797127,-2,3,5,1,3,5,3,-5,5,-1,-3,1,Right,3.2128000000715256
44,R_XuqSDM9IDdpxvhL,43,f,1,1,2718.2000000476837,Climate change legislation,Mask mandates,1,-1,3,8,4,0.9596893642797127,3,6,4,0.9596893642797127,3,-3,6,0,2,6,2,6,-6,0,2,0,Left,2.7182000000476836
44,R_XuqSDM9IDdpxvhL,44,f,1,1,3163.100000023842,Mask mandates,Defund the police,1,1,3,6,4,0.9596893642797127,-3,7,4,-1.5184958295565074,3,-3,6,6,-1,6,1,6,-6,6,-1,0,Left,3.163100000023842
44,R_XuqSDM9IDdpxvhL,45,f,1,1,2681.600000023842,Mandatory vaccinations,"Boycott, Divest, and Sanction Israel",1,-1,3,7,4,0.9596893642797127,1,8,2,0.13362763300097275,3,-1,4,2,-1,4,1,4,-4,2,-1,0,Left,2.681600000023842
44,R_XuqSDM9IDdpxvhL,46,j,2,0,4724,Legalization of marijuana,Mask mandates,1,1,3,7,4,0.9596893642797127,3,6,4,0.9596893642797127,3,3,0,0,-1,0,1,0,0,0,1,1,Right,4.724
44,R_XuqSDM9IDdpxvhL,47,j,2,0,3193.4000000953674,Build southern border wall,Affirmative action,1,1,3,4,4,0.9596893642797127,3,8,4,0.9596893642797127,3,3,0,0,4,0,4,0,0,0,-4,1,Right,3.1934000000953673
44,R_XuqSDM9IDdpxvhL,48,f,1,1,4124.5,Increased Gun regulations,Cuts to National Parks budget,1,-1,3,5,4,0.9596893642797127,-3,7,2,-1.5184958295565074,3,3,0,6,-2,0,2,0,0,6,-2,0,Left,4.1245
44,R_XuqSDM9IDdpxvhL,49,j,2,0,5447.299999952316,Safe injection locations,Stop police brutality,-1,-1,2,7,1,0.5466584986403428,3,8,4,0.9596893642797127,-2,-3,-1,1,1,1,1,1,-1,-1,-1,1,Right,5.447299999952317
44,R_XuqSDM9IDdpxvhL,50,f,1,1,4165.199999928474,Mandatory vaccinations,Cuts to National Parks budget,1,1,3,7,4,0.9596893642797127,-3,7,2,-1.5184958295565074,3,-3,6,6,0,6,0,6,-6,6,0,0,Left,4.165199999928475
44,R_XuqSDM9IDdpxvhL,51,j,2,0,4875,U.S. drone strikes in Afghanistan,Legalization of marijuana,1,1,1,2,3,0.13362763300097275,3,7,4,0.9596893642797127,1,3,2,2,5,2,5,-2,2,-2,-5,1,Right,4.875
44,R_XuqSDM9IDdpxvhL,52,j,2,0,3906.899999976158,Safe injection locations,Mandatory training on sexual consent,-1,1,2,7,1,0.5466584986403428,3,8,2,0.9596893642797127,-2,3,5,1,1,5,1,-5,5,-1,-1,1,Right,3.906899999976158
44,R_XuqSDM9IDdpxvhL,53,j,2,0,5324.100000023842,Affirmative action,"Boycott, Divest, and Sanction Israel",-1,1,3,8,4,0.9596893642797127,1,8,2,0.13362763300097275,-3,1,4,-2,0,4,0,-4,4,2,0,1,Right,5.324100000023842
44,R_XuqSDM9IDdpxvhL,54,j,2,0,4956.600000023842,Abortion rights,Cuts to National Parks budget,-1,-1,3,8,4,0.9596893642797127,-3,7,2,-1.5184958295565074,-3,3,6,-6,-1,6,1,-6,6,6,1,1,Right,4.956600000023842
44,R_XuqSDM9IDdpxvhL,55,j,2,0,12115.199999928474,Detention of migrant children,Mandatory drug tests for welfare recipients,-1,-1,-3,8,2,-1.5184958295565074,-2,5,2,-1.1054649639171374,3,2,-1,1,-3,1,3,1,-1,-1,3,1,Right,12.115199999928475
44,R_XuqSDM9IDdpxvhL,56,f,1,1,7775.099999904633,Cuts to National Parks budget,Recognize Jerusalem as capital of Israel,-1,1,-3,7,2,-1.5184958295565074,1,1,1,0.13362763300097275,3,1,2,-4,6,2,6,2,-2,-4,6,0,Left,7.775099999904633
44,R_XuqSDM9IDdpxvhL,57,j,2,0,2322.3000000715256,University Campus should be a Sanctuary,Legalization of marijuana,-1,1,-1,3,1,-0.6924340982777674,3,7,4,0.9596893642797127,1,3,2,4,4,2,4,-2,2,-4,-4,1,Right,2.3223000000715257
44,R_XuqSDM9IDdpxvhL,58,j,2,0,2472,Mandatory trigger warnings,Climate change legislation,-1,1,2,8,2,0.5466584986403428,3,8,4,0.9596893642797127,-2,3,5,1,0,5,0,-5,5,-1,0,1,Right,2.472
44,R_XuqSDM9IDdpxvhL,59,j,2,0,2658,Gun-free campus police,Affirmative action,-1,1,1,3,1,0.13362763300097275,3,8,4,0.9596893642797127,-1,3,4,2,5,4,5,-4,4,-2,-5,1,Right,2.658
44,R_XuqSDM9IDdpxvhL,60,f,1,1,6933.900000095367,"Boycott, Divest, and Sanction Israel",Climate change legislation,-1,-1,1,8,2,0.13362763300097275,3,8,4,0.9596893642797127,-1,-3,2,-2,0,2,0,2,-2,-2,0,0,Left,6.933900000095368
44,R_XuqSDM9IDdpxvhL,61,f,1,1,3271.1999999284744,Raise the minimum wage,Gun-free campus police,1,1,3,8,4,0.9596893642797127,1,3,1,0.13362763300097275,3,1,2,2,5,2,5,2,-2,2,5,0,Left,3.2711999999284744
44,R_XuqSDM9IDdpxvhL,62,j,2,0,2329.7999999523163,Mandatory drug tests for welfare recipients,Legalization of marijuana,1,1,-2,5,2,-1.1054649639171374,3,7,4,0.9596893642797127,-2,3,5,5,2,5,2,-5,5,-5,-2,1,Right,2.3297999999523165
44,R_XuqSDM9IDdpxvhL,63,j,2,0,11241.600000023842,Dorms determined by gender identity,Detention of migrant children,1,-1,-3,2,1,-1.5184958295565074,-3,8,2,-1.5184958295565074,-3,3,6,0,6,6,6,-6,6,0,-6,1,Right,11.241600000023842
44,R_XuqSDM9IDdpxvhL,64,f,1,1,4438.900000095367,Increased Gun regulations,Abortion rights,-1,-1,3,5,4,0.9596893642797127,3,8,4,0.9596893642797127,-3,-3,0,0,-3,0,3,0,0,0,-3,0,Left,4.438900000095368
44,R_XuqSDM9IDdpxvhL,65,f,1,1,5136.100000023842,Dorms determined by gender identity,Mandatory vaccinations,1,-1,-3,2,1,-1.5184958295565074,3,7,4,0.9596893642797127,-3,-3,0,-6,-5,0,5,0,0,-6,-5,0,Left,5.136100000023842
44,R_XuqSDM9IDdpxvhL,66,f,1,1,9744.799999952316,War on Drugs,Black Lives Matter,-1,1,-3,8,4,-1.5184958295565074,1,6,2,0.13362763300097275,3,1,2,-4,2,2,2,2,-2,-4,2,0,Left,9.744799999952317
44,R_XuqSDM9IDdpxvhL,67,f,1,1,4212.899999976158,"Boycott, Divest, and Sanction Israel",Defund the police,1,-1,1,8,2,0.13362763300097275,-3,7,4,-1.5184958295565074,1,3,-2,4,1,2,1,-2,2,4,1,0,Left,4.212899999976158
44,R_XuqSDM9IDdpxvhL,68,j,2,0,9504.100000023842,Increased Gun regulations,Cuts to National Parks budget,-1,-1,3,5,4,0.9596893642797127,-3,7,2,-1.5184958295565074,-3,3,6,-6,2,6,2,-6,6,6,-2,1,Right,9.504100000023842
44,R_XuqSDM9IDdpxvhL,69,j,2,0,7230.399999976158,Tuition increases,Defund Planned Parenthood,1,-1,-3,4,2,-1.5184958295565074,-3,8,2,-1.5184958295565074,-3,3,6,0,4,6,4,-6,6,0,-4,1,Right,7.230399999976158
44,R_XuqSDM9IDdpxvhL,70,f,1,1,3625.7999999523163,Raise the minimum wage,Mandatory drug tests for welfare recipients,1,1,3,8,4,0.9596893642797127,-2,5,2,-1.1054649639171374,3,-2,5,5,3,5,3,5,-5,5,3,0,Left,3.6257999999523163
44,R_XuqSDM9IDdpxvhL,71,f,1,1,7926.600000023842,Mandatory drug tests for welfare recipients,Cuts to National Parks budget,-1,-1,-2,5,2,-1.1054649639171374,-3,7,2,-1.5184958295565074,2,3,-1,1,-2,1,2,-1,1,1,-2,0,Left,7.926600000023842
44,R_XuqSDM9IDdpxvhL,72,f,1,1,6065.299999952316,Safe injection locations,Mandatory vaccinations,-1,-1,2,7,1,0.5466584986403428,3,7,4,0.9596893642797127,-2,-3,1,-1,0,1,0,1,-1,-1,0,0,Left,6.065299999952316
44,R_XuqSDM9IDdpxvhL,73,f,1,1,10426.5,Abolishing private prisons,Cuts to National Parks budget,-1,1,2,4,2,0.5466584986403428,-3,7,2,-1.5184958295565074,-2,-3,1,5,-3,1,3,1,-1,5,-3,0,Left,10.4265
44,R_XuqSDM9IDdpxvhL,74,j,2,0,2776.600000023842,Black Lives Matter,Mandatory vaccinations,-1,1,1,6,2,0.13362763300097275,3,7,4,0.9596893642797127,-1,3,4,2,1,4,1,-4,4,-2,-1,1,Right,2.776600000023842
44,R_XuqSDM9IDdpxvhL,75,j,2,0,2514,Mandatory vaccinations,Increased Gun regulations,-1,1,3,7,4,0.9596893642797127,3,5,4,0.9596893642797127,-3,3,6,0,-2,6,2,-6,6,0,2,1,Right,2.514
44,R_XuqSDM9IDdpxvhL,76,j,2,0,3097.8000000715256,Climate change legislation,Build southern border wall,-1,1,3,8,4,0.9596893642797127,3,4,4,0.9596893642797127,-3,3,6,0,-4,6,4,-6,6,0,4,1,Right,3.097800000071526
44,R_XuqSDM9IDdpxvhL,77,j,2,0,3055.2999999523163,Remove public Confederate memorials,Raise the minimum wage,-1,1,3,8,4,0.9596893642797127,3,8,4,0.9596893642797127,-3,3,6,0,0,6,0,-6,6,0,0,1,Right,3.0552999999523163
44,R_XuqSDM9IDdpxvhL,78,f,1,1,6201.199999928474,Recognize Jerusalem as capital of Israel,Mandatory training on sexual consent,1,-1,1,1,1,0.13362763300097275,3,8,2,0.9596893642797127,1,-3,4,-2,-7,4,7,4,-4,-2,-7,0,Left,6.201199999928474
44,R_XuqSDM9IDdpxvhL,79,j,2,0,2859.6999999284744,Black Lives Matter,Raise the minimum wage,-1,1,1,6,2,0.13362763300097275,3,8,4,0.9596893642797127,-1,3,4,2,2,4,2,-4,4,-2,-2,1,Right,2.8596999999284742
44,R_XuqSDM9IDdpxvhL,80,f,1,1,5965.200000047684,Abolishing private prisons,Climate change legislation,1,-1,2,4,2,0.5466584986403428,3,8,4,0.9596893642797127,2,-3,5,-1,-4,5,4,5,-5,-1,-4,0,Left,5.965200000047684
44,R_XuqSDM9IDdpxvhL,81,j,2,0,7103.699999928474,War on Drugs,Allow alt-right speakers on campus,-1,1,-3,8,4,-1.5184958295565074,1,1,1,0.13362763300097275,3,1,-2,4,-7,2,7,2,-2,-4,7,1,Right,7.103699999928474
44,R_XuqSDM9IDdpxvhL,82,j,2,0,2897.8000000715256,War on Drugs,Mask mandates,-1,1,-3,8,4,-1.5184958295565074,3,6,4,0.9596893642797127,3,3,0,6,-2,0,2,0,0,-6,2,1,Right,2.8978000000715256
44,R_XuqSDM9IDdpxvhL,83,f,1,1,7479.199999928474,Student worker unionization,Stop police brutality,-1,-1,2,8,1,0.5466584986403428,3,8,4,0.9596893642797127,-2,-3,1,-1,0,1,0,1,-1,-1,0,0,Left,7.479199999928475
44,R_XuqSDM9IDdpxvhL,84,j,2,0,3112.3000000715256,Affirmative action,Safe injection locations,-1,1,3,8,4,0.9596893642797127,2,7,1,0.5466584986403428,-3,2,5,-1,-1,5,1,-5,5,1,1,1,Right,3.1123000000715257
44,R_XuqSDM9IDdpxvhL,85,f,1,1,5363.199999928474,Mandatory drug tests for welfare recipients,Cuts to National Parks budget,1,1,-2,5,2,-1.1054649639171374,-3,7,2,-1.5184958295565074,-2,-3,1,1,-2,1,2,1,-1,1,-2,0,Left,5.363199999928474
44,R_XuqSDM9IDdpxvhL,86,f,1,1,5298.199999928474,Tuition increases,Cuts to National Parks budget,-1,1,-3,4,2,-1.5184958295565074,-3,7,2,-1.5184958295565074,3,-3,6,0,-3,6,3,6,-6,0,-3,0,Left,5.298199999928475
44,R_XuqSDM9IDdpxvhL,87,f,1,1,5454.100000023842,Dorms determined by gender identity,Religious exemptions for discrimination laws,-1,1,-3,2,1,-1.5184958295565074,-3,8,2,-1.5184958295565074,3,-3,6,0,-6,6,6,6,-6,0,-6,0,Left,5.454100000023842
44,R_XuqSDM9IDdpxvhL,88,j,2,0,6753.200000047684,Remove Christopher Columbus statues,Defund Planned Parenthood,1,-1,-1,2,1,-0.6924340982777674,-3,8,2,-1.5184958295565074,-1,3,4,-2,6,4,6,-4,4,2,-6,1,Right,6.753200000047683
44,R_XuqSDM9IDdpxvhL,89,f,1,1,6002.700000047684,Increased Gun regulations,Stop police brutality,1,-1,3,5,4,0.9596893642797127,3,8,4,0.9596893642797127,3,-3,6,0,-3,6,3,6,-6,0,-3,0,Left,6.002700000047684
44,R_XuqSDM9IDdpxvhL,90,f,1,1,6316.699999928474,Tuition increases,Climate change legislation,1,-1,-3,4,2,-1.5184958295565074,3,8,4,0.9596893642797127,-3,-3,0,-6,-4,0,4,0,0,-6,-4,0,Left,6.316699999928474
44,R_XuqSDM9IDdpxvhL,91,f,1,1,8213.199999928474,Remove public Confederate memorials,Abolishing private prisons,-1,-1,3,8,4,0.9596893642797127,2,4,2,0.5466584986403428,-3,-2,-1,1,4,1,4,-1,1,1,4,0,Left,8.213199999928474
44,R_XuqSDM9IDdpxvhL,92,j,2,0,9637.300000071526,Increased Gun regulations,Defund Planned Parenthood,1,-1,3,5,4,0.9596893642797127,-3,8,2,-1.5184958295565074,3,3,0,-6,3,0,3,0,0,6,-3,1,Right,9.637300000071525
44,R_XuqSDM9IDdpxvhL,93,f,1,1,5442,Mandatory training on sexual consent,Mask mandates,-1,-1,3,8,2,0.9596893642797127,3,6,4,0.9596893642797127,-3,-3,0,0,2,0,2,0,0,0,2,0,Left,5.442
44,R_XuqSDM9IDdpxvhL,94,f,1,1,4682,Recognize Jerusalem as capital of Israel,Defund the police,-1,-1,1,1,1,0.13362763300097275,-3,7,4,-1.5184958295565074,-1,3,-4,4,-6,4,6,-4,4,4,-6,0,Left,4.682
44,R_XuqSDM9IDdpxvhL,95,j,2,0,5746.100000023842,Legalization of marijuana,Dorms determined by gender identity,-1,-1,3,7,4,0.9596893642797127,-3,2,1,-1.5184958295565074,-3,3,6,-6,-5,6,5,-6,6,6,5,1,Right,5.746100000023842
44,R_XuqSDM9IDdpxvhL,96,f,1,1,8780.299999952316,U.S. drone strikes in Afghanistan,Raise the minimum wage,-1,-1,1,2,3,0.13362763300097275,3,8,4,0.9596893642797127,-1,-3,2,-2,-6,2,6,2,-2,-2,-6,0,Left,8.780299999952316
44,R_XuqSDM9IDdpxvhL,97,f,1,1,10484.399999976158,Religious exemptions for discrimination laws,Black Lives Matter,1,-1,-3,8,2,-1.5184958295565074,1,6,2,0.13362763300097275,-3,-1,-2,-4,2,2,2,-2,2,-4,2,0,Left,10.484399999976159
44,R_XuqSDM9IDdpxvhL,98,f,1,1,6229.399999976158,Gun-free campus police,Raise the minimum wage,1,-1,1,3,1,0.13362763300097275,3,8,4,0.9596893642797127,1,-3,4,-2,-5,4,5,4,-4,-2,-5,0,Left,6.229399999976158
44,R_XuqSDM9IDdpxvhL,99,j,2,0,4901.899999976158,Remove Christopher Columbus statues,Climate change legislation,-1,1,-1,2,1,-0.6924340982777674,3,8,4,0.9596893642797127,1,3,2,4,6,2,6,-2,2,-4,-6,1,Right,4.901899999976158
44,R_XuqSDM9IDdpxvhL,100,f,1,1,5257.700000047684,Student worker unionization,Mandatory vaccinations,1,-1,2,8,1,0.5466584986403428,3,7,4,0.9596893642797127,2,-3,5,-1,1,5,1,5,-5,-1,1,0,Left,5.2577000000476835
6,R_1nVYSEciL6sPzAO,1,j,2,0,5226,Abolishing private prisons,Ban on ethnic Halloween costumes,-1,-1,3,7,3,1.6834355419440914,-2,0,1,-0.7214723751188964,-3,2,5,-5,-7,5,7,-5,5,5,7,1,Right,5.226
6,R_1nVYSEciL6sPzAO,2,f,1,1,8938,U.S. drone strikes in Afghanistan,Abolishing private prisons,1,-1,-1,0,2,-0.24049079170629878,3,7,3,1.6834355419440914,-1,-3,2,-4,-7,2,7,2,-2,-4,-7,0,Left,8.938
6,R_1nVYSEciL6sPzAO,3,j,2,0,6295,Build southern border wall,Abolishing private prisons,-1,-1,2,0,4,1.202453958531494,3,7,3,1.6834355419440914,-2,-3,-1,1,7,1,7,1,-1,-1,-7,1,Right,6.295
6,R_1nVYSEciL6sPzAO,4,j,2,0,2669,Abolishing private prisons,Mandatory trigger warnings,-1,-1,3,7,3,1.6834355419440914,-3,0,2,-1.202453958531494,-3,3,6,-6,-7,6,7,-6,6,6,7,1,Right,2.669
6,R_1nVYSEciL6sPzAO,5,f,1,1,2259,Defund Planned Parenthood,Black Lives Matter,1,1,2,7,3,1.202453958531494,-3,4,3,-1.202453958531494,2,-3,5,5,3,5,3,5,-5,5,3,0,Left,2.259
6,R_1nVYSEciL6sPzAO,6,f,1,1,2476,Mandatory vaccinations,Affirmative action,-1,-1,-3,8,4,-1.202453958531494,-3,4,4,-1.202453958531494,3,3,0,0,4,0,4,0,0,0,4,0,Left,2.476
6,R_1nVYSEciL6sPzAO,7,j,2,0,2865,Recognize Jerusalem as capital of Israel,Abolishing private prisons,-1,1,0,0,3,0.24049079170629878,3,7,3,1.6834355419440914,-0,3,3,3,7,3,7,-3,3,-3,-7,1,Right,2.865
6,R_1nVYSEciL6sPzAO,8,f,1,1,3655,Abolishing private prisons,Stop police brutality,1,-1,3,7,3,1.6834355419440914,2,4,3,1.202453958531494,3,-2,5,1,3,5,3,5,-5,1,3,0,Left,3.655
6,R_1nVYSEciL6sPzAO,9,f,1,1,3490,Abolishing fraternities,Allow alt-right speakers on campus,1,-1,0,0,1,0.24049079170629878,3,8,3,1.6834355419440914,0,-3,3,-3,-8,3,8,3,-3,-3,-8,0,Left,3.49
6,R_1nVYSEciL6sPzAO,10,f,1,1,1956,Abolishing private prisons,Black Lives Matter,1,1,3,7,3,1.6834355419440914,-3,4,3,-1.202453958531494,3,-3,6,6,3,6,3,6,-6,6,3,0,Left,1.956
6,R_1nVYSEciL6sPzAO,11,j,2,0,2758,Raise the minimum wage,Abolishing private prisons,-1,1,-2,0,4,-0.7214723751188964,3,7,3,1.6834355419440914,2,3,1,5,7,1,7,-1,1,-5,-7,1,Right,2.758
6,R_1nVYSEciL6sPzAO,12,f,1,1,2787,Increased Gun regulations,Stop police brutality,-1,-1,-3,0,4,-1.202453958531494,2,4,3,1.202453958531494,3,-2,5,-5,-4,5,4,5,-5,-5,-4,0,Left,2.787
6,R_1nVYSEciL6sPzAO,13,f,1,1,5854,Abolishing private prisons,Expel students with white nationlist views,-1,1,3,7,3,1.6834355419440914,-3,8,1,-1.202453958531494,-3,-3,0,6,-1,0,1,0,0,6,-1,0,Left,5.854
6,R_1nVYSEciL6sPzAO,14,j,2,0,3075,Abolishing private prisons,U.S. drone strikes in Afghanistan,-1,-1,3,7,3,1.6834355419440914,-1,0,2,-0.24049079170629878,-3,1,4,-4,-7,4,7,-4,4,4,7,1,Right,3.075
6,R_1nVYSEciL6sPzAO,15,j,2,0,1774,Black Lives Matter,Black Lives Matter,1,-1,-3,4,3,-1.202453958531494,-3,4,3,-1.202453958531494,-3,3,6,0,0,6,0,-6,6,0,0,1,Right,1.774
6,R_1nVYSEciL6sPzAO,16,j,2,0,2839,Abolishing private prisons,Stop police brutality,-1,1,3,7,3,1.6834355419440914,2,4,3,1.202453958531494,-3,2,5,-1,-3,5,3,-5,5,1,3,1,Right,2.839
6,R_1nVYSEciL6sPzAO,17,f,1,1,4335,Mandatory drug tests for welfare recipients,Lift COVID lockdowns,-1,-1,-2,0,3,-0.7214723751188964,3,8,4,1.6834355419440914,2,-3,5,-5,-8,5,8,5,-5,-5,-8,0,Left,4.335
6,R_1nVYSEciL6sPzAO,18,j,2,0,2246,Mandatory vaccinations,U.S. drone strikes in Afghanistan,1,-1,-3,8,4,-1.202453958531494,-1,0,2,-0.24049079170629878,-3,1,4,2,-8,4,8,-4,4,-2,8,1,Right,2.246
6,R_1nVYSEciL6sPzAO,19,j,2,0,3610,U.S. drone strikes in Afghanistan,Affirmative action,-1,-1,-1,0,2,-0.24049079170629878,-3,4,4,-1.202453958531494,1,3,2,-2,4,2,4,-2,2,2,-4,1,Right,3.61
6,R_1nVYSEciL6sPzAO,20,j,2,0,1937,Stop police brutality,Abolishing private prisons,1,1,2,4,3,1.202453958531494,3,7,3,1.6834355419440914,2,3,1,1,3,1,3,-1,1,-1,-3,1,Right,1.937
6,R_1nVYSEciL6sPzAO,21,f,1,1,2083,Climate change legislation,Abolishing private prisons,-1,1,-3,0,4,-1.202453958531494,3,7,3,1.6834355419440914,3,3,0,-6,-7,0,7,0,0,-6,-7,0,Left,2.083
6,R_1nVYSEciL6sPzAO,22,j,2,0,1972,Black Lives Matter,Defund Planned Parenthood,-1,-1,-3,4,3,-1.202453958531494,2,7,3,1.202453958531494,3,-2,-5,5,3,5,3,5,-5,-5,-3,1,Right,1.972
6,R_1nVYSEciL6sPzAO,23,f,1,1,5552,Mandatory trigger warnings,Defund Planned Parenthood,-1,1,-3,0,2,-1.202453958531494,2,7,3,1.202453958531494,3,2,1,-5,-7,1,7,1,-1,-5,-7,0,Left,5.552
6,R_1nVYSEciL6sPzAO,24,f,1,1,2695,Defund Planned Parenthood,Black Lives Matter,1,-1,2,7,3,1.202453958531494,-3,4,3,-1.202453958531494,2,3,-1,5,3,1,3,-1,1,5,3,0,Left,2.695
6,R_1nVYSEciL6sPzAO,25,j,2,0,2159,Ban on ethnic Halloween costumes,Affirmative action,-1,-1,-2,0,1,-0.7214723751188964,-3,4,4,-1.202453958531494,2,3,1,-1,4,1,4,-1,1,1,-4,1,Right,2.159
6,R_1nVYSEciL6sPzAO,26,f,1,1,2120,Ban on research with animals,Black Lives Matter,1,-1,1,4,3,0.7214723751188964,-3,4,3,-1.202453958531494,1,3,-2,4,0,2,0,-2,2,4,0,0,Left,2.12
6,R_1nVYSEciL6sPzAO,27,j,2,0,4679,Lift COVID lockdowns,Stop police brutality,-1,-1,3,8,4,1.6834355419440914,2,4,3,1.202453958531494,-3,-2,1,-1,-4,1,4,-1,1,1,4,1,Right,4.679
6,R_1nVYSEciL6sPzAO,28,j,2,0,2940,Bathrooms restricted based on biological sex,Mandatory training on sexual consent,-1,-1,3,4,3,1.6834355419440914,0,0,2,0.24049079170629878,-3,-0,3,-3,-4,3,4,-3,3,3,4,1,Right,2.94
6,R_1nVYSEciL6sPzAO,29,f,1,1,2432,U.S. drone strikes in Afghanistan,Black Lives Matter,-1,1,-1,0,2,-0.24049079170629878,-3,4,3,-1.202453958531494,1,-3,4,2,-4,4,4,4,-4,2,-4,0,Left,2.432
6,R_1nVYSEciL6sPzAO,30,f,1,1,1838,Abolishing private prisons,Ban on research with animals,1,-1,3,7,3,1.6834355419440914,1,4,3,0.7214723751188964,3,-1,4,2,3,4,3,4,-4,2,3,0,Left,1.838
6,R_1nVYSEciL6sPzAO,31,j,2,0,6246,Bathrooms restricted based on biological sex,Stop police brutality,-1,-1,3,4,3,1.6834355419440914,2,4,3,1.202453958531494,-3,-2,1,-1,0,1,0,-1,1,1,0,1,Right,6.246
6,R_1nVYSEciL6sPzAO,32,j,2,0,2066,Abolishing private prisons,Expel students with white nationlist views,-1,-1,3,7,3,1.6834355419440914,-3,8,1,-1.202453958531494,-3,3,6,-6,1,6,1,-6,6,6,-1,1,Right,2.066
6,R_1nVYSEciL6sPzAO,33,j,2,0,2622,Remove Christopher Columbus statues,Mandatory trigger warnings,-1,-1,-2,0,3,-0.7214723751188964,-3,0,2,-1.202453958531494,2,3,1,-1,0,1,0,-1,1,1,0,1,Right,2.622
6,R_1nVYSEciL6sPzAO,34,f,1,1,1500,Abolishing private prisons,U.S. drone strikes in Afghanistan,1,1,3,7,3,1.6834355419440914,-1,0,2,-0.24049079170629878,3,-1,4,4,7,4,7,4,-4,4,7,0,Left,1.5
6,R_1nVYSEciL6sPzAO,35,j,2,0,1570,Defund Planned Parenthood,Abolishing private prisons,1,1,2,7,3,1.202453958531494,3,7,3,1.6834355419440914,2,3,1,1,0,1,0,-1,1,-1,0,1,Right,1.57
6,R_1nVYSEciL6sPzAO,36,f,1,1,2450,Expel students with white nationlist views,Defund Planned Parenthood,-1,1,-3,8,1,-1.202453958531494,2,7,3,1.202453958531494,3,2,1,-5,1,1,1,1,-1,-5,1,0,Left,2.45
6,R_1nVYSEciL6sPzAO,37,f,1,1,2232,Affirmative action,Climate change legislation,-1,1,-3,4,4,-1.202453958531494,-3,0,4,-1.202453958531494,3,-3,6,0,4,6,4,6,-6,0,4,0,Left,2.232
6,R_1nVYSEciL6sPzAO,38,j,2,0,2700,U.S. drone strikes in Afghanistan,Lift COVID lockdowns,-1,1,-1,0,2,-0.24049079170629878,3,8,4,1.6834355419440914,1,3,2,4,8,2,8,-2,2,-4,-8,1,Right,2.7
6,R_1nVYSEciL6sPzAO,39,j,2,0,2573,Bathrooms restricted based on biological sex,Abolishing private prisons,1,1,3,4,3,1.6834355419440914,3,7,3,1.6834355419440914,3,3,0,0,3,0,3,0,0,0,-3,1,Right,2.573
6,R_1nVYSEciL6sPzAO,40,f,1,1,2036,Raise the minimum wage,Black Lives Matter,1,1,-2,0,4,-0.7214723751188964,-3,4,3,-1.202453958531494,-2,-3,1,1,-4,1,4,1,-1,1,-4,0,Left,2.036
6,R_1nVYSEciL6sPzAO,41,f,1,1,1230,Abolishing private prisons,Remove Christopher Columbus statues,1,1,3,7,3,1.6834355419440914,-2,0,3,-0.7214723751188964,3,-2,5,5,7,5,7,5,-5,5,7,0,Left,1.23
6,R_1nVYSEciL6sPzAO,42,f,1,1,2658,Expel students with white nationlist views,Abolishing private prisons,-1,1,-3,8,1,-1.202453958531494,3,7,3,1.6834355419440914,3,3,0,-6,1,0,1,0,0,-6,1,0,Left,2.658
6,R_1nVYSEciL6sPzAO,43,j,2,0,2032,Cuts to National Parks budget,Black Lives Matter,1,-1,0,0,1,0.24049079170629878,-3,4,3,-1.202453958531494,0,3,3,-3,4,3,4,-3,3,3,-4,1,Right,2.032
6,R_1nVYSEciL6sPzAO,44,f,1,1,2464,Black Lives Matter,Lift COVID lockdowns,-1,-1,-3,4,3,-1.202453958531494,3,8,4,1.6834355419440914,3,-3,6,-6,-4,6,4,6,-6,-6,-4,0,Left,2.464
6,R_1nVYSEciL6sPzAO,45,f,1,1,2222,Bathrooms restricted based on biological sex,Build southern border wall,1,-1,3,4,3,1.6834355419440914,2,0,4,1.202453958531494,3,-2,5,1,4,5,4,5,-5,1,4,0,Left,2.222
6,R_1nVYSEciL6sPzAO,46,j,2,0,2015,Mandatory vaccinations,Allow alt-right speakers on campus,1,1,-3,8,4,-1.202453958531494,3,8,3,1.6834355419440914,-3,3,6,6,0,6,0,-6,6,-6,0,1,Right,2.015
6,R_1nVYSEciL6sPzAO,47,j,2,0,1846,U.S. drone strikes in Afghanistan,Affirmative action,1,-1,-1,0,2,-0.24049079170629878,-3,4,4,-1.202453958531494,-1,3,4,-2,4,4,4,-4,4,2,-4,1,Right,1.846
6,R_1nVYSEciL6sPzAO,48,f,1,1,2095,Expel students with white nationlist views,Black Lives Matter,1,1,-3,8,1,-1.202453958531494,-3,4,3,-1.202453958531494,-3,-3,0,0,4,0,4,0,0,0,4,0,Left,2.095
6,R_1nVYSEciL6sPzAO,49,f,1,1,2317,Abolishing private prisons,Remove public Confederate memorials,1,1,3,7,3,1.6834355419440914,-3,0,4,-1.202453958531494,3,-3,6,6,7,6,7,6,-6,6,7,0,Left,2.317
6,R_1nVYSEciL6sPzAO,50,f,1,1,1562,Black Lives Matter,Abolishing private prisons,-1,-1,-3,4,3,-1.202453958531494,3,7,3,1.6834355419440914,3,-3,6,-6,-3,6,3,6,-6,-6,-3,0,Left,1.562
6,R_1nVYSEciL6sPzAO,51,f,1,1,6425,Bathrooms restricted based on biological sex,Ban on research with animals,-1,-1,3,4,3,1.6834355419440914,1,4,3,0.7214723751188964,-3,-1,-2,2,0,2,0,-2,2,2,0,0,Left,6.425
6,R_1nVYSEciL6sPzAO,52,f,1,1,2158,Allow alt-right speakers on campus,"Boycott, Divest, and Sanction Israel",1,1,3,8,3,1.6834355419440914,0,0,2,0.24049079170629878,3,0,3,3,8,3,8,3,-3,3,8,0,Left,2.158
6,R_1nVYSEciL6sPzAO,53,j,2,0,1850,Bathrooms restricted based on biological sex,Stop police brutality,-1,1,3,4,3,1.6834355419440914,2,4,3,1.202453958531494,-3,2,5,-1,0,5,0,-5,5,1,0,1,Right,1.85
6,R_1nVYSEciL6sPzAO,54,j,2,0,2283,Lift COVID lockdowns,Climate change legislation,1,-1,3,8,4,1.6834355419440914,-3,0,4,-1.202453958531494,3,3,0,-6,-8,0,8,0,0,6,8,1,Right,2.283
6,R_1nVYSEciL6sPzAO,55,f,1,1,1855,Allow alt-right speakers on campus,Ban on research with animals,1,-1,3,8,3,1.6834355419440914,1,4,3,0.7214723751188964,3,-1,4,2,4,4,4,4,-4,2,4,0,Left,1.855
6,R_1nVYSEciL6sPzAO,56,f,1,1,2005,Lift COVID lockdowns,Defund Planned Parenthood,1,-1,3,8,4,1.6834355419440914,2,7,3,1.202453958531494,3,-2,5,1,1,5,1,5,-5,1,1,0,Left,2.005
6,R_1nVYSEciL6sPzAO,57,f,1,1,1482,Lift COVID lockdowns,U.S. drone strikes in Afghanistan,1,1,3,8,4,1.6834355419440914,-1,0,2,-0.24049079170629878,3,-1,4,4,8,4,8,4,-4,4,8,0,Left,1.482
6,R_1nVYSEciL6sPzAO,58,f,1,1,2448,Climate change legislation,Remove public Confederate memorials,-1,1,-3,0,4,-1.202453958531494,-3,0,4,-1.202453958531494,3,-3,6,0,0,6,0,6,-6,0,0,0,Left,2.448
6,R_1nVYSEciL6sPzAO,59,f,1,1,3903,Expel students with white nationlist views,Ban on research with animals,-1,1,-3,8,1,-1.202453958531494,1,4,3,0.7214723751188964,3,1,2,-4,4,2,4,2,-2,-4,4,0,Left,3.903
6,R_1nVYSEciL6sPzAO,60,f,1,1,2185,Increased Gun regulations,Affirmative action,-1,1,-3,0,4,-1.202453958531494,-3,4,4,-1.202453958531494,3,-3,6,0,-4,6,4,6,-6,0,-4,0,Left,2.185
6,R_1nVYSEciL6sPzAO,61,f,1,1,2809,Abolishing private prisons,Climate change legislation,-1,1,3,7,3,1.6834355419440914,-3,0,4,-1.202453958531494,-3,-3,0,6,7,0,7,0,0,6,7,0,Left,2.809
6,R_1nVYSEciL6sPzAO,62,j,2,0,2920,Black Lives Matter,Ban on research with animals,1,1,-3,4,3,-1.202453958531494,1,4,3,0.7214723751188964,-3,1,4,4,0,4,0,-4,4,-4,0,1,Right,2.92
6,R_1nVYSEciL6sPzAO,63,f,1,1,4478,Lift COVID lockdowns,Increased Gun regulations,-1,1,3,8,4,1.6834355419440914,-3,0,4,-1.202453958531494,-3,-3,0,6,8,0,8,0,0,6,8,0,Left,4.478
6,R_1nVYSEciL6sPzAO,64,f,1,1,1877,Climate change legislation,Stop police brutality,-1,1,-3,0,4,-1.202453958531494,2,4,3,1.202453958531494,3,2,1,-5,-4,1,4,1,-1,-5,-4,0,Left,1.877
6,R_1nVYSEciL6sPzAO,65,j,2,0,1960,Affirmative action,U.S. drone strikes in Afghanistan,1,1,-3,4,4,-1.202453958531494,-1,0,2,-0.24049079170629878,-3,-1,2,2,-4,2,4,-2,2,-2,4,1,Right,1.96
6,R_1nVYSEciL6sPzAO,66,j,2,0,2614,Lift COVID lockdowns,Stop police brutality,-1,1,3,8,4,1.6834355419440914,2,4,3,1.202453958531494,-3,2,5,-1,-4,5,4,-5,5,1,4,1,Right,2.614
6,R_1nVYSEciL6sPzAO,67,f,1,1,3173,Abolishing private prisons,Defund Planned Parenthood,-1,-1,3,7,3,1.6834355419440914,2,7,3,1.202453958531494,-3,-2,-1,1,0,1,0,-1,1,1,0,0,Left,3.173
6,R_1nVYSEciL6sPzAO,68,f,1,1,1693,Ban on research with animals,Abolishing private prisons,1,-1,1,4,3,0.7214723751188964,3,7,3,1.6834355419440914,1,-3,4,-2,-3,4,3,4,-4,-2,-3,0,Left,1.693
6,R_1nVYSEciL6sPzAO,69,j,2,0,3361,Affirmative action,Defund Planned Parenthood,1,-1,-3,4,4,-1.202453958531494,2,7,3,1.202453958531494,-3,-2,1,5,3,1,3,-1,1,-5,-3,1,Right,3.361
6,R_1nVYSEciL6sPzAO,70,j,2,0,2454,Affirmative action,Remove public Confederate memorials,1,1,-3,4,4,-1.202453958531494,-3,0,4,-1.202453958531494,-3,-3,0,0,-4,0,4,0,0,0,4,1,Right,2.454
6,R_1nVYSEciL6sPzAO,71,f,1,1,2040,Abolishing private prisons,Allow alt-right speakers on campus,1,-1,3,7,3,1.6834355419440914,3,8,3,1.6834355419440914,3,-3,6,0,-1,6,1,6,-6,0,-1,0,Left,2.04
6,R_1nVYSEciL6sPzAO,72,j,2,0,2232,Expel students with white nationlist views,Defund Planned Parenthood,1,1,-3,8,1,-1.202453958531494,2,7,3,1.202453958531494,-3,2,5,5,-1,5,1,-5,5,-5,1,1,Right,2.232
6,R_1nVYSEciL6sPzAO,73,j,2,0,1747,Affirmative action,Abolishing private prisons,1,-1,-3,4,4,-1.202453958531494,3,7,3,1.6834355419440914,-3,-3,0,6,3,0,3,0,0,-6,-3,1,Right,1.747
6,R_1nVYSEciL6sPzAO,74,f,1,1,2841,Stop police brutality,Abolishing private prisons,-1,-1,2,4,3,1.202453958531494,3,7,3,1.6834355419440914,-2,-3,1,-1,-3,1,3,1,-1,-1,-3,0,Left,2.841
6,R_1nVYSEciL6sPzAO,75,f,1,1,1461,Allow alt-right speakers on campus,Bathrooms restricted based on biological sex,1,-1,3,8,3,1.6834355419440914,3,4,3,1.6834355419440914,3,-3,6,0,4,6,4,6,-6,0,4,0,Left,1.461
6,R_1nVYSEciL6sPzAO,76,j,2,0,1760,Stop police brutality,Black Lives Matter,-1,-1,2,4,3,1.202453958531494,-3,4,3,-1.202453958531494,-2,3,5,-5,0,5,0,-5,5,5,0,1,Right,1.76
6,R_1nVYSEciL6sPzAO,77,f,1,1,3285,Remove public Confederate memorials,Defund Planned Parenthood,-1,-1,-3,0,4,-1.202453958531494,2,7,3,1.202453958531494,3,-2,5,-5,-7,5,7,5,-5,-5,-7,0,Left,3.285
6,R_1nVYSEciL6sPzAO,78,j,2,0,4056,Allow alt-right speakers on campus,U.S. drone strikes in Afghanistan,-1,1,3,8,3,1.6834355419440914,-1,0,2,-0.24049079170629878,-3,-1,2,-4,-8,2,8,-2,2,4,8,1,Right,4.056
6,R_1nVYSEciL6sPzAO,79,f,1,1,3025,Abolishing private prisons,Ban on research with animals,-1,-1,3,7,3,1.6834355419440914,1,4,3,0.7214723751188964,-3,-1,-2,2,3,2,3,-2,2,2,3,0,Left,3.025
6,R_1nVYSEciL6sPzAO,80,j,2,0,1740,Abolishing private prisons,Abolishing private prisons,-1,1,3,7,3,1.6834355419440914,3,7,3,1.6834355419440914,-3,3,6,0,0,6,0,-6,6,0,0,1,Right,1.74
6,R_1nVYSEciL6sPzAO,81,f,1,1,2118,Abolishing private prisons,Defund Planned Parenthood,1,-1,3,7,3,1.6834355419440914,2,7,3,1.202453958531494,3,-2,5,1,0,5,0,5,-5,1,0,0,Left,2.118
6,R_1nVYSEciL6sPzAO,82,j,2,0,3304,Bathrooms restricted based on biological sex,Increased Gun regulations,1,-1,3,4,3,1.6834355419440914,-3,0,4,-1.202453958531494,3,3,0,-6,-4,0,4,0,0,6,4,1,Right,3.304
6,R_1nVYSEciL6sPzAO,83,f,1,1,1983,Climate change legislation,Raise the minimum wage,-1,1,-3,0,4,-1.202453958531494,-2,0,4,-0.7214723751188964,3,-2,5,-1,0,5,0,5,-5,-1,0,0,Left,1.983
6,R_1nVYSEciL6sPzAO,84,f,1,1,1846,Stop police brutality,Bathrooms restricted based on biological sex,1,1,2,4,3,1.202453958531494,3,4,3,1.6834355419440914,2,3,-1,-1,0,1,0,-1,1,-1,0,0,Left,1.846
6,R_1nVYSEciL6sPzAO,85,f,1,1,1578,Lift COVID lockdowns,Build southern border wall,1,-1,3,8,4,1.6834355419440914,2,0,4,1.202453958531494,3,-2,5,1,8,5,8,5,-5,1,8,0,Left,1.578
6,R_1nVYSEciL6sPzAO,86,f,1,1,2447,Ban on research with animals,Allow alt-right speakers on campus,1,-1,1,4,3,0.7214723751188964,3,8,3,1.6834355419440914,1,-3,4,-2,-4,4,4,4,-4,-2,-4,0,Left,2.447
6,R_1nVYSEciL6sPzAO,87,j,2,0,2138,Ban on research with animals,Abolishing private prisons,1,1,1,4,3,0.7214723751188964,3,7,3,1.6834355419440914,1,3,2,2,3,2,3,-2,2,-2,-3,1,Right,2.138
6,R_1nVYSEciL6sPzAO,88,j,2,0,2141,Ban on research with animals,Affirmative action,-1,-1,1,4,3,0.7214723751188964,-3,4,4,-1.202453958531494,-1,3,4,-4,0,4,0,-4,4,4,0,1,Right,2.141
6,R_1nVYSEciL6sPzAO,89,j,2,0,2585,Expel students with white nationlist views,Increased Gun regulations,1,-1,-3,8,1,-1.202453958531494,-3,0,4,-1.202453958531494,-3,3,6,0,-8,6,8,-6,6,0,8,1,Right,2.585
6,R_1nVYSEciL6sPzAO,90,j,2,0,2269,Stop police brutality,Mandatory vaccinations,1,-1,2,4,3,1.202453958531494,-3,8,4,-1.202453958531494,2,3,1,-5,4,1,4,-1,1,5,-4,1,Right,2.269
6,R_1nVYSEciL6sPzAO,91,f,1,1,2987,Lift COVID lockdowns,Defund Planned Parenthood,-1,-1,3,8,4,1.6834355419440914,2,7,3,1.202453958531494,-3,-2,-1,1,1,1,1,-1,1,1,1,0,Left,2.987
6,R_1nVYSEciL6sPzAO,92,f,1,1,3189,Abolishing fraternities,Abolishing private prisons,1,-1,0,0,1,0.24049079170629878,3,7,3,1.6834355419440914,0,-3,3,-3,-7,3,7,3,-3,-3,-7,0,Left,3.189
6,R_1nVYSEciL6sPzAO,93,f,1,1,3436,Abolishing private prisons,U.S. drone strikes in Afghanistan,1,-1,3,7,3,1.6834355419440914,-1,0,2,-0.24049079170629878,3,1,2,4,7,2,7,2,-2,4,7,0,Left,3.436
6,R_1nVYSEciL6sPzAO,94,f,1,1,2500,Allow alt-right speakers on campus,Mandatory trigger warnings,1,1,3,8,3,1.6834355419440914,-3,0,2,-1.202453958531494,3,-3,6,6,8,6,8,6,-6,6,8,0,Left,2.5
6,R_1nVYSEciL6sPzAO,95,j,2,0,1590,Abolishing private prisons,Defund Planned Parenthood,-1,1,3,7,3,1.6834355419440914,2,7,3,1.202453958531494,-3,2,5,-1,0,5,0,-5,5,1,0,1,Right,1.59
6,R_1nVYSEciL6sPzAO,96,f,1,1,1938,Mandatory vaccinations,Stop police brutality,-1,-1,-3,8,4,-1.202453958531494,2,4,3,1.202453958531494,3,-2,5,-5,4,5,4,5,-5,-5,4,0,Left,1.938
6,R_1nVYSEciL6sPzAO,97,j,2,0,1476,Black Lives Matter,Build southern border wall,1,1,-3,4,3,-1.202453958531494,2,0,4,1.202453958531494,-3,2,5,5,-4,5,4,-5,5,-5,4,1,Right,1.476
6,R_1nVYSEciL6sPzAO,98,j,2,0,1802,Mandatory vaccinations,Remove Christopher Columbus statues,1,1,-3,8,4,-1.202453958531494,-2,0,3,-0.7214723751188964,-3,-2,1,1,-8,1,8,-1,1,-1,8,1,Right,1.802
6,R_1nVYSEciL6sPzAO,99,f,1,1,2707,Ban on research with animals,Lift COVID lockdowns,-1,-1,1,4,3,0.7214723751188964,3,8,4,1.6834355419440914,-1,-3,2,-2,-4,2,4,2,-2,-2,-4,0,Left,2.707
6,R_1nVYSEciL6sPzAO,100,j,2,0,2695,Mandatory vaccinations,Ban on ethnic Halloween costumes,-1,-1,-3,8,4,-1.202453958531494,-2,0,1,-0.7214723751188964,3,2,-1,1,-8,1,8,1,-1,-1,8,1,Right,2.695
21,R_2yqNMBtsGVPHW7v,1,j,2,0,3173.7999999970198,Remove public Confederate memorials,Climate change legislation,1,1,-1,2,3,-0.27108796774228794,-2,3,4,-1.4570978266147974,-1,-2,-1,-1,1,1,1,1,-1,1,-1,1,Right,3.1737999999970197
21,R_2yqNMBtsGVPHW7v,2,j,2,0,9267,Climate change legislation,Stop police brutality,-1,-1,-2,3,4,-1.4570978266147974,-1,5,4,-0.27108796774228794,2,1,-1,1,2,1,2,1,-1,-1,-2,1,Right,9.267
21,R_2yqNMBtsGVPHW7v,3,j,2,0,3704.7999999970198,Abolishing private prisons,Climate change legislation,-1,-1,-1,6,3,-0.27108796774228794,-2,3,4,-1.4570978266147974,1,2,1,-1,-3,1,3,-1,1,1,3,1,Right,3.70479999999702
21,R_2yqNMBtsGVPHW7v,4,f,1,1,3088.2000000029802,Recognize Jerusalem as capital of Israel,Ban on ethnic Halloween costumes,1,1,-2,4,4,-1.4570978266147974,1,7,4,2.1009317500027307,-2,1,-3,-3,-3,3,3,-3,3,-3,-3,0,Left,3.0882000000029803
21,R_2yqNMBtsGVPHW7v,5,f,1,1,4147.20000000298,Climate change legislation,Remove public Confederate memorials,-1,-1,-2,3,4,-1.4570978266147974,-1,2,3,-0.27108796774228794,2,1,1,-1,1,1,1,1,-1,-1,1,0,Left,4.1472000000029805
21,R_2yqNMBtsGVPHW7v,6,f,1,1,4379,Detention of migrant children,Ban on research with animals,-1,-1,-2,2,1,-1.4570978266147974,-1,3,4,-0.27108796774228794,2,1,1,-1,-1,1,1,1,-1,-1,-1,0,Left,4.379
21,R_2yqNMBtsGVPHW7v,7,f,1,1,6763.10000000149,Cuts to National Parks budget,Climate change legislation,1,-1,-1,3,3,-0.27108796774228794,-2,3,4,-1.4570978266147974,-1,2,-3,1,0,3,0,-3,3,1,0,0,Left,6.76310000000149
21,R_2yqNMBtsGVPHW7v,8,f,1,1,453.29999999701977,Recognize Jerusalem as capital of Israel,Ban on ethnic Halloween costumes,-1,1,-2,4,4,-1.4570978266147974,1,7,4,2.1009317500027307,2,1,1,-3,-3,1,3,1,-1,-3,-3,0,Left,0.45329999999701975
21,R_2yqNMBtsGVPHW7v,9,j,2,0,4319.80000000447,Recognize Jerusalem as capital of Israel,Legalization of marijuana,1,1,-2,4,4,-1.4570978266147974,0,3,3,0.9149218911302214,-2,0,2,2,-1,2,1,-2,2,-2,1,1,Right,4.31980000000447
21,R_2yqNMBtsGVPHW7v,10,f,1,1,1392.1000000014901,Abolishing fraternities,Climate change legislation,1,-1,0,2,3,0.9149218911302214,-2,3,4,-1.4570978266147974,0,2,-2,2,-1,2,1,-2,2,2,-1,0,Left,1.39210000000149
21,R_2yqNMBtsGVPHW7v,11,f,1,1,3139.2999999970198,War on Drugs,Climate change legislation,-1,1,0,6,3,0.9149218911302214,-2,3,4,-1.4570978266147974,-0,-2,2,2,3,2,3,2,-2,2,3,0,Left,3.1392999999970197
21,R_2yqNMBtsGVPHW7v,12,f,1,1,4337.39999999851,Mandatory vaccinations,Detention of migrant children,-1,-1,0,3,2,0.9149218911302214,-2,2,1,-1.4570978266147974,-0,2,-2,2,1,2,1,-2,2,2,1,0,Left,4.33739999999851
21,R_2yqNMBtsGVPHW7v,13,j,2,0,1699.6000000014901,Climate change legislation,Tuition increases,1,-1,-2,3,4,-1.4570978266147974,-2,2,2,-1.4570978266147974,-2,2,4,0,-1,4,1,-4,4,0,1,1,Right,1.6996000000014901
21,R_2yqNMBtsGVPHW7v,14,f,1,1,2281.10000000149,University Campus should be a Sanctuary,Climate change legislation,1,-1,1,3,3,2.1009317500027307,-2,3,4,-1.4570978266147974,1,2,-1,3,0,1,0,-1,1,3,0,0,Left,2.2811000000014903
21,R_2yqNMBtsGVPHW7v,15,f,1,1,1656.5,Abolishing private prisons,Tuition increases,1,-1,-1,6,3,-0.27108796774228794,-2,2,2,-1.4570978266147974,-1,2,-3,1,4,3,4,-3,3,1,4,0,Left,1.6565
21,R_2yqNMBtsGVPHW7v,16,j,2,0,5250,Ban on ethnic Halloween costumes,Climate change legislation,1,1,1,7,4,2.1009317500027307,-2,3,4,-1.4570978266147974,1,-2,-3,-3,-4,3,4,3,-3,3,4,1,Right,5.25
21,R_2yqNMBtsGVPHW7v,17,f,1,1,5304.5,Remove public Confederate memorials,Detention of migrant children,-1,-1,-1,2,3,-0.27108796774228794,-2,2,1,-1.4570978266147974,1,2,-1,1,0,1,0,-1,1,1,0,0,Left,5.3045
21,R_2yqNMBtsGVPHW7v,18,j,2,0,1165.8999999985099,Abolishing private prisons,Recognize Jerusalem as capital of Israel,-1,-1,-1,6,3,-0.27108796774228794,-2,4,4,-1.4570978266147974,1,2,1,-1,-2,1,2,-1,1,1,2,1,Right,1.1658999999985098
21,R_2yqNMBtsGVPHW7v,19,f,1,1,1187.8000000044703,Raise the minimum wage,Recognize Jerusalem as capital of Israel,-1,1,-1,4,4,-0.27108796774228794,-2,4,4,-1.4570978266147974,1,-2,3,1,0,3,0,3,-3,1,0,0,Left,1.1878000000044704
21,R_2yqNMBtsGVPHW7v,20,j,2,0,1391.1000000014901,Recognize Jerusalem as capital of Israel,Mandatory vaccinations,-1,-1,-2,4,4,-1.4570978266147974,0,3,2,0.9149218911302214,2,-0,-2,2,-1,2,1,2,-2,-2,1,1,Right,1.3911000000014901
21,R_2yqNMBtsGVPHW7v,21,f,1,1,964.1000000014901,Student worker unionization,Climate change legislation,1,-1,-2,5,4,-1.4570978266147974,-2,3,4,-1.4570978266147974,-2,2,-4,0,2,4,2,-4,4,0,2,0,Left,0.9641000000014901
21,R_2yqNMBtsGVPHW7v,22,j,2,0,914.3000000044703,Allow alt-right speakers on campus,Climate change legislation,-1,-1,1,4,3,2.1009317500027307,-2,3,4,-1.4570978266147974,-1,2,3,-3,-1,3,1,-3,3,3,1,1,Right,0.9143000000044703
21,R_2yqNMBtsGVPHW7v,23,f,1,1,896.5,U.S. drone strikes in Afghanistan,Recognize Jerusalem as capital of Israel,-1,1,0,6,4,0.9149218911302214,-2,4,4,-1.4570978266147974,-0,-2,2,2,2,2,2,2,-2,2,2,0,Left,0.8965
21,R_2yqNMBtsGVPHW7v,24,f,1,1,1027.0999999940395,Student worker unionization,Tuition increases,1,-1,-2,5,4,-1.4570978266147974,-2,2,2,-1.4570978266147974,-2,2,-4,0,3,4,3,-4,4,0,3,0,Left,1.0270999999940396
21,R_2yqNMBtsGVPHW7v,25,f,1,1,869.5,Student worker unionization,Recognize Jerusalem as capital of Israel,1,-1,-2,5,4,-1.4570978266147974,-2,4,4,-1.4570978266147974,-2,2,-4,0,1,4,1,-4,4,0,1,0,Left,0.8695
21,R_2yqNMBtsGVPHW7v,26,f,1,1,814.7000000029802,Detention of migrant children,Ban on ethnic Halloween costumes,-1,-1,-2,2,1,-1.4570978266147974,1,7,4,2.1009317500027307,2,-1,3,-3,-5,3,5,3,-3,-3,-5,0,Left,0.8147000000029803
21,R_2yqNMBtsGVPHW7v,27,f,1,1,1180.7999999970198,Climate change legislation,Mandatory vaccinations,1,-1,-2,3,4,-1.4570978266147974,0,3,2,0.9149218911302214,-2,-0,-2,-2,0,2,0,-2,2,-2,0,0,Left,1.1807999999970198
21,R_2yqNMBtsGVPHW7v,28,j,2,0,1184.7999999970198,Recognize Jerusalem as capital of Israel,Recognize Jerusalem as capital of Israel,-1,1,-2,4,4,-1.4570978266147974,-2,4,4,-1.4570978266147974,2,-2,-4,0,0,4,0,4,-4,0,0,1,Right,1.1847999999970198
21,R_2yqNMBtsGVPHW7v,29,f,1,1,871.2999999970198,Recognize Jerusalem as capital of Israel,Abolishing private prisons,1,-1,-2,4,4,-1.4570978266147974,-1,6,3,-0.27108796774228794,-2,1,-3,-1,-2,3,2,-3,3,-1,-2,0,Left,0.8712999999970198
21,R_2yqNMBtsGVPHW7v,30,j,2,0,926.5,Detention of migrant children,Remove public Confederate memorials,-1,1,-2,2,1,-1.4570978266147974,-1,2,3,-0.27108796774228794,2,-1,-3,1,0,3,0,3,-3,-1,0,1,Right,0.9265
21,R_2yqNMBtsGVPHW7v,31,j,2,0,893.5,Remove public Confederate memorials,Climate change legislation,-1,1,-1,2,3,-0.27108796774228794,-2,3,4,-1.4570978266147974,1,-2,-3,-1,1,3,1,3,-3,1,-1,1,Right,0.8935
21,R_2yqNMBtsGVPHW7v,32,f,1,1,1128.2000000029802,Abolishing private prisons,Tuition increases,-1,-1,-1,6,3,-0.27108796774228794,-2,2,2,-1.4570978266147974,1,2,-1,1,4,1,4,-1,1,1,4,0,Left,1.1282000000029802
21,R_2yqNMBtsGVPHW7v,33,j,2,0,1646,Ban on ethnic Halloween costumes,Climate change legislation,1,-1,1,7,4,2.1009317500027307,-2,3,4,-1.4570978266147974,1,2,1,-3,-4,1,4,-1,1,3,4,1,Right,1.646
21,R_2yqNMBtsGVPHW7v,34,f,1,1,3572.4000000059605,Recognize Jerusalem as capital of Israel,Abolishing fraternities,1,-1,-2,4,4,-1.4570978266147974,0,2,3,0.9149218911302214,-2,-0,-2,-2,2,2,2,-2,2,-2,2,0,Left,3.5724000000059606
21,R_2yqNMBtsGVPHW7v,35,j,2,0,873.8999999985099,U.S. drone strikes in Afghanistan,Recognize Jerusalem as capital of Israel,-1,-1,0,6,4,0.9149218911302214,-2,4,4,-1.4570978266147974,-0,2,2,-2,-2,2,2,-2,2,2,2,1,Right,0.8738999999985099
21,R_2yqNMBtsGVPHW7v,36,f,1,1,937.3999999985099,Climate change legislation,Religious exemptions for discrimination laws,1,-1,-2,3,4,-1.4570978266147974,-1,3,4,-0.27108796774228794,-2,1,-3,-1,0,3,0,-3,3,-1,0,0,Left,0.9373999999985099
21,R_2yqNMBtsGVPHW7v,37,j,2,0,500.29999999701977,Climate change legislation,Abolishing fraternities,1,1,-2,3,4,-1.4570978266147974,0,2,3,0.9149218911302214,-2,0,2,2,-1,2,1,-2,2,-2,1,1,Right,0.5002999999970198
21,R_2yqNMBtsGVPHW7v,38,f,1,1,400.5,Abortion rights,Climate change legislation,-1,-1,-1,4,3,-0.27108796774228794,-2,3,4,-1.4570978266147974,1,2,-1,1,1,1,1,-1,1,1,1,0,Left,0.4005
21,R_2yqNMBtsGVPHW7v,39,f,1,1,1251.3999999985099,Mandatory training on sexual consent,Recognize Jerusalem as capital of Israel,1,1,-1,4,4,-0.27108796774228794,-2,4,4,-1.4570978266147974,-1,-2,1,1,0,1,0,1,-1,1,0,0,Left,1.25139999999851
21,R_2yqNMBtsGVPHW7v,40,j,2,0,446.6000000014901,Abolishing private prisons,Climate change legislation,-1,1,-1,6,3,-0.27108796774228794,-2,3,4,-1.4570978266147974,1,-2,-3,-1,-3,3,3,3,-3,1,3,1,Right,0.44660000000149014
21,R_2yqNMBtsGVPHW7v,41,f,1,1,979.7999999970198,Recognize Jerusalem as capital of Israel,Climate change legislation,-1,1,-2,4,4,-1.4570978266147974,-2,3,4,-1.4570978266147974,2,-2,4,0,1,4,1,4,-4,0,1,0,Left,0.9797999999970197
21,R_2yqNMBtsGVPHW7v,42,j,2,0,1031.2999999970198,Mandatory training on sexual consent,Recognize Jerusalem as capital of Israel,-1,-1,-1,4,4,-0.27108796774228794,-2,4,4,-1.4570978266147974,1,2,1,-1,0,1,0,-1,1,1,0,1,Right,1.0312999999970198
21,R_2yqNMBtsGVPHW7v,43,j,2,0,1390.2999999970198,Tuition increases,War on Drugs,-1,1,-2,2,2,-1.4570978266147974,0,6,3,0.9149218911302214,2,0,-2,2,4,2,4,2,-2,-2,-4,1,Right,1.3902999999970198
21,R_2yqNMBtsGVPHW7v,44,j,2,0,4220.10000000149,Student worker unionization,Recognize Jerusalem as capital of Israel,1,1,-2,5,4,-1.4570978266147974,-2,4,4,-1.4570978266147974,-2,-2,0,0,-1,0,1,0,0,0,1,1,Right,4.22010000000149
21,R_2yqNMBtsGVPHW7v,45,j,2,0,955.5,Gun-free campus police,Climate change legislation,-1,1,1,5,4,2.1009317500027307,-2,3,4,-1.4570978266147974,-1,-2,-1,-3,-2,1,2,1,-1,3,2,1,Right,0.9555
21,R_2yqNMBtsGVPHW7v,46,f,1,1,1080.1000000014901,Recognize Jerusalem as capital of Israel,Mask mandates,-1,1,-2,4,4,-1.4570978266147974,-1,4,3,-0.27108796774228794,2,-1,3,-1,0,3,0,3,-3,-1,0,0,Left,1.0801000000014902
21,R_2yqNMBtsGVPHW7v,47,j,2,0,1166.7000000029802,Tuition increases,Abolishing fraternities,-1,1,-2,2,2,-1.4570978266147974,0,2,3,0.9149218911302214,2,0,-2,2,0,2,0,2,-2,-2,0,1,Right,1.1667000000029801
21,R_2yqNMBtsGVPHW7v,48,f,1,1,1608,Black Lives Matter,Recognize Jerusalem as capital of Israel,1,1,-1,3,4,-0.27108796774228794,-2,4,4,-1.4570978266147974,-1,-2,1,1,-1,1,1,1,-1,1,-1,0,Left,1.608
21,R_2yqNMBtsGVPHW7v,49,j,2,0,991.9000000059605,Recognize Jerusalem as capital of Israel,Abolishing fraternities,-1,1,-2,4,4,-1.4570978266147974,0,2,3,0.9149218911302214,2,0,-2,2,-2,2,2,2,-2,-2,2,1,Right,0.9919000000059605
21,R_2yqNMBtsGVPHW7v,50,j,2,0,1806.6000000014901,Ban on ethnic Halloween costumes,Recognize Jerusalem as capital of Israel,-1,-1,1,7,4,2.1009317500027307,-2,4,4,-1.4570978266147974,-1,2,3,-3,-3,3,3,-3,3,3,3,1,Right,1.8066000000014901
21,R_2yqNMBtsGVPHW7v,51,j,2,0,1297.8999999985099,Climate change legislation,Climate change legislation,-1,1,-2,3,4,-1.4570978266147974,-2,3,4,-1.4570978266147974,2,-2,-4,0,0,4,0,4,-4,0,0,1,Right,1.29789999999851
21,R_2yqNMBtsGVPHW7v,52,f,1,1,1553.7000000029802,Climate change legislation,Student worker unionization,1,-1,-2,3,4,-1.4570978266147974,-2,5,4,-1.4570978266147974,-2,2,-4,0,-2,4,2,-4,4,0,-2,0,Left,1.5537000000029801
21,R_2yqNMBtsGVPHW7v,53,j,2,0,921,Recognize Jerusalem as capital of Israel,Student worker unionization,-1,-1,-2,4,4,-1.4570978266147974,-2,5,4,-1.4570978266147974,2,2,0,0,1,0,1,0,0,0,-1,1,Right,0.921
21,R_2yqNMBtsGVPHW7v,54,j,2,0,1461.8999999985099,Recognize Jerusalem as capital of Israel,Remove public Confederate memorials,1,-1,-2,4,4,-1.4570978266147974,-1,2,3,-0.27108796774228794,-2,1,3,1,-2,3,2,-3,3,-1,2,1,Right,1.4618999999985098
21,R_2yqNMBtsGVPHW7v,55,j,2,0,2942,Recognize Jerusalem as capital of Israel,"Boycott, Divest, and Sanction Israel",1,-1,-2,4,4,-1.4570978266147974,-1,5,4,-0.27108796774228794,-2,1,3,1,1,3,1,-3,3,-1,-1,1,Right,2.942
21,R_2yqNMBtsGVPHW7v,56,f,1,1,4310.29999999702,Detention of migrant children,Recognize Jerusalem as capital of Israel,1,1,-2,2,1,-1.4570978266147974,-2,4,4,-1.4570978266147974,-2,-2,0,0,-2,0,2,0,0,0,-2,0,Left,4.31029999999702
21,R_2yqNMBtsGVPHW7v,57,j,2,0,703,U.S. drone strikes in Afghanistan,Climate change legislation,-1,-1,0,6,4,0.9149218911302214,-2,3,4,-1.4570978266147974,-0,2,2,-2,-3,2,3,-2,2,2,3,1,Right,0.703
21,R_2yqNMBtsGVPHW7v,58,f,1,1,764.1000000014901,Physician-assisted suicide,Recognize Jerusalem as capital of Israel,1,1,-1,5,3,-0.27108796774228794,-2,4,4,-1.4570978266147974,-1,-2,1,1,1,1,1,1,-1,1,1,0,Left,0.7641000000014901
21,R_2yqNMBtsGVPHW7v,59,f,1,1,7902.39999999851,Affirmative action,Detention of migrant children,1,-1,-1,3,3,-0.27108796774228794,-2,2,1,-1.4570978266147974,-1,2,-3,1,1,3,1,-3,3,1,1,0,Left,7.90239999999851
21,R_2yqNMBtsGVPHW7v,60,f,1,1,583.1999999955297,Student worker unionization,Climate change legislation,1,1,-2,5,4,-1.4570978266147974,-2,3,4,-1.4570978266147974,-2,-2,0,0,2,0,2,0,0,0,2,0,Left,0.5831999999955296
21,R_2yqNMBtsGVPHW7v,61,f,1,1,1660.6999999955297,Detention of migrant children,Hardening schools/Arming teachers,-1,-1,-2,2,1,-1.4570978266147974,-1,5,4,-0.27108796774228794,2,1,1,-1,-3,1,3,1,-1,-1,-3,0,Left,1.6606999999955296
21,R_2yqNMBtsGVPHW7v,62,j,2,0,318.8999999985099,Climate change legislation,Recognize Jerusalem as capital of Israel,1,1,-2,3,4,-1.4570978266147974,-2,4,4,-1.4570978266147974,-2,-2,0,0,1,0,1,0,0,0,-1,1,Right,0.3188999999985099
21,R_2yqNMBtsGVPHW7v,63,j,2,0,842.8000000044703,Climate change legislation,Allow alt-right speakers on campus,1,-1,-2,3,4,-1.4570978266147974,1,4,3,2.1009317500027307,-2,-1,1,3,1,1,1,-1,1,-3,-1,1,Right,0.8428000000044703
21,R_2yqNMBtsGVPHW7v,64,f,1,1,499.80000000447035,Climate change legislation,Tuition increases,1,1,-2,3,4,-1.4570978266147974,-2,2,2,-1.4570978266147974,-2,-2,0,0,1,0,1,0,0,0,1,0,Left,0.49980000000447034
21,R_2yqNMBtsGVPHW7v,65,j,2,0,603.2999999970198,Climate change legislation,Recognize Jerusalem as capital of Israel,-1,1,-2,3,4,-1.4570978266147974,-2,4,4,-1.4570978266147974,2,-2,-4,0,1,4,1,4,-4,0,-1,1,Right,0.6032999999970198
21,R_2yqNMBtsGVPHW7v,66,j,2,0,562.1000000014901,Mandatory vaccinations,Climate change legislation,-1,-1,0,3,2,0.9149218911302214,-2,3,4,-1.4570978266147974,-0,2,2,-2,0,2,0,-2,2,2,0,1,Right,0.5621000000014901
21,R_2yqNMBtsGVPHW7v,67,j,2,0,551.3999999985099,Detention of migrant children,Detention of migrant children,-1,1,-2,2,1,-1.4570978266147974,-2,2,1,-1.4570978266147974,2,-2,-4,0,0,4,0,4,-4,0,0,1,Right,0.5513999999985099
21,R_2yqNMBtsGVPHW7v,68,f,1,1,312.59999999403954,Climate change legislation,Student worker unionization,-1,-1,-2,3,4,-1.4570978266147974,-2,5,4,-1.4570978266147974,2,2,0,0,-2,0,2,0,0,0,-2,0,Left,0.31259999999403953
21,R_2yqNMBtsGVPHW7v,69,j,2,0,868.8000000044703,Climate change legislation,Tuition increases,-1,1,-2,3,4,-1.4570978266147974,-2,2,2,-1.4570978266147974,2,-2,-4,0,-1,4,1,4,-4,0,1,1,Right,0.8688000000044703
21,R_2yqNMBtsGVPHW7v,70,j,2,0,988.6000000014901,Climate change legislation,Abortion rights,1,-1,-2,3,4,-1.4570978266147974,-1,4,3,-0.27108796774228794,-2,1,3,1,1,3,1,-3,3,-1,-1,1,Right,0.9886000000014901
21,R_2yqNMBtsGVPHW7v,71,f,1,1,784.2999999970198,Safe injection locations,Tuition increases,1,-1,-1,4,2,-0.27108796774228794,-2,2,2,-1.4570978266147974,-1,2,-3,1,2,3,2,-3,3,1,2,0,Left,0.7842999999970197
21,R_2yqNMBtsGVPHW7v,72,f,1,1,1050.2999999970198,Affirmative action,Recognize Jerusalem as capital of Israel,1,-1,-1,3,3,-0.27108796774228794,-2,4,4,-1.4570978266147974,-1,2,-3,1,-1,3,1,-3,3,1,-1,0,Left,1.0502999999970197
21,R_2yqNMBtsGVPHW7v,73,f,1,1,3868.6999999955297,Ban on ethnic Halloween costumes,Recognize Jerusalem as capital of Israel,-1,1,1,7,4,2.1009317500027307,-2,4,4,-1.4570978266147974,-1,-2,1,3,3,1,3,1,-1,3,3,0,Left,3.86869999999553
21,R_2yqNMBtsGVPHW7v,74,f,1,1,530.7999999970198,Recognize Jerusalem as capital of Israel,Remove public Confederate memorials,-1,1,-2,4,4,-1.4570978266147974,-1,2,3,-0.27108796774228794,2,-1,3,-1,2,3,2,3,-3,-1,2,0,Left,0.5307999999970198
21,R_2yqNMBtsGVPHW7v,75,j,2,0,420.79999999701977,Detention of migrant children,Ban on ethnic Halloween costumes,-1,1,-2,2,1,-1.4570978266147974,1,7,4,2.1009317500027307,2,1,-1,3,5,1,5,1,-1,-3,-5,1,Right,0.4207999999970198
21,R_2yqNMBtsGVPHW7v,76,j,2,0,621.6000000014901,Gun-free campus police,Climate change legislation,1,1,1,5,4,2.1009317500027307,-2,3,4,-1.4570978266147974,1,-2,-3,-3,-2,3,2,3,-3,3,2,1,Right,0.6216000000014901
21,R_2yqNMBtsGVPHW7v,77,j,2,0,1786.8000000044703,Recognize Jerusalem as capital of Israel,Mandatory trigger warnings,-1,-1,-2,4,4,-1.4570978266147974,-1,3,2,-0.27108796774228794,2,1,-1,1,-1,1,1,1,-1,-1,1,1,Right,1.7868000000044704
21,R_2yqNMBtsGVPHW7v,78,j,2,0,502.3999999985099,Recognize Jerusalem as capital of Israel,Detention of migrant children,1,-1,-2,4,4,-1.4570978266147974,-2,2,1,-1.4570978266147974,-2,2,4,0,-2,4,2,-4,4,0,2,1,Right,0.5023999999985099
21,R_2yqNMBtsGVPHW7v,79,j,2,0,515.9000000059605,Physician-assisted suicide,Recognize Jerusalem as capital of Israel,1,-1,-1,5,3,-0.27108796774228794,-2,4,4,-1.4570978266147974,-1,2,3,-1,-1,3,1,-3,3,1,1,1,Right,0.5159000000059605
21,R_2yqNMBtsGVPHW7v,80,f,1,1,1152.7999999970198,Abolishing private prisons,Recognize Jerusalem as capital of Israel,1,-1,-1,6,3,-0.27108796774228794,-2,4,4,-1.4570978266147974,-1,2,-3,1,2,3,2,-3,3,1,2,0,Left,1.1527999999970198
21,R_2yqNMBtsGVPHW7v,81,j,2,0,1075.1000000014901,Remove public Confederate memorials,Recognize Jerusalem as capital of Israel,1,1,-1,2,3,-0.27108796774228794,-2,4,4,-1.4570978266147974,-1,-2,-1,-1,2,1,2,1,-1,1,-2,1,Right,1.07510000000149
21,R_2yqNMBtsGVPHW7v,82,j,2,0,706.0999999940395,Recognize Jerusalem as capital of Israel,Climate change legislation,-1,-1,-2,4,4,-1.4570978266147974,-2,3,4,-1.4570978266147974,2,2,0,0,-1,0,1,0,0,0,1,1,Right,0.7060999999940395
21,R_2yqNMBtsGVPHW7v,83,j,2,0,1891,Ban on ethnic Halloween costumes,Climate change legislation,-1,-1,1,7,4,2.1009317500027307,-2,3,4,-1.4570978266147974,-1,2,3,-3,-4,3,4,-3,3,3,4,1,Right,1.891
21,R_2yqNMBtsGVPHW7v,84,j,2,0,5062.5999999940395,Tuition increases,Recognize Jerusalem as capital of Israel,1,-1,-2,2,2,-1.4570978266147974,-2,4,4,-1.4570978266147974,-2,2,4,0,2,4,2,-4,4,0,-2,1,Right,5.062599999994039
21,R_2yqNMBtsGVPHW7v,85,j,2,0,2197.2999999970198,Ban on ethnic Halloween costumes,Climate change legislation,-1,1,1,7,4,2.1009317500027307,-2,3,4,-1.4570978266147974,-1,-2,-1,-3,-4,1,4,1,-1,3,4,1,Right,2.19729999999702
21,R_2yqNMBtsGVPHW7v,86,j,2,0,4498.29999999702,Tuition increases,Student worker unionization,-1,-1,-2,2,2,-1.4570978266147974,-2,5,4,-1.4570978266147974,2,2,0,0,3,0,3,0,0,0,-3,1,Right,4.49829999999702
21,R_2yqNMBtsGVPHW7v,87,j,2,0,879.3999999985099,Climate change legislation,Tuition increases,-1,-1,-2,3,4,-1.4570978266147974,-2,2,2,-1.4570978266147974,2,2,0,0,-1,0,1,0,0,0,1,1,Right,0.8793999999985099
21,R_2yqNMBtsGVPHW7v,88,j,2,0,1740.3000000044703,Detention of migrant children,Mask mandates,-1,-1,-2,2,1,-1.4570978266147974,-1,4,3,-0.27108796774228794,2,1,-1,1,2,1,2,1,-1,-1,-2,1,Right,1.7403000000044704
21,R_2yqNMBtsGVPHW7v,89,f,1,1,3271.4000000059605,Climate change legislation,Remove public Confederate memorials,-1,1,-2,3,4,-1.4570978266147974,-1,2,3,-0.27108796774228794,2,-1,3,-1,1,3,1,3,-3,-1,1,0,Left,3.2714000000059604
21,R_2yqNMBtsGVPHW7v,90,j,2,0,1084.8999999985099,Recognize Jerusalem as capital of Israel,Abolishing private prisons,1,1,-2,4,4,-1.4570978266147974,-1,6,3,-0.27108796774228794,-2,-1,1,1,2,1,2,-1,1,-1,-2,1,Right,1.0848999999985098
21,R_2yqNMBtsGVPHW7v,91,f,1,1,836.8999999985099,Climate change legislation,Ban on research with animals,1,1,-2,3,4,-1.4570978266147974,-1,3,4,-0.27108796774228794,-2,-1,-1,-1,0,1,0,-1,1,-1,0,0,Left,0.8368999999985098
21,R_2yqNMBtsGVPHW7v,92,j,2,0,1176.7999999970198,Recognize Jerusalem as capital of Israel,Remove public Confederate memorials,-1,-1,-2,4,4,-1.4570978266147974,-1,2,3,-0.27108796774228794,2,1,-1,1,-2,1,2,1,-1,-1,2,1,Right,1.1767999999970198
21,R_2yqNMBtsGVPHW7v,93,j,2,0,2593.4000000059605,Recognize Jerusalem as capital of Israel,Build southern border wall,1,-1,-2,4,4,-1.4570978266147974,-1,3,3,-0.27108796774228794,-2,1,3,1,-1,3,1,-3,3,-1,1,1,Right,2.5934000000059605
21,R_2yqNMBtsGVPHW7v,94,f,1,1,778,Gun-free campus police,Recognize Jerusalem as capital of Israel,1,-1,1,5,4,2.1009317500027307,-2,4,4,-1.4570978266147974,1,2,-1,3,1,1,1,-1,1,3,1,0,Left,0.778
21,R_2yqNMBtsGVPHW7v,95,f,1,1,1241.1000000014901,Abolishing private prisons,Climate change legislation,1,-1,-1,6,3,-0.27108796774228794,-2,3,4,-1.4570978266147974,-1,2,-3,1,3,3,3,-3,3,1,3,0,Left,1.24110000000149
21,R_2yqNMBtsGVPHW7v,96,j,2,0,2848.5,Hardening schools/Arming teachers,Detention of migrant children,1,-1,-1,5,4,-0.27108796774228794,-2,2,1,-1.4570978266147974,-1,2,3,-1,-3,3,3,-3,3,1,3,1,Right,2.8485
21,R_2yqNMBtsGVPHW7v,97,f,1,1,963.3999999985099,Recognize Jerusalem as capital of Israel,Student worker unionization,1,-1,-2,4,4,-1.4570978266147974,-2,5,4,-1.4570978266147974,-2,2,-4,0,-1,4,1,-4,4,0,-1,0,Left,0.9633999999985099
21,R_2yqNMBtsGVPHW7v,98,j,2,0,995.7999999970198,Climate change legislation,Hardening schools/Arming teachers,-1,1,-2,3,4,-1.4570978266147974,-1,5,4,-0.27108796774228794,2,-1,-3,1,2,3,2,3,-3,-1,-2,1,Right,0.9957999999970197
21,R_2yqNMBtsGVPHW7v,99,f,1,1,788.1000000014901,Recognize Jerusalem as capital of Israel,Detention of migrant children,-1,-1,-2,4,4,-1.4570978266147974,-2,2,1,-1.4570978266147974,2,2,0,0,2,0,2,0,0,0,2,0,Left,0.7881000000014902
21,R_2yqNMBtsGVPHW7v,100,f,1,1,857.6000000014901,Abolishing private prisons,Climate change legislation,1,1,-1,6,3,-0.27108796774228794,-2,3,4,-1.4570978266147974,-1,-2,1,1,3,1,3,1,-1,1,3,0,Left,0.8576000000014902
9,R_28CgpBloxvTog2t,1,f,1,1,5412.5,Legalization of marijuana,Defund Planned Parenthood,1,1,3,4,3,1.455822455986915,-3,7,3,-1.6703647126586711,3,-3,6,6,-3,6,3,6,-6,6,-3,0,Left,5.4125
9,R_28CgpBloxvTog2t,2,j,2,0,6243.899999976158,Defund Planned Parenthood,Mandatory trigger warnings,-1,1,-3,7,3,-1.6703647126586711,0,3,3,-0.10727112833587804,3,0,-3,3,-4,3,4,3,-3,-3,4,1,Right,6.243899999976158
9,R_28CgpBloxvTog2t,3,f,1,1,3228.699999988079,Raise the minimum wage,Lift COVID lockdowns,1,1,3,7,4,1.455822455986915,1,5,4,0.4137600664383863,3,1,2,2,2,2,2,2,-2,2,2,0,Left,3.228699999988079
9,R_28CgpBloxvTog2t,4,f,1,1,2123.2999999523163,Physician-assisted suicide,Religious exemptions for discrimination laws,1,-1,1,4,3,0.4137600664383863,-3,8,2,-1.6703647126586711,1,3,-2,4,-4,2,4,-2,2,4,-4,0,Left,2.1232999999523163
9,R_28CgpBloxvTog2t,5,f,1,1,2567.100000023842,Increased Gun regulations,Religious exemptions for discrimination laws,-1,-1,2,6,2,0.9347912612126507,-3,8,2,-1.6703647126586711,-2,3,-5,5,-2,5,2,-5,5,5,-2,0,Left,2.5671000000238418
9,R_28CgpBloxvTog2t,6,j,2,0,3109.5,Bathrooms restricted based on biological sex,Raise the minimum wage,1,-1,-2,5,4,-1.1493335178844069,3,7,4,1.455822455986915,-2,-3,-1,5,2,1,2,1,-1,-5,-2,1,Right,3.1095
9,R_28CgpBloxvTog2t,7,f,1,1,7016.200000047684,Allow alt-right speakers on campus,Mandatory training on sexual consent,1,-1,-2,5,3,-1.1493335178844069,3,8,3,1.455822455986915,-2,-3,1,-5,-3,1,3,1,-1,-5,-3,0,Left,7.016200000047684
9,R_28CgpBloxvTog2t,8,j,2,0,2724,Religious exemptions for discrimination laws,Allow alt-right speakers on campus,-1,-1,-3,8,2,-1.6703647126586711,-2,5,3,-1.1493335178844069,3,2,-1,1,-3,1,3,1,-1,-1,3,1,Right,2.724
9,R_28CgpBloxvTog2t,9,j,2,0,1973,Safe injection locations,Raise the minimum wage,-1,1,1,3,2,0.4137600664383863,3,7,4,1.455822455986915,-1,3,4,2,4,4,4,-4,4,-2,-4,1,Right,1.973
9,R_28CgpBloxvTog2t,10,f,1,1,1163.3999999761581,Raise the minimum wage,Legalization of marijuana,1,-1,3,7,4,1.455822455986915,3,4,3,1.455822455986915,3,-3,6,0,3,6,3,6,-6,0,3,0,Left,1.1633999999761582
9,R_28CgpBloxvTog2t,11,j,2,0,1566.300000011921,Religious exemptions for discrimination laws,Ban on research with animals,-1,-1,-3,8,2,-1.6703647126586711,2,5,3,0.9347912612126507,3,-2,-5,5,-3,5,3,5,-5,-5,3,1,Right,1.566300000011921
9,R_28CgpBloxvTog2t,12,j,2,0,1516.7999999523163,Religious exemptions for discrimination laws,Defund the police,1,1,-3,8,2,-1.6703647126586711,-1,5,3,-0.6283023231101424,-3,-1,2,2,-3,2,3,-2,2,-2,3,1,Right,1.5167999999523163
9,R_28CgpBloxvTog2t,13,j,2,0,1759.699999988079,Religious exemptions for discrimination laws,Remove police from schools,-1,-1,-3,8,2,-1.6703647126586711,-2,4,3,-1.1493335178844069,3,2,-1,1,-4,1,4,1,-1,-1,4,1,Right,1.7596999999880791
9,R_28CgpBloxvTog2t,14,j,2,0,1160,Defund Planned Parenthood,Ban on research with animals,-1,1,-3,7,3,-1.6703647126586711,2,5,3,0.9347912612126507,3,2,-1,5,-2,1,2,1,-1,-5,2,1,Right,1.16
9,R_28CgpBloxvTog2t,15,j,2,0,1931.5999999642372,Defund Planned Parenthood,Remove police from schools,1,1,-3,7,3,-1.6703647126586711,-2,4,3,-1.1493335178844069,-3,-2,1,1,-3,1,3,-1,1,-1,3,1,Right,1.9315999999642373
9,R_28CgpBloxvTog2t,16,j,2,0,3042,Mandatory trigger warnings,Mandatory training on sexual consent,-1,1,0,3,3,-0.10727112833587804,3,8,3,1.455822455986915,-0,3,3,3,5,3,5,-3,3,-3,-5,1,Right,3.042
9,R_28CgpBloxvTog2t,17,f,1,1,1688.2000000476837,Black Lives Matter,Religious exemptions for discrimination laws,1,1,1,6,3,0.4137600664383863,-3,8,2,-1.6703647126586711,1,-3,4,4,-2,4,2,4,-4,4,-2,0,Left,1.6882000000476838
9,R_28CgpBloxvTog2t,18,f,1,1,1443.800000011921,Legalization of marijuana,Religious exemptions for discrimination laws,1,-1,3,4,3,1.455822455986915,-3,8,2,-1.6703647126586711,3,3,0,6,-4,0,4,0,0,6,-4,0,Left,1.4438000000119209
9,R_28CgpBloxvTog2t,19,j,2,0,1079.300000011921,Religious exemptions for discrimination laws,Tuition increases,1,1,-3,8,2,-1.6703647126586711,-3,6,4,-1.6703647126586711,-3,-3,0,0,-2,0,2,0,0,0,2,1,Right,1.0793000000119208
9,R_28CgpBloxvTog2t,20,f,1,1,3600.199999988079,Mask mandates,Religious exemptions for discrimination laws,1,1,1,5,3,0.4137600664383863,-3,8,2,-1.6703647126586711,1,-3,4,4,-3,4,3,4,-4,4,-3,0,Left,3.600199999988079
9,R_28CgpBloxvTog2t,21,f,1,1,18929.600000023842,Dorms determined by gender identity,Mandatory training on sexual consent,-1,-1,0,4,2,-0.10727112833587804,3,8,3,1.455822455986915,-0,-3,3,-3,-4,3,4,3,-3,-3,-4,0,Left,18.929600000023843
9,R_28CgpBloxvTog2t,22,f,1,1,1415.800000011921,Legalization of marijuana,Mandatory training on sexual consent,1,-1,3,4,3,1.455822455986915,3,8,3,1.455822455986915,3,-3,6,0,-4,6,4,6,-6,0,-4,0,Left,1.4158000000119209
9,R_28CgpBloxvTog2t,23,f,1,1,2668,Physician-assisted suicide,Detention of migrant children,-1,1,1,4,3,0.4137600664383863,-3,8,3,-1.6703647126586711,-1,-3,2,4,-4,2,4,2,-2,4,-4,0,Left,2.668
9,R_28CgpBloxvTog2t,24,f,1,1,4079.5,Remove Christopher Columbus statues,Raise the minimum wage,-1,-1,1,6,2,0.4137600664383863,3,7,4,1.455822455986915,-1,-3,2,-2,-1,2,1,2,-2,-2,-1,0,Left,4.0795
9,R_28CgpBloxvTog2t,25,j,2,0,4558.100000023842,Stop police brutality,Defund Planned Parenthood,-1,-1,2,7,3,0.9347912612126507,-3,7,3,-1.6703647126586711,-2,3,5,-5,0,5,0,-5,5,5,0,1,Right,4.558100000023842
9,R_28CgpBloxvTog2t,26,f,1,1,2071.100000023842,Abortion rights,Mandatory training on sexual consent,1,1,3,5,3,1.455822455986915,3,8,3,1.455822455986915,3,3,0,0,-3,0,3,0,0,0,-3,0,Left,2.0711000000238418
9,R_28CgpBloxvTog2t,27,j,2,0,3462.100000023842,Detention of migrant children,Lift COVID lockdowns,-1,1,-3,8,3,-1.6703647126586711,1,5,4,0.4137600664383863,3,1,-2,4,-3,2,3,2,-2,-4,3,1,Right,3.4621000000238418
9,R_28CgpBloxvTog2t,28,f,1,1,5738,Mandatory training on sexual consent,Legalization of marijuana,-1,-1,3,8,3,1.455822455986915,3,4,3,1.455822455986915,-3,-3,0,0,4,0,4,0,0,0,4,0,Left,5.738
9,R_28CgpBloxvTog2t,29,f,1,1,4343.700000047684,Detention of migrant children,Remove police from schools,-1,1,-3,8,3,-1.6703647126586711,-2,4,3,-1.1493335178844069,3,-2,5,-1,4,5,4,5,-5,-1,4,0,Left,4.343700000047684
9,R_28CgpBloxvTog2t,30,j,2,0,1928.699999988079,Legalization of marijuana,Mandatory training on sexual consent,-1,1,3,4,3,1.455822455986915,3,8,3,1.455822455986915,-3,3,6,0,4,6,4,-6,6,0,-4,1,Right,1.9286999999880792
9,R_28CgpBloxvTog2t,31,j,2,0,9761.199999988079,Remove police from schools,Raise the minimum wage,-1,1,-2,4,3,-1.1493335178844069,3,7,4,1.455822455986915,2,3,1,5,3,1,3,-1,1,-5,-3,1,Right,9.76119999998808
9,R_28CgpBloxvTog2t,32,f,1,1,2572.399999976158,Safe injection locations,Mandatory training on sexual consent,1,-1,1,3,2,0.4137600664383863,3,8,3,1.455822455986915,1,-3,4,-2,-5,4,5,4,-4,-2,-5,0,Left,2.572399999976158
9,R_28CgpBloxvTog2t,33,j,2,0,2402.199999988079,Increased Gun regulations,Raise the minimum wage,-1,1,2,6,2,0.9347912612126507,3,7,4,1.455822455986915,-2,3,5,1,1,5,1,-5,5,-1,-1,1,Right,2.402199999988079
9,R_28CgpBloxvTog2t,34,f,1,1,2902,Defund Planned Parenthood,Abortion rights,-1,-1,-3,7,3,-1.6703647126586711,3,5,3,1.455822455986915,3,-3,6,-6,2,6,2,6,-6,-6,2,0,Left,2.902
9,R_28CgpBloxvTog2t,35,f,1,1,1987.800000011921,Ban on ethnic Halloween costumes,Raise the minimum wage,1,-1,2,7,3,0.9347912612126507,3,7,4,1.455822455986915,2,-3,5,-1,0,5,0,5,-5,-1,0,0,Left,1.987800000011921
9,R_28CgpBloxvTog2t,36,f,1,1,2098,Detention of migrant children,Stop police brutality,-1,-1,-3,8,3,-1.6703647126586711,2,7,3,0.9347912612126507,3,-2,5,-5,1,5,1,5,-5,-5,1,0,Left,2.098
9,R_28CgpBloxvTog2t,37,f,1,1,6088.300000011921,Defund the police,Raise the minimum wage,1,-1,-1,5,3,-0.6283023231101424,3,7,4,1.455822455986915,-1,-3,2,-4,-2,2,2,2,-2,-4,-2,0,Left,6.0883000000119205
9,R_28CgpBloxvTog2t,38,j,2,0,1818.3999999761581,Mandatory training on sexual consent,Mandatory training on sexual consent,-1,1,3,8,3,1.455822455986915,3,8,3,1.455822455986915,-3,3,6,0,0,6,0,-6,6,0,0,1,Right,1.8183999999761582
9,R_28CgpBloxvTog2t,39,f,1,1,4613.800000011921,Raise the minimum wage,Religious exemptions for discrimination laws,-1,1,3,7,4,1.455822455986915,-3,8,2,-1.6703647126586711,-3,-3,0,6,-1,0,1,0,0,6,-1,0,Left,4.613800000011921
9,R_28CgpBloxvTog2t,40,j,2,0,2281.600000023842,Detention of migrant children,Tuition increases,1,-1,-3,8,3,-1.6703647126586711,-3,6,4,-1.6703647126586711,-3,3,6,0,-2,6,2,-6,6,0,2,1,Right,2.281600000023842
9,R_28CgpBloxvTog2t,41,j,2,0,1293.1000000238419,Religious exemptions for discrimination laws,Abortion rights,1,1,-3,8,2,-1.6703647126586711,3,5,3,1.455822455986915,-3,3,6,6,-3,6,3,-6,6,-6,3,1,Right,1.293100000023842
9,R_28CgpBloxvTog2t,42,f,1,1,1260.5,Mandatory training on sexual consent,Expel students with white nationlist views,1,-1,3,8,3,1.455822455986915,0,0,1,-0.10727112833587804,3,-0,3,3,8,3,8,3,-3,3,8,0,Left,1.2605
9,R_28CgpBloxvTog2t,43,j,2,0,1614,Religious exemptions for discrimination laws,Ban on ethnic Halloween costumes,1,-1,-3,8,2,-1.6703647126586711,2,7,3,0.9347912612126507,-3,-2,1,5,-1,1,1,-1,1,-5,1,1,Right,1.614
9,R_28CgpBloxvTog2t,44,f,1,1,1279.6000000238419,Raise the minimum wage,Gun-free campus police,1,-1,3,7,4,1.455822455986915,1,4,2,0.4137600664383863,3,-1,4,2,3,4,3,4,-4,2,3,0,Left,1.2796000000238419
9,R_28CgpBloxvTog2t,45,j,2,0,1193.800000011921,Dorms determined by gender identity,Mandatory training on sexual consent,1,1,0,4,2,-0.10727112833587804,3,8,3,1.455822455986915,0,3,3,3,4,3,4,-3,3,-3,-4,1,Right,1.1938000000119209
9,R_28CgpBloxvTog2t,46,j,2,0,2103.600000023842,Mandatory training on sexual consent,Expel students with white nationlist views,-1,1,3,8,3,1.455822455986915,0,0,1,-0.10727112833587804,-3,0,3,-3,-8,3,8,-3,3,3,8,1,Right,2.103600000023842
9,R_28CgpBloxvTog2t,47,f,1,1,1102.800000011921,Mandatory training on sexual consent,Raise the minimum wage,1,-1,3,8,3,1.455822455986915,3,7,4,1.455822455986915,3,-3,6,0,1,6,1,6,-6,0,1,0,Left,1.102800000011921
9,R_28CgpBloxvTog2t,48,j,2,0,3016.800000011921,Defund Planned Parenthood,Remove police from schools,-1,1,-3,7,3,-1.6703647126586711,-2,4,3,-1.1493335178844069,3,-2,-5,1,-3,5,3,5,-5,-1,3,1,Right,3.016800000011921
9,R_28CgpBloxvTog2t,49,j,2,0,1863,Mandatory training on sexual consent,Mandatory trigger warnings,-1,-1,3,8,3,1.455822455986915,0,3,3,-0.10727112833587804,-3,-0,3,-3,-5,3,5,-3,3,3,5,1,Right,1.863
9,R_28CgpBloxvTog2t,50,f,1,1,3534.099999964237,Defund Planned Parenthood,Black Lives Matter,-1,1,-3,7,3,-1.6703647126586711,1,6,3,0.4137600664383863,3,1,2,-4,1,2,1,2,-2,-4,1,0,Left,3.534099999964237
9,R_28CgpBloxvTog2t,51,j,2,0,3048.300000011921,Defund Planned Parenthood,Tuition increases,1,1,-3,7,3,-1.6703647126586711,-3,6,4,-1.6703647126586711,-3,-3,0,0,-1,0,1,0,0,0,1,1,Right,3.048300000011921
9,R_28CgpBloxvTog2t,52,j,2,0,2543.7999999523163,Remove public Confederate memorials,Detention of migrant children,1,-1,1,6,3,0.4137600664383863,-3,8,3,-1.6703647126586711,1,3,2,-4,2,2,2,-2,2,4,-2,1,Right,2.5437999999523164
9,R_28CgpBloxvTog2t,53,j,2,0,1796.800000011921,Recognize Jerusalem as capital of Israel,Raise the minimum wage,1,1,0,0,1,-0.10727112833587804,3,7,4,1.455822455986915,0,3,3,3,7,3,7,-3,3,-3,-7,1,Right,1.7968000000119209
9,R_28CgpBloxvTog2t,54,j,2,0,1728.699999988079,Religious exemptions for discrimination laws,Ban on ethnic Halloween costumes,1,1,-3,8,2,-1.6703647126586711,2,7,3,0.9347912612126507,-3,2,5,5,-1,5,1,-5,5,-5,1,1,Right,1.728699999988079
9,R_28CgpBloxvTog2t,55,f,1,1,1061.199999988079,Mandatory training on sexual consent,Gun-free campus police,1,-1,3,8,3,1.455822455986915,1,4,2,0.4137600664383863,3,-1,4,2,4,4,4,4,-4,2,4,0,Left,1.061199999988079
9,R_28CgpBloxvTog2t,56,f,1,1,1898.0999999642372,Gun-free campus police,Detention of migrant children,1,1,1,4,2,0.4137600664383863,-3,8,3,-1.6703647126586711,1,-3,4,4,-4,4,4,4,-4,4,-4,0,Left,1.8980999999642372
9,R_28CgpBloxvTog2t,57,j,2,0,1976.2999999523163,Hardening schools/Arming teachers,Mandatory training on sexual consent,-1,1,-2,6,2,-1.1493335178844069,3,8,3,1.455822455986915,2,3,1,5,2,1,2,-1,1,-5,-2,1,Right,1.9762999999523163
9,R_28CgpBloxvTog2t,58,f,1,1,3800.600000023842,Tuition increases,Defund Planned Parenthood,-1,-1,-3,6,4,-1.6703647126586711,-3,7,3,-1.6703647126586711,3,3,0,0,-1,0,1,0,0,0,-1,0,Left,3.800600000023842
9,R_28CgpBloxvTog2t,59,j,2,0,1376.2999999523163,Religious exemptions for discrimination laws,Increased Gun regulations,1,-1,-3,8,2,-1.6703647126586711,2,6,2,0.9347912612126507,-3,-2,1,5,-2,1,2,-1,1,-5,2,1,Right,1.3762999999523162
9,R_28CgpBloxvTog2t,60,j,2,0,2283.900000035763,Defund Planned Parenthood,Ban on ethnic Halloween costumes,1,-1,-3,7,3,-1.6703647126586711,2,7,3,0.9347912612126507,-3,-2,1,5,0,1,0,-1,1,-5,0,1,Right,2.283900000035763
9,R_28CgpBloxvTog2t,61,j,2,0,2004.699999988079,Defund Planned Parenthood,Hardening schools/Arming teachers,-1,-1,-3,7,3,-1.6703647126586711,-2,6,2,-1.1493335178844069,3,2,-1,1,-1,1,1,1,-1,-1,1,1,Right,2.004699999988079
9,R_28CgpBloxvTog2t,62,j,2,0,1885.5,Religious exemptions for discrimination laws,Remove Christopher Columbus statues,1,-1,-3,8,2,-1.6703647126586711,1,6,2,0.4137600664383863,-3,-1,2,4,-2,2,2,-2,2,-4,2,1,Right,1.8855
9,R_28CgpBloxvTog2t,63,f,1,1,2927.400000035763,University Campus should be a Sanctuary,Defund Planned Parenthood,1,1,1,4,2,0.4137600664383863,-3,7,3,-1.6703647126586711,1,-3,4,4,-3,4,3,4,-4,4,-3,0,Left,2.927400000035763
9,R_28CgpBloxvTog2t,64,j,2,0,1890.3999999761581,Black Lives Matter,Religious exemptions for discrimination laws,-1,-1,1,6,3,0.4137600664383863,-3,8,2,-1.6703647126586711,-1,3,4,-4,2,4,2,-4,4,4,-2,1,Right,1.890399999976158
9,R_28CgpBloxvTog2t,65,j,2,0,1537.5999999642372,Lift COVID lockdowns,Mandatory training on sexual consent,-1,1,1,5,4,0.4137600664383863,3,8,3,1.455822455986915,-1,3,4,2,3,4,3,-4,4,-2,-3,1,Right,1.5375999999642371
9,R_28CgpBloxvTog2t,66,j,2,0,2371.7000000476837,Abortion rights,Raise the minimum wage,-1,-1,3,5,3,1.455822455986915,3,7,4,1.455822455986915,-3,-3,0,0,2,0,2,0,0,0,-2,1,Right,2.3717000000476838
9,R_28CgpBloxvTog2t,67,j,2,0,2674.800000011921,Defund Planned Parenthood,Tuition increases,1,-1,-3,7,3,-1.6703647126586711,-3,6,4,-1.6703647126586711,-3,3,6,0,-1,6,1,-6,6,0,1,1,Right,2.674800000011921
9,R_28CgpBloxvTog2t,68,f,1,1,720.6999999880791,Abortion rights,Defund Planned Parenthood,1,1,3,5,3,1.455822455986915,-3,7,3,-1.6703647126586711,3,-3,6,6,-2,6,2,6,-6,6,-2,0,Left,0.7206999999880791
9,R_28CgpBloxvTog2t,69,f,1,1,865.8000000119209,Raise the minimum wage,Remove public Confederate memorials,1,-1,3,7,4,1.455822455986915,1,6,3,0.4137600664383863,3,-1,4,2,1,4,1,4,-4,2,1,0,Left,0.8658000000119209
9,R_28CgpBloxvTog2t,70,j,2,0,1498.6000000238419,Religious exemptions for discrimination laws,Safe injection locations,-1,1,-3,8,2,-1.6703647126586711,1,3,2,0.4137600664383863,3,1,-2,4,-5,2,5,2,-2,-4,5,1,Right,1.4986000000238417
9,R_28CgpBloxvTog2t,71,f,1,1,2920.300000011921,Remove police from schools,Raise the minimum wage,-1,-1,-2,4,3,-1.1493335178844069,3,7,4,1.455822455986915,2,-3,5,-5,-3,5,3,5,-5,-5,-3,0,Left,2.920300000011921
9,R_28CgpBloxvTog2t,72,j,2,0,2508.800000011921,Defund Planned Parenthood,Increased Gun regulations,1,-1,-3,7,3,-1.6703647126586711,2,6,2,0.9347912612126507,-3,-2,1,5,-1,1,1,-1,1,-5,1,1,Right,2.508800000011921
9,R_28CgpBloxvTog2t,73,f,1,1,1888.800000011921,Allow alt-right speakers on campus,Religious exemptions for discrimination laws,-1,1,-2,5,3,-1.1493335178844069,-3,8,2,-1.6703647126586711,2,-3,5,1,-3,5,3,5,-5,1,-3,0,Left,1.888800000011921
9,R_28CgpBloxvTog2t,74,f,1,1,2789.2000000476837,Dorms determined by gender identity,Defund Planned Parenthood,1,-1,0,4,2,-0.10727112833587804,-3,7,3,-1.6703647126586711,0,3,-3,3,-3,3,3,-3,3,3,-3,0,Left,2.7892000000476838
9,R_28CgpBloxvTog2t,75,f,1,1,5055.100000023842,Religious exemptions for discrimination laws,Abortion rights,-1,-1,-3,8,2,-1.6703647126586711,3,5,3,1.455822455986915,3,-3,6,-6,3,6,3,6,-6,-6,3,0,Left,5.055100000023842
9,R_28CgpBloxvTog2t,76,j,2,0,5301.399999976158,Detention of migrant children,Defund Planned Parenthood,-1,-1,-3,8,3,-1.6703647126586711,-3,7,3,-1.6703647126586711,3,3,0,0,-1,0,1,0,0,0,1,1,Right,5.301399999976158
9,R_28CgpBloxvTog2t,77,f,1,1,2125.900000035763,Defund Planned Parenthood,Mandatory drug tests for welfare recipients,-1,1,-3,7,3,-1.6703647126586711,-1,5,2,-0.6283023231101424,3,-1,4,-2,2,4,2,4,-4,-2,2,0,Left,2.1259000000357626
9,R_28CgpBloxvTog2t,78,j,2,0,1862.8999999761581,Legalization of marijuana,Raise the minimum wage,1,1,3,4,3,1.455822455986915,3,7,4,1.455822455986915,3,3,0,0,3,0,3,0,0,0,-3,1,Right,1.8628999999761582
9,R_28CgpBloxvTog2t,79,j,2,0,1613.5,Safe injection locations,Defund Planned Parenthood,1,-1,1,3,2,0.4137600664383863,-3,7,3,-1.6703647126586711,1,3,2,-4,4,2,4,-2,2,4,-4,1,Right,1.6135
9,R_28CgpBloxvTog2t,80,f,1,1,2958.099999964237,Remove police from schools,Mandatory training on sexual consent,1,-1,-2,4,3,-1.1493335178844069,3,8,3,1.455822455986915,-2,-3,1,-5,-4,1,4,1,-1,-5,-4,0,Left,2.958099999964237
9,R_28CgpBloxvTog2t,81,j,2,0,1810.7999999523163,Defund Planned Parenthood,Remove Christopher Columbus statues,1,1,-3,7,3,-1.6703647126586711,1,6,2,0.4137600664383863,-3,1,4,4,-1,4,1,-4,4,-4,1,1,Right,1.8107999999523163
9,R_28CgpBloxvTog2t,82,j,2,0,3286.600000023842,Defund Planned Parenthood,Allow alt-right speakers on campus,1,-1,-3,7,3,-1.6703647126586711,-2,5,3,-1.1493335178844069,-3,2,5,1,-2,5,2,-5,5,-1,2,1,Right,3.286600000023842
9,R_28CgpBloxvTog2t,83,f,1,1,1621.300000011921,Raise the minimum wage,Bathrooms restricted based on biological sex,1,1,3,7,4,1.455822455986915,-2,5,4,-1.1493335178844069,3,-2,5,5,2,5,2,5,-5,5,2,0,Left,1.6213000000119209
9,R_28CgpBloxvTog2t,84,j,2,0,2532,Religious exemptions for discrimination laws,Abortion rights,1,-1,-3,8,2,-1.6703647126586711,3,5,3,1.455822455986915,-3,-3,0,6,-3,0,3,0,0,-6,3,1,Right,2.532
9,R_28CgpBloxvTog2t,85,j,2,0,3883.599999964237,Tuition increases,Detention of migrant children,-1,-1,-3,6,4,-1.6703647126586711,-3,8,3,-1.6703647126586711,3,3,0,0,2,0,2,0,0,0,-2,1,Right,3.883599999964237
9,R_28CgpBloxvTog2t,86,j,2,0,1892.9000000357628,Raise the minimum wage,Raise the minimum wage,-1,1,3,7,4,1.455822455986915,3,7,4,1.455822455986915,-3,3,6,0,0,6,0,-6,6,0,0,1,Right,1.8929000000357628
9,R_28CgpBloxvTog2t,87,j,2,0,3216.599999964237,Tuition increases,Defund Planned Parenthood,1,-1,-3,6,4,-1.6703647126586711,-3,7,3,-1.6703647126586711,-3,3,6,0,1,6,1,-6,6,0,-1,1,Right,3.216599999964237
9,R_28CgpBloxvTog2t,88,f,1,1,2373.300000011921,Abortion rights,Defund Planned Parenthood,1,-1,3,5,3,1.455822455986915,-3,7,3,-1.6703647126586711,3,3,0,6,-2,0,2,0,0,6,-2,0,Left,2.373300000011921
9,R_28CgpBloxvTog2t,89,j,2,0,3949.7000000476837,Detention of migrant children,Remove police from schools,1,-1,-3,8,3,-1.6703647126586711,-2,4,3,-1.1493335178844069,-3,2,5,1,-4,5,4,-5,5,-1,4,1,Right,3.9497000000476836
9,R_28CgpBloxvTog2t,90,j,2,0,16306.899999976158,Detention of migrant children,Defund Planned Parenthood,1,-1,-3,8,3,-1.6703647126586711,-3,7,3,-1.6703647126586711,-3,3,6,0,-1,6,1,-6,6,0,1,1,Right,16.306899999976157
9,R_28CgpBloxvTog2t,91,f,1,1,2208.300000011921,Stop police brutality,Detention of migrant children,1,-1,2,7,3,0.9347912612126507,-3,8,3,-1.6703647126586711,2,3,-1,5,-1,1,1,-1,1,5,-1,0,Left,2.208300000011921
9,R_28CgpBloxvTog2t,92,f,1,1,2146.5,Hardening schools/Arming teachers,Mandatory training on sexual consent,-1,-1,-2,6,2,-1.1493335178844069,3,8,3,1.455822455986915,2,-3,5,-5,-2,5,2,5,-5,-5,-2,0,Left,2.1465
9,R_28CgpBloxvTog2t,93,j,2,0,4863.300000011921,Gun-free campus police,Defund Planned Parenthood,1,-1,1,4,2,0.4137600664383863,-3,7,3,-1.6703647126586711,1,3,2,-4,3,2,3,-2,2,4,-3,1,Right,4.863300000011921
9,R_28CgpBloxvTog2t,94,j,2,0,3099.2999999523163,Detention of migrant children,Safe injection locations,1,-1,-3,8,3,-1.6703647126586711,1,3,2,0.4137600664383863,-3,-1,2,4,-5,2,5,-2,2,-4,5,1,Right,3.0992999999523163
9,R_28CgpBloxvTog2t,95,f,1,1,783.6000000238419,Mandatory training on sexual consent,Safe injection locations,1,-1,3,8,3,1.455822455986915,1,3,2,0.4137600664383863,3,-1,4,2,5,4,5,4,-4,2,5,0,Left,0.7836000000238419
9,R_28CgpBloxvTog2t,96,f,1,1,2090.599999964237,Mandatory vaccinations,Defund Planned Parenthood,-1,1,-2,6,3,-1.1493335178844069,-3,7,3,-1.6703647126586711,2,-3,5,1,-1,5,1,5,-5,1,-1,0,Left,2.0905999999642373
9,R_28CgpBloxvTog2t,97,f,1,1,3508.399999976158,Mandatory drug tests for welfare recipients,Defund Planned Parenthood,-1,1,-1,5,2,-0.6283023231101424,-3,7,3,-1.6703647126586711,1,-3,4,2,-2,4,2,4,-4,2,-2,0,Left,3.508399999976158
9,R_28CgpBloxvTog2t,98,j,2,0,1742.8999999761581,Tuition increases,Mandatory training on sexual consent,1,1,-3,6,4,-1.6703647126586711,3,8,3,1.455822455986915,-3,3,6,6,2,6,2,-6,6,-6,-2,1,Right,1.742899999976158
9,R_28CgpBloxvTog2t,99,f,1,1,1673.5,Stop police brutality,Defund Planned Parenthood,1,-1,2,7,3,0.9347912612126507,-3,7,3,-1.6703647126586711,2,3,-1,5,0,1,0,-1,1,5,0,0,Left,1.6735
9,R_28CgpBloxvTog2t,100,f,1,1,6794.399999976158,Legalization of marijuana,Defund Planned Parenthood,-1,1,3,4,3,1.455822455986915,-3,7,3,-1.6703647126586711,-3,-3,0,6,-3,0,3,0,0,6,-3,0,Left,6.794399999976158
23,R_2z8eY2Xx6z2jvr5,1,f,1,1,1210.300000000745,Legalization of marijuana,Build southern border wall,1,-1,3,2,3,0.8187639480652874,-3,7,3,-1.5275446792262826,3,3,0,6,-5,0,5,0,0,6,-5,0,Left,1.2103000000007451
23,R_2z8eY2Xx6z2jvr5,2,j,2,0,2218.10000000149,Mask mandates,Build southern border wall,-1,-1,2,6,3,0.4277125101833591,-3,7,3,-1.5275446792262826,-2,3,5,-5,1,5,1,-5,5,5,-1,1,Right,2.21810000000149
23,R_2z8eY2Xx6z2jvr5,3,j,2,0,2545.10000000149,War on Drugs,Mandatory drug tests for welfare recipients,1,-1,-3,4,2,-1.5275446792262826,-3,6,2,-1.5275446792262826,-3,3,6,0,2,6,2,-6,6,0,-2,1,Right,2.54510000000149
23,R_2z8eY2Xx6z2jvr5,4,f,1,1,1799.199999999255,Climate change legislation,Mandatory vaccinations,1,-1,3,6,2,0.8187639480652874,0,4,2,-0.3543903655804975,3,-0,3,3,2,3,2,3,-3,3,2,0,Left,1.799199999999255
23,R_2z8eY2Xx6z2jvr5,5,f,1,1,2294.800000000745,Build southern border wall,Mandatory trigger warnings,-1,-1,-3,7,3,-1.5275446792262826,0,2,1,-0.3543903655804975,3,-0,3,-3,5,3,5,3,-3,-3,5,0,Left,2.294800000000745
23,R_2z8eY2Xx6z2jvr5,6,f,1,1,1830.699999999255,Gun-free campus police,On campus concealed carry,1,1,3,4,2,0.8187639480652874,-2,2,1,-1.1364932413443543,3,-2,5,5,2,5,2,5,-5,5,2,0,Left,1.830699999999255
23,R_2z8eY2Xx6z2jvr5,7,j,2,0,2511.60000000149,Mask mandates,Bathrooms restricted based on biological sex,1,-1,2,6,3,0.4277125101833591,-3,6,3,-1.5275446792262826,2,3,1,-5,0,1,0,-1,1,5,0,1,Right,2.51160000000149
23,R_2z8eY2Xx6z2jvr5,8,f,1,1,2892.5,Remove Christopher Columbus statues,Legalization of marijuana,-1,-1,3,4,3,0.8187639480652874,3,2,3,0.8187639480652874,-3,-3,0,0,2,0,2,0,0,0,2,0,Left,2.8925
23,R_2z8eY2Xx6z2jvr5,9,f,1,1,2002,Climate change legislation,Legalization of marijuana,1,1,3,6,2,0.8187639480652874,3,2,3,0.8187639480652874,3,3,0,0,4,0,4,0,0,0,4,0,Left,2.002
23,R_2z8eY2Xx6z2jvr5,10,j,2,0,2655.5,Gun-free campus police,Legalization of marijuana,-1,1,3,4,2,0.8187639480652874,3,2,3,0.8187639480652874,-3,3,6,0,-2,6,2,-6,6,0,2,1,Right,2.6555
23,R_2z8eY2Xx6z2jvr5,11,j,2,0,2433.800000000745,Detention of migrant children,Ban on research with animals,1,-1,-3,8,3,-1.5275446792262826,3,7,2,0.8187639480652874,-3,-3,0,6,-1,0,1,0,0,-6,1,1,Right,2.433800000000745
23,R_2z8eY2Xx6z2jvr5,12,f,1,1,3181.400000002235,Bathrooms restricted based on biological sex,Mandatory trigger warnings,-1,1,-3,6,3,-1.5275446792262826,0,2,1,-0.3543903655804975,3,0,3,-3,4,3,4,3,-3,-3,4,0,Left,3.181400000002235
23,R_2z8eY2Xx6z2jvr5,13,f,1,1,2986.800000000745,Mandatory drug tests for welfare recipients,Build southern border wall,-1,-1,-3,6,2,-1.5275446792262826,-3,7,3,-1.5275446792262826,3,3,0,0,-1,0,1,0,0,0,-1,0,Left,2.986800000000745
23,R_2z8eY2Xx6z2jvr5,14,f,1,1,3024.300000000745,"Boycott, Divest, and Sanction Israel",Mandatory drug tests for welfare recipients,1,1,2,4,1,0.4277125101833591,-3,6,2,-1.5275446792262826,2,-3,5,5,-2,5,2,5,-5,5,-2,0,Left,3.024300000000745
23,R_2z8eY2Xx6z2jvr5,15,f,1,1,2569.7999999970198,Mandatory training on sexual consent,On campus concealed carry,1,-1,3,6,2,0.8187639480652874,-2,2,1,-1.1364932413443543,3,2,1,5,4,1,4,1,-1,5,4,0,Left,2.5697999999970196
23,R_2z8eY2Xx6z2jvr5,16,j,2,0,5522.699999999255,Safe injection locations,Mask mandates,-1,-1,3,6,2,0.8187639480652874,2,6,3,0.4277125101833591,-3,-2,1,-1,0,1,0,-1,1,1,0,1,Right,5.522699999999255
23,R_2z8eY2Xx6z2jvr5,17,f,1,1,2665.60000000149,Ban on research with animals,Dorms determined by gender identity,-1,1,3,7,2,0.8187639480652874,-1,4,1,-0.7454418034624258,-3,-1,-2,4,3,2,3,-2,2,4,3,0,Left,2.6656000000014903
23,R_2z8eY2Xx6z2jvr5,18,f,1,1,3955.5,Safe injection locations,Expel students with white nationlist views,1,-1,3,6,2,0.8187639480652874,1,4,2,0.03666107230143078,3,-1,4,2,2,4,2,4,-4,2,2,0,Left,3.9555
23,R_2z8eY2Xx6z2jvr5,19,f,1,1,1626.800000000745,Mask mandates,War on Drugs,1,1,2,6,3,0.4277125101833591,-3,4,2,-1.5275446792262826,2,-3,5,5,2,5,2,5,-5,5,2,0,Left,1.626800000000745
23,R_2z8eY2Xx6z2jvr5,20,j,2,0,3450,Legalization of marijuana,Ban on research with animals,-1,-1,3,2,3,0.8187639480652874,3,7,2,0.8187639480652874,-3,-3,0,0,5,0,5,0,0,0,-5,1,Right,3.45
23,R_2z8eY2Xx6z2jvr5,21,f,1,1,7027.60000000149,On campus concealed carry,Affirmative action,-1,-1,-2,2,1,-1.1364932413443543,3,6,3,0.8187639480652874,2,-3,5,-5,-4,5,4,5,-5,-5,-4,0,Left,7.02760000000149
23,R_2z8eY2Xx6z2jvr5,22,j,2,0,2644.10000000149,Build southern border wall,Ban on research with animals,1,1,-3,7,3,-1.5275446792262826,3,7,2,0.8187639480652874,-3,3,6,6,0,6,0,-6,6,-6,0,1,Right,2.6441000000014903
23,R_2z8eY2Xx6z2jvr5,23,f,1,1,4899.699999999255,On campus concealed carry,Hardening schools/Arming teachers,-1,1,-2,2,1,-1.1364932413443543,-3,4,2,-1.5275446792262826,2,-3,5,1,-2,5,2,5,-5,1,-2,0,Left,4.899699999999255
23,R_2z8eY2Xx6z2jvr5,24,f,1,1,3034.699999999255,Detention of migrant children,Build southern border wall,-1,1,-3,8,3,-1.5275446792262826,-3,7,3,-1.5275446792262826,3,-3,6,0,1,6,1,6,-6,0,1,0,Left,3.0346999999992548
23,R_2z8eY2Xx6z2jvr5,25,f,1,1,2189.5,Increased Gun regulations,Black Lives Matter,1,-1,3,4,2,0.8187639480652874,3,6,3,0.8187639480652874,3,-3,6,0,-2,6,2,6,-6,0,-2,0,Left,2.1895
23,R_2z8eY2Xx6z2jvr5,26,j,2,0,2105.800000000745,Legalization of marijuana,Defund the police,-1,1,3,2,3,0.8187639480652874,3,6,3,0.8187639480652874,-3,3,6,0,4,6,4,-6,6,0,-4,1,Right,2.105800000000745
23,R_2z8eY2Xx6z2jvr5,27,j,2,0,4142.89999999851,Build southern border wall,Physician-assisted suicide,1,-1,-3,7,3,-1.5275446792262826,3,6,3,0.8187639480652874,-3,-3,0,6,-1,0,1,0,0,-6,1,1,Right,4.14289999999851
23,R_2z8eY2Xx6z2jvr5,28,j,2,0,2825.5,Stop police brutality,War on Drugs,-1,-1,3,8,3,0.8187639480652874,-3,4,2,-1.5275446792262826,-3,3,6,-6,-4,6,4,-6,6,6,4,1,Right,2.8255
23,R_2z8eY2Xx6z2jvr5,29,j,2,0,3125.39999999851,Remove Christopher Columbus statues,Cuts to National Parks budget,-1,1,3,4,3,0.8187639480652874,-2,4,1,-1.1364932413443543,-3,-2,1,-5,0,1,0,-1,1,5,0,1,Right,3.12539999999851
23,R_2z8eY2Xx6z2jvr5,30,f,1,1,2133.900000002235,Mandatory vaccinations,Build southern border wall,-1,1,0,4,2,-0.3543903655804975,-3,7,3,-1.5275446792262826,-0,-3,3,3,-3,3,3,3,-3,3,-3,0,Left,2.1339000000022352
23,R_2z8eY2Xx6z2jvr5,31,j,2,0,2155.699999999255,Build southern border wall,Remove Christopher Columbus statues,1,1,-3,7,3,-1.5275446792262826,3,4,3,0.8187639480652874,-3,3,6,6,-3,6,3,-6,6,-6,3,1,Right,2.1556999999992548
23,R_2z8eY2Xx6z2jvr5,32,f,1,1,3272.599999997765,"Boycott, Divest, and Sanction Israel",Black Lives Matter,-1,-1,2,4,1,0.4277125101833591,3,6,3,0.8187639480652874,-2,-3,1,-1,-2,1,2,1,-1,-1,-2,0,Left,3.2725999999977646
23,R_2z8eY2Xx6z2jvr5,33,j,2,0,2804,Gun-free campus police,Physician-assisted suicide,-1,-1,3,4,2,0.8187639480652874,3,6,3,0.8187639480652874,-3,-3,0,0,2,0,2,0,0,0,-2,1,Right,2.804
23,R_2z8eY2Xx6z2jvr5,34,f,1,1,2817.099999997765,Remove police from schools,Hardening schools/Arming teachers,1,1,2,4,2,0.4277125101833591,-3,4,2,-1.5275446792262826,2,-3,5,5,0,5,0,5,-5,5,0,0,Left,2.817099999997765
23,R_2z8eY2Xx6z2jvr5,35,j,2,0,3526.599999997765,Stop police brutality,Build southern border wall,-1,-1,3,8,3,0.8187639480652874,-3,7,3,-1.5275446792262826,-3,3,6,-6,-1,6,1,-6,6,6,1,1,Right,3.5265999999977646
23,R_2z8eY2Xx6z2jvr5,36,f,1,1,2049.5,Black Lives Matter,Stop police brutality,1,-1,3,6,3,0.8187639480652874,3,8,3,0.8187639480652874,3,-3,6,0,-2,6,2,6,-6,0,-2,0,Left,2.0495
23,R_2z8eY2Xx6z2jvr5,37,j,2,0,2924.900000002235,Legalization of marijuana,Legalization of marijuana,-1,1,3,2,3,0.8187639480652874,3,2,3,0.8187639480652874,-3,3,6,0,0,6,0,-6,6,0,0,1,Right,2.924900000002235
23,R_2z8eY2Xx6z2jvr5,38,f,1,1,2052.699999999255,Detention of migrant children,Remove public Confederate memorials,-1,1,-3,8,3,-1.5275446792262826,3,4,3,0.8187639480652874,3,3,0,-6,4,0,4,0,0,-6,4,0,Left,2.052699999999255
23,R_2z8eY2Xx6z2jvr5,39,j,2,0,2171.300000000745,Raise the minimum wage,Mask mandates,-1,1,3,6,3,0.8187639480652874,2,6,3,0.4277125101833591,-3,2,5,-1,0,5,0,-5,5,1,0,1,Right,2.171300000000745
23,R_2z8eY2Xx6z2jvr5,40,j,2,0,1818.3999999985099,Mandatory trigger warnings,Ban on research with animals,-1,-1,0,2,1,-0.3543903655804975,3,7,2,0.8187639480652874,-0,-3,-3,3,5,3,5,3,-3,-3,-5,1,Right,1.8183999999985099
23,R_2z8eY2Xx6z2jvr5,41,f,1,1,1818.6000000014901,Black Lives Matter,Dorms determined by gender identity,1,-1,3,6,3,0.8187639480652874,-1,4,1,-0.7454418034624258,3,1,2,4,2,2,2,2,-2,4,2,0,Left,1.8186000000014901
23,R_2z8eY2Xx6z2jvr5,42,f,1,1,2028.7999999970198,On campus concealed carry,Build southern border wall,-1,1,-2,2,1,-1.1364932413443543,-3,7,3,-1.5275446792262826,2,-3,5,1,-5,5,5,5,-5,1,-5,0,Left,2.0287999999970197
23,R_2z8eY2Xx6z2jvr5,43,j,2,0,2040,Cuts to National Parks budget,Bathrooms restricted based on biological sex,1,-1,-2,4,1,-1.1364932413443543,-3,6,3,-1.5275446792262826,-2,3,5,-1,2,5,2,-5,5,1,-2,1,Right,2.04
23,R_2z8eY2Xx6z2jvr5,44,f,1,1,2087.800000000745,Mask mandates,Build southern border wall,1,1,2,6,3,0.4277125101833591,-3,7,3,-1.5275446792262826,2,-3,5,5,-1,5,1,5,-5,5,-1,0,Left,2.087800000000745
23,R_2z8eY2Xx6z2jvr5,45,j,2,0,1836.8999999985099,Gun-free campus police,Legalization of marijuana,1,1,3,4,2,0.8187639480652874,3,2,3,0.8187639480652874,3,3,0,0,-2,0,2,0,0,0,2,1,Right,1.8368999999985098
23,R_2z8eY2Xx6z2jvr5,46,j,2,0,3340.199999999255,Legalization of marijuana,Physician-assisted suicide,-1,-1,3,2,3,0.8187639480652874,3,6,3,0.8187639480652874,-3,-3,0,0,4,0,4,0,0,0,-4,1,Right,3.340199999999255
23,R_2z8eY2Xx6z2jvr5,47,f,1,1,2824.800000000745,Ban on research with animals,"Boycott, Divest, and Sanction Israel",-1,-1,3,7,2,0.8187639480652874,2,4,1,0.4277125101833591,-3,-2,-1,1,3,1,3,-1,1,1,3,0,Left,2.824800000000745
23,R_2z8eY2Xx6z2jvr5,48,f,1,1,2510,Mandatory vaccinations,Mandatory drug tests for welfare recipients,-1,1,0,4,2,-0.3543903655804975,-3,6,2,-1.5275446792262826,-0,-3,3,3,-2,3,2,3,-3,3,-2,0,Left,2.51
23,R_2z8eY2Xx6z2jvr5,49,f,1,1,2518.10000000149,Ban on research with animals,Gun-free campus police,1,-1,3,7,2,0.8187639480652874,3,4,2,0.8187639480652874,3,-3,6,0,3,6,3,6,-6,0,3,0,Left,2.51810000000149
23,R_2z8eY2Xx6z2jvr5,50,f,1,1,2664.2000000029802,Remove police from schools,Hardening schools/Arming teachers,1,-1,2,4,2,0.4277125101833591,-3,4,2,-1.5275446792262826,2,3,-1,5,0,1,0,-1,1,5,0,0,Left,2.6642000000029804
23,R_2z8eY2Xx6z2jvr5,51,f,1,1,1903.8999999985099,Ban on research with animals,Mask mandates,1,1,3,7,2,0.8187639480652874,2,6,3,0.4277125101833591,3,2,1,1,1,1,1,1,-1,1,1,0,Left,1.9038999999985098
23,R_2z8eY2Xx6z2jvr5,52,j,2,0,3821.89999999851,Remove public Confederate memorials,On campus concealed carry,-1,1,3,4,3,0.8187639480652874,-2,2,1,-1.1364932413443543,-3,-2,1,-5,-2,1,2,-1,1,5,2,1,Right,3.82189999999851
23,R_2z8eY2Xx6z2jvr5,53,f,1,1,2136.400000002235,Detention of migrant children,Remove public Confederate memorials,-1,-1,-3,8,3,-1.5275446792262826,3,4,3,0.8187639480652874,3,-3,6,-6,4,6,4,6,-6,-6,4,0,Left,2.136400000002235
23,R_2z8eY2Xx6z2jvr5,54,j,2,0,3618.89999999851,Remove police from schools,Build southern border wall,-1,-1,2,4,2,0.4277125101833591,-3,7,3,-1.5275446792262826,-2,3,5,-5,3,5,3,-5,5,5,-3,1,Right,3.61889999999851
23,R_2z8eY2Xx6z2jvr5,55,j,2,0,6462.699999999255,Mandatory drug tests for welfare recipients,Mandatory trigger warnings,1,-1,-3,6,2,-1.5275446792262826,0,2,1,-0.3543903655804975,-3,-0,3,3,-4,3,4,-3,3,-3,4,1,Right,6.462699999999255
23,R_2z8eY2Xx6z2jvr5,56,f,1,1,1811.1000000014901,Climate change legislation,Mask mandates,1,-1,3,6,2,0.8187639480652874,2,6,3,0.4277125101833591,3,-2,5,1,0,5,0,5,-5,1,0,0,Left,1.81110000000149
23,R_2z8eY2Xx6z2jvr5,57,f,1,1,3689.89999999851,Hardening schools/Arming teachers,Remove police from schools,-1,-1,-3,4,2,-1.5275446792262826,2,4,2,0.4277125101833591,3,-2,5,-5,0,5,0,5,-5,-5,0,0,Left,3.68989999999851
23,R_2z8eY2Xx6z2jvr5,58,f,1,1,1920,On campus concealed carry,Build southern border wall,1,1,-2,2,1,-1.1364932413443543,-3,7,3,-1.5275446792262826,-2,-3,1,1,-5,1,5,1,-1,1,-5,0,Left,1.92
23,R_2z8eY2Xx6z2jvr5,59,j,2,0,1904.9000000022352,Mandatory drug tests for welfare recipients,Climate change legislation,1,1,-3,6,2,-1.5275446792262826,3,6,2,0.8187639480652874,-3,3,6,6,0,6,0,-6,6,-6,0,1,Right,1.9049000000022351
23,R_2z8eY2Xx6z2jvr5,60,j,2,0,5729.699999999255,Mask mandates,Ban on research with animals,-1,-1,2,6,3,0.4277125101833591,3,7,2,0.8187639480652874,-2,-3,-1,1,1,1,1,1,-1,-1,-1,1,Right,5.729699999999255
23,R_2z8eY2Xx6z2jvr5,61,j,2,0,2994,War on Drugs,Mandatory vaccinations,1,1,-3,4,2,-1.5275446792262826,0,4,2,-0.3543903655804975,-3,0,3,3,0,3,0,-3,3,-3,0,1,Right,2.994
23,R_2z8eY2Xx6z2jvr5,62,j,2,0,1580.199999999255,Mandatory trigger warnings,Increased Gun regulations,1,1,0,2,1,-0.3543903655804975,3,4,2,0.8187639480652874,0,3,3,3,2,3,2,-3,3,-3,-2,1,Right,1.5801999999992549
23,R_2z8eY2Xx6z2jvr5,63,j,2,0,4259.800000000745,Remove Christopher Columbus statues,U.S. drone strikes in Afghanistan,-1,1,3,4,3,0.8187639480652874,-3,8,2,-1.5275446792262826,-3,-3,0,-6,4,0,4,0,0,6,-4,1,Right,4.259800000000745
23,R_2z8eY2Xx6z2jvr5,64,j,2,0,3800.60000000149,Remove public Confederate memorials,Expel students with white nationlist views,-1,1,3,4,3,0.8187639480652874,1,4,2,0.03666107230143078,-3,1,4,-2,0,4,0,-4,4,2,0,1,Right,3.80060000000149
23,R_2z8eY2Xx6z2jvr5,65,f,1,1,2126.699999999255,Build southern border wall,Mandatory vaccinations,-1,1,-3,7,3,-1.5275446792262826,0,4,2,-0.3543903655804975,3,0,3,-3,3,3,3,3,-3,-3,3,0,Left,2.126699999999255
23,R_2z8eY2Xx6z2jvr5,66,f,1,1,4123.699999999255,Hardening schools/Arming teachers,Mask mandates,-1,-1,-3,4,2,-1.5275446792262826,2,6,3,0.4277125101833591,3,-2,5,-5,-2,5,2,5,-5,-5,-2,0,Left,4.123699999999255
23,R_2z8eY2Xx6z2jvr5,67,j,2,0,2344.5,Ban on research with animals,Cuts to National Parks budget,-1,-1,3,7,2,0.8187639480652874,-2,4,1,-1.1364932413443543,-3,2,5,-5,-3,5,3,-5,5,5,3,1,Right,2.3445
23,R_2z8eY2Xx6z2jvr5,68,j,2,0,2867.599999997765,Mask mandates,Remove public Confederate memorials,1,1,2,6,3,0.4277125101833591,3,4,3,0.8187639480652874,2,3,1,1,-2,1,2,-1,1,-1,2,1,Right,2.867599999997765
23,R_2z8eY2Xx6z2jvr5,69,j,2,0,2564,Build southern border wall,Defund the police,1,1,-3,7,3,-1.5275446792262826,3,6,3,0.8187639480652874,-3,3,6,6,-1,6,1,-6,6,-6,1,1,Right,2.564
23,R_2z8eY2Xx6z2jvr5,70,f,1,1,2957.800000000745,War on Drugs,Mandatory drug tests for welfare recipients,-1,-1,-3,4,2,-1.5275446792262826,-3,6,2,-1.5275446792262826,3,3,0,0,-2,0,2,0,0,0,-2,0,Left,2.957800000000745
23,R_2z8eY2Xx6z2jvr5,71,j,2,0,3249.39999999851,Ban on research with animals,Remove police from schools,1,1,3,7,2,0.8187639480652874,2,4,2,0.4277125101833591,3,2,-1,-1,-3,1,3,1,-1,1,3,1,Right,3.2493999999985097
23,R_2z8eY2Xx6z2jvr5,72,f,1,1,2176.599999997765,Ban on research with animals,Legalization of marijuana,1,-1,3,7,2,0.8187639480652874,3,2,3,0.8187639480652874,3,-3,6,0,5,6,5,6,-6,0,5,0,Left,2.176599999997765
23,R_2z8eY2Xx6z2jvr5,73,j,2,0,1810.5999999977648,Increased Gun regulations,Remove Christopher Columbus statues,-1,1,3,4,2,0.8187639480652874,3,4,3,0.8187639480652874,-3,3,6,0,0,6,0,-6,6,0,0,1,Right,1.8105999999977649
23,R_2z8eY2Xx6z2jvr5,74,j,2,0,1738.800000000745,Affirmative action,Expel students with white nationlist views,-1,1,3,6,3,0.8187639480652874,1,4,2,0.03666107230143078,-3,1,4,-2,-2,4,2,-4,4,2,2,1,Right,1.738800000000745
23,R_2z8eY2Xx6z2jvr5,75,j,2,0,4052.599999997765,Build southern border wall,Hardening schools/Arming teachers,1,1,-3,7,3,-1.5275446792262826,-3,4,2,-1.5275446792262826,-3,-3,0,0,-3,0,3,0,0,0,3,1,Right,4.052599999997764
23,R_2z8eY2Xx6z2jvr5,76,j,2,0,2616.099999997765,Ban on research with animals,Remove Christopher Columbus statues,1,1,3,7,2,0.8187639480652874,3,4,3,0.8187639480652874,3,3,0,0,-3,0,3,0,0,0,3,1,Right,2.6160999999977648
23,R_2z8eY2Xx6z2jvr5,77,f,1,1,1667.9000000022352,Legalization of marijuana,Build southern border wall,1,1,3,2,3,0.8187639480652874,-3,7,3,-1.5275446792262826,3,-3,6,6,-5,6,5,6,-6,6,-5,0,Left,1.6679000000022353
23,R_2z8eY2Xx6z2jvr5,78,j,2,0,2275.300000000745,Build southern border wall,Expel students with white nationlist views,1,1,-3,7,3,-1.5275446792262826,1,4,2,0.03666107230143078,-3,1,4,4,-3,4,3,-4,4,-4,3,1,Right,2.275300000000745
23,R_2z8eY2Xx6z2jvr5,79,f,1,1,1733.3999999985099,Bathrooms restricted based on biological sex,Cuts to National Parks budget,-1,-1,-3,6,3,-1.5275446792262826,-2,4,1,-1.1364932413443543,3,2,1,-1,2,1,2,1,-1,-1,2,0,Left,1.73339999999851
23,R_2z8eY2Xx6z2jvr5,80,f,1,1,3277.5,Dorms determined by gender identity,Ban on research with animals,-1,1,-1,4,1,-0.7454418034624258,3,7,2,0.8187639480652874,1,3,-2,-4,-3,2,3,-2,2,-4,-3,0,Left,3.2775
23,R_2z8eY2Xx6z2jvr5,81,f,1,1,2171.2999999970198,Legalization of marijuana,Bathrooms restricted based on biological sex,1,1,3,2,3,0.8187639480652874,-3,6,3,-1.5275446792262826,3,-3,6,6,-4,6,4,6,-6,6,-4,0,Left,2.1712999999970197
23,R_2z8eY2Xx6z2jvr5,82,j,2,0,2341.5,Ban on research with animals,Detention of migrant children,1,-1,3,7,2,0.8187639480652874,-3,8,3,-1.5275446792262826,3,3,0,-6,1,0,1,0,0,6,-1,1,Right,2.3415
23,R_2z8eY2Xx6z2jvr5,83,j,2,0,2649.39999999851,Expel students with white nationlist views,Remove Christopher Columbus statues,-1,1,1,4,2,0.03666107230143078,3,4,3,0.8187639480652874,-1,3,4,2,0,4,0,-4,4,-2,0,1,Right,2.64939999999851
23,R_2z8eY2Xx6z2jvr5,84,f,1,1,1865.699999999255,Remove public Confederate memorials,Mandatory vaccinations,1,-1,3,4,3,0.8187639480652874,0,4,2,-0.3543903655804975,3,-0,3,3,0,3,0,3,-3,3,0,0,Left,1.865699999999255
23,R_2z8eY2Xx6z2jvr5,85,f,1,1,1867.1000000014901,On campus concealed carry,Climate change legislation,1,-1,-2,2,1,-1.1364932413443543,3,6,2,0.8187639480652874,-2,-3,1,-5,-4,1,4,1,-1,-5,-4,0,Left,1.8671000000014901
23,R_2z8eY2Xx6z2jvr5,86,f,1,1,4590.20000000298,U.S. drone strikes in Afghanistan,Abolishing private prisons,-1,1,-3,8,2,-1.5275446792262826,3,6,3,0.8187639480652874,3,3,0,-6,2,0,2,0,0,-6,2,0,Left,4.59020000000298
23,R_2z8eY2Xx6z2jvr5,87,j,2,0,4159.900000002235,Bathrooms restricted based on biological sex,Dorms determined by gender identity,1,1,-3,6,3,-1.5275446792262826,-1,4,1,-0.7454418034624258,-3,-1,2,2,-2,2,2,-2,2,-2,2,1,Right,4.159900000002235
23,R_2z8eY2Xx6z2jvr5,88,f,1,1,3991.800000000745,Gun-free campus police,On campus concealed carry,1,-1,3,4,2,0.8187639480652874,-2,2,1,-1.1364932413443543,3,2,1,5,2,1,2,1,-1,5,2,0,Left,3.991800000000745
23,R_2z8eY2Xx6z2jvr5,89,f,1,1,2652.099999997765,Mandatory trigger warnings,Remove public Confederate memorials,-1,-1,0,2,1,-0.3543903655804975,3,4,3,0.8187639480652874,-0,-3,3,-3,-2,3,2,3,-3,-3,-2,0,Left,2.652099999997765
23,R_2z8eY2Xx6z2jvr5,90,j,2,0,4694.800000000745,War on Drugs,Dorms determined by gender identity,1,1,-3,4,2,-1.5275446792262826,-1,4,1,-0.7454418034624258,-3,-1,2,2,0,2,0,-2,2,-2,0,1,Right,4.694800000000745
23,R_2z8eY2Xx6z2jvr5,91,f,1,1,6920.599999997765,Ban on research with animals,On campus concealed carry,1,1,3,7,2,0.8187639480652874,-2,2,1,-1.1364932413443543,3,-2,5,5,5,5,5,5,-5,5,5,0,Left,6.920599999997765
23,R_2z8eY2Xx6z2jvr5,92,f,1,1,2765.5,Remove public Confederate memorials,Legalization of marijuana,1,-1,3,4,3,0.8187639480652874,3,2,3,0.8187639480652874,3,-3,6,0,2,6,2,6,-6,0,2,0,Left,2.7655
23,R_2z8eY2Xx6z2jvr5,93,f,1,1,2995.699999999255,Mask mandates,War on Drugs,-1,1,2,6,3,0.4277125101833591,-3,4,2,-1.5275446792262826,-2,-3,1,5,2,1,2,1,-1,5,2,0,Left,2.995699999999255
23,R_2z8eY2Xx6z2jvr5,94,j,2,0,1586.300000000745,On campus concealed carry,Climate change legislation,1,1,-2,2,1,-1.1364932413443543,3,6,2,0.8187639480652874,-2,3,5,5,4,5,4,-5,5,-5,-4,1,Right,1.586300000000745
23,R_2z8eY2Xx6z2jvr5,95,f,1,1,1515.800000000745,Stop police brutality,Physician-assisted suicide,1,-1,3,8,3,0.8187639480652874,3,6,3,0.8187639480652874,3,-3,6,0,2,6,2,6,-6,0,2,0,Left,1.515800000000745
23,R_2z8eY2Xx6z2jvr5,96,f,1,1,1614.9000000022352,Remove public Confederate memorials,Expel students with white nationlist views,1,1,3,4,3,0.8187639480652874,1,4,2,0.03666107230143078,3,1,2,2,0,2,0,2,-2,2,0,0,Left,1.614900000002235
23,R_2z8eY2Xx6z2jvr5,97,j,2,0,3330.599999997765,Detention of migrant children,Bathrooms restricted based on biological sex,1,1,-3,8,3,-1.5275446792262826,-3,6,3,-1.5275446792262826,-3,-3,0,0,-2,0,2,0,0,0,2,1,Right,3.330599999997765
23,R_2z8eY2Xx6z2jvr5,98,j,2,0,2897.300000000745,Affirmative action,Ban on research with animals,-1,1,3,6,3,0.8187639480652874,3,7,2,0.8187639480652874,-3,3,6,0,1,6,1,-6,6,0,-1,1,Right,2.897300000000745
23,R_2z8eY2Xx6z2jvr5,99,j,2,0,2845,Dorms determined by gender identity,Ban on research with animals,1,1,-1,4,1,-0.7454418034624258,3,7,2,0.8187639480652874,-1,3,4,4,3,4,3,-4,4,-4,-3,1,Right,2.845
23,R_2z8eY2Xx6z2jvr5,100,j,2,0,2551.5,Ban on research with animals,On campus concealed carry,1,-1,3,7,2,0.8187639480652874,-2,2,1,-1.1364932413443543,3,2,-1,-5,-5,1,5,1,-1,5,5,1,Right,2.5515
10,R_2aWVXgcCrbBieG1,1,f,1,1,11958,Increased Gun regulations,Recognize Jerusalem as capital of Israel,-1,1,3,5,3,1.3687633414338984,2,5,2,0.803876883064353,-3,2,-5,1,0,5,0,-5,5,1,0,0,Left,11.958
10,R_2aWVXgcCrbBieG1,2,j,2,0,6602.199999988079,Tuition increases,Mandatory vaccinations,1,-1,-2,4,2,-1.4556689504138287,-3,8,3,-2.020555408783374,-2,3,5,-1,4,5,4,-5,5,1,-4,1,Right,6.602199999988079
10,R_2aWVXgcCrbBieG1,3,j,2,0,5429.300000011921,Physician-assisted suicide,Increased Gun regulations,-1,1,1,6,2,0.2389904246948076,3,5,3,1.3687633414338984,-1,3,4,2,-1,4,1,-4,4,-2,1,1,Right,5.429300000011921
10,R_2aWVXgcCrbBieG1,4,f,1,1,6409.300000011921,Increased Gun regulations,Build southern border wall,1,-1,3,5,3,1.3687633414338984,-2,2,2,-1.4556689504138287,3,2,1,5,3,1,3,1,-1,5,3,0,Left,6.409300000011921
10,R_2aWVXgcCrbBieG1,5,f,1,1,2589.900000035763,Increased Gun regulations,Black Lives Matter,1,1,3,5,3,1.3687633414338984,2,7,1,0.803876883064353,3,2,1,1,-2,1,2,1,-1,1,-2,0,Left,2.5899000000357626
10,R_2aWVXgcCrbBieG1,6,f,1,1,4650.900000035763,Climate change legislation,Mandatory vaccinations,1,1,1,4,2,0.2389904246948076,-3,8,3,-2.020555408783374,1,-3,4,4,-4,4,4,4,-4,4,-4,0,Left,4.6509000000357625
10,R_2aWVXgcCrbBieG1,7,f,1,1,5798.800000011921,Recognize Jerusalem as capital of Israel,"Boycott, Divest, and Sanction Israel",-1,-1,2,5,2,0.803876883064353,-3,6,1,-2.020555408783374,-2,3,-5,5,-1,5,1,-5,5,5,-1,0,Left,5.798800000011921
10,R_2aWVXgcCrbBieG1,8,j,2,0,4219.100000023842,Legalization of marijuana,Stop police brutality,1,-1,2,4,2,0.803876883064353,3,8,2,1.3687633414338984,2,-3,-5,1,4,5,4,5,-5,-1,-4,1,Right,4.2191000000238414
10,R_2aWVXgcCrbBieG1,9,j,2,0,3911.900000035763,Remove public Confederate memorials,Stop police brutality,1,-1,2,5,2,0.803876883064353,3,8,2,1.3687633414338984,2,-3,-5,1,3,5,3,5,-5,-1,-3,1,Right,3.9119000000357627
10,R_2aWVXgcCrbBieG1,10,f,1,1,4862.5,Ban on research with animals,Increased Gun regulations,1,-1,0,6,1,-0.32589603367473785,3,5,3,1.3687633414338984,0,-3,3,-3,1,3,1,3,-3,-3,1,0,Left,4.8625
10,R_2aWVXgcCrbBieG1,11,j,2,0,9821.400000035763,Mandatory vaccinations,Bathrooms restricted based on biological sex,1,-1,-3,8,3,-2.020555408783374,0,2,1,-0.32589603367473785,-3,-0,3,3,-6,3,6,-3,3,-3,6,1,Right,9.821400000035762
10,R_2aWVXgcCrbBieG1,12,j,2,0,2604.7999999523163,"Boycott, Divest, and Sanction Israel",Legalization of marijuana,-1,1,-3,6,1,-2.020555408783374,2,4,2,0.803876883064353,3,2,-1,5,-2,1,2,1,-1,-5,2,1,Right,2.6047999999523164
10,R_2aWVXgcCrbBieG1,13,f,1,1,2980.399999976158,Increased Gun regulations,"Boycott, Divest, and Sanction Israel",1,-1,3,5,3,1.3687633414338984,-3,6,1,-2.020555408783374,3,3,0,6,-1,0,1,0,0,6,-1,0,Left,2.980399999976158
10,R_2aWVXgcCrbBieG1,14,f,1,1,3299.399999976158,Affirmative action,Mandatory vaccinations,1,-1,1,7,3,0.2389904246948076,-3,8,3,-2.020555408783374,1,3,-2,4,-1,2,1,-2,2,4,-1,0,Left,3.299399999976158
10,R_2aWVXgcCrbBieG1,15,j,2,0,7342,Mandatory vaccinations,Raise the minimum wage,-1,1,-3,8,3,-2.020555408783374,2,6,3,0.803876883064353,3,2,-1,5,-2,1,2,1,-1,-5,2,1,Right,7.342
10,R_2aWVXgcCrbBieG1,16,j,2,0,12034.399999976158,Climate change legislation,Stop police brutality,-1,-1,1,4,2,0.2389904246948076,3,8,2,1.3687633414338984,-1,-3,-2,2,4,2,4,2,-2,-2,-4,1,Right,12.034399999976158
10,R_2aWVXgcCrbBieG1,17,j,2,0,4968.600000023842,Increased Gun regulations,Physician-assisted suicide,-1,-1,3,5,3,1.3687633414338984,1,6,2,0.2389904246948076,-3,-1,2,-2,1,2,1,-2,2,2,-1,1,Right,4.968600000023842
10,R_2aWVXgcCrbBieG1,18,f,1,1,6272.300000011921,Increased Gun regulations,"Boycott, Divest, and Sanction Israel",-1,1,3,5,3,1.3687633414338984,-3,6,1,-2.020555408783374,-3,-3,0,6,-1,0,1,0,0,6,-1,0,Left,6.272300000011921
10,R_2aWVXgcCrbBieG1,19,j,2,0,2816.7000000476837,Tuition increases,Increased Gun regulations,-1,1,-2,4,2,-1.4556689504138287,3,5,3,1.3687633414338984,2,3,1,5,1,1,1,-1,1,-5,-1,1,Right,2.8167000000476836
10,R_2aWVXgcCrbBieG1,20,f,1,1,2585.699999988079,Stop police brutality,Build southern border wall,-1,1,3,8,2,1.3687633414338984,-2,2,2,-1.4556689504138287,-3,-2,-1,5,6,1,6,-1,1,5,6,0,Left,2.585699999988079
10,R_2aWVXgcCrbBieG1,21,f,1,1,6182.800000011921,Stop police brutality,"Boycott, Divest, and Sanction Israel",1,1,3,8,2,1.3687633414338984,-3,6,1,-2.020555408783374,3,-3,6,6,2,6,2,6,-6,6,2,0,Left,6.1828000000119205
10,R_2aWVXgcCrbBieG1,22,f,1,1,4792.300000011921,Increased Gun regulations,Build southern border wall,-1,1,3,5,3,1.3687633414338984,-2,2,2,-1.4556689504138287,-3,-2,-1,5,3,1,3,-1,1,5,3,0,Left,4.792300000011921
10,R_2aWVXgcCrbBieG1,23,f,1,1,3450.399999976158,Mandatory vaccinations,Black Lives Matter,-1,-1,-3,8,3,-2.020555408783374,2,7,1,0.803876883064353,3,-2,5,-5,1,5,1,5,-5,-5,1,0,Left,3.4503999999761583
10,R_2aWVXgcCrbBieG1,24,j,2,0,5906.299999952316,Increased Gun regulations,Legalization of marijuana,-1,-1,3,5,3,1.3687633414338984,2,4,2,0.803876883064353,-3,-2,1,-1,-1,1,1,-1,1,1,1,1,Right,5.906299999952316
10,R_2aWVXgcCrbBieG1,25,j,2,0,1780.300000011921,Stop police brutality,Increased Gun regulations,1,1,3,8,2,1.3687633414338984,3,5,3,1.3687633414338984,3,3,0,0,-3,0,3,0,0,0,3,1,Right,1.780300000011921
10,R_2aWVXgcCrbBieG1,26,j,2,0,11284.300000011921,Increased Gun regulations,War on Drugs,-1,1,3,5,3,1.3687633414338984,-2,6,3,-1.4556689504138287,-3,-2,1,-5,1,1,1,-1,1,5,-1,1,Right,11.284300000011921
10,R_2aWVXgcCrbBieG1,27,f,1,1,2389,Mandatory vaccinations,"Boycott, Divest, and Sanction Israel",1,1,-3,8,3,-2.020555408783374,-3,6,1,-2.020555408783374,-3,-3,0,0,2,0,2,0,0,0,2,0,Left,2.389
10,R_2aWVXgcCrbBieG1,28,j,2,0,4109.5,Mandatory vaccinations,Defund Planned Parenthood,1,1,-3,8,3,-2.020555408783374,0,0,3,-0.32589603367473785,-3,0,3,3,-8,3,8,-3,3,-3,8,1,Right,4.1095
10,R_2aWVXgcCrbBieG1,29,f,1,1,3122.100000023842,Increased Gun regulations,"Boycott, Divest, and Sanction Israel",-1,-1,3,5,3,1.3687633414338984,-3,6,1,-2.020555408783374,-3,3,-6,6,-1,6,1,-6,6,6,-1,0,Left,3.122100000023842
10,R_2aWVXgcCrbBieG1,30,j,2,0,4973.300000011921,Allow alt-right speakers on campus,Increased Gun regulations,-1,1,2,5,2,0.803876883064353,3,5,3,1.3687633414338984,-2,3,5,1,0,5,0,-5,5,-1,0,1,Right,4.973300000011921
10,R_2aWVXgcCrbBieG1,31,j,2,0,2953.800000011921,Climate change legislation,Increased Gun regulations,1,1,1,4,2,0.2389904246948076,3,5,3,1.3687633414338984,1,3,2,2,1,2,1,-2,2,-2,-1,1,Right,2.953800000011921
10,R_2aWVXgcCrbBieG1,32,f,1,1,2625.5,Increased Gun regulations,Tuition increases,1,1,3,5,3,1.3687633414338984,-2,4,2,-1.4556689504138287,3,-2,5,5,1,5,1,5,-5,5,1,0,Left,2.6255
10,R_2aWVXgcCrbBieG1,33,j,2,0,3983,Stop police brutality,Religious exemptions for discrimination laws,-1,1,3,8,2,1.3687633414338984,2,6,2,0.803876883064353,-3,2,5,-1,-2,5,2,-5,5,1,2,1,Right,3.983
10,R_2aWVXgcCrbBieG1,34,j,2,0,3562.100000023842,Increased Gun regulations,Safe injection locations,-1,-1,3,5,3,1.3687633414338984,0,1,1,-0.32589603367473785,-3,-0,3,-3,-4,3,4,-3,3,3,4,1,Right,3.562100000023842
10,R_2aWVXgcCrbBieG1,35,j,2,0,9376,Mandatory vaccinations,Black Lives Matter,1,1,-3,8,3,-2.020555408783374,2,7,1,0.803876883064353,-3,2,5,5,-1,5,1,-5,5,-5,1,1,Right,9.376
10,R_2aWVXgcCrbBieG1,36,j,2,0,3891.400000035763,Stop police brutality,Ban on research with animals,-1,1,3,8,2,1.3687633414338984,0,6,1,-0.32589603367473785,-3,0,3,-3,-2,3,2,-3,3,3,2,1,Right,3.891400000035763
10,R_2aWVXgcCrbBieG1,37,f,1,1,3693.400000035763,Remove public Confederate memorials,Increased Gun regulations,-1,-1,2,5,2,0.803876883064353,3,5,3,1.3687633414338984,-2,-3,1,-1,0,1,0,1,-1,-1,0,0,Left,3.693400000035763
10,R_2aWVXgcCrbBieG1,38,j,2,0,1496.3999999761581,Physician-assisted suicide,Increased Gun regulations,1,1,1,6,2,0.2389904246948076,3,5,3,1.3687633414338984,1,3,2,2,-1,2,1,-2,2,-2,1,1,Right,1.4963999999761581
10,R_2aWVXgcCrbBieG1,39,j,2,0,1749.0999999642372,Mandatory vaccinations,Physician-assisted suicide,1,1,-3,8,3,-2.020555408783374,1,6,2,0.2389904246948076,-3,1,4,4,-2,4,2,-4,4,-4,2,1,Right,1.7490999999642372
10,R_2aWVXgcCrbBieG1,40,f,1,1,1547.8999999761581,Black Lives Matter,Increased Gun regulations,1,-1,2,7,1,0.803876883064353,3,5,3,1.3687633414338984,2,-3,5,-1,2,5,2,5,-5,-1,2,0,Left,1.5478999999761582
10,R_2aWVXgcCrbBieG1,41,j,2,0,1625.8999999761581,Abolishing fraternities,Increased Gun regulations,1,1,0,0,1,-0.32589603367473785,3,5,3,1.3687633414338984,0,3,3,3,5,3,5,-3,3,-3,-5,1,Right,1.625899999976158
10,R_2aWVXgcCrbBieG1,42,f,1,1,3775.5,Stop police brutality,Affirmative action,1,-1,3,8,2,1.3687633414338984,1,7,3,0.2389904246948076,3,-1,4,2,1,4,1,4,-4,2,1,0,Left,3.7755
10,R_2aWVXgcCrbBieG1,43,f,1,1,4850.600000023842,Stop police brutality,Climate change legislation,1,1,3,8,2,1.3687633414338984,1,4,2,0.2389904246948076,3,1,2,2,4,2,4,2,-2,2,4,0,Left,4.850600000023842
10,R_2aWVXgcCrbBieG1,44,f,1,1,1461.9000000357628,Tuition increases,Mandatory vaccinations,1,1,-2,4,2,-1.4556689504138287,-3,8,3,-2.020555408783374,-2,-3,1,1,-4,1,4,1,-1,1,-4,0,Left,1.4619000000357627
10,R_2aWVXgcCrbBieG1,45,j,2,0,2830.300000011921,Safe injection locations,Mandatory vaccinations,1,-1,0,1,1,-0.32589603367473785,-3,8,3,-2.020555408783374,0,3,3,-3,7,3,7,-3,3,3,-7,1,Right,2.830300000011921
10,R_2aWVXgcCrbBieG1,46,j,2,0,2087.400000035763,"Boycott, Divest, and Sanction Israel",Increased Gun regulations,1,1,-3,6,1,-2.020555408783374,3,5,3,1.3687633414338984,-3,3,6,6,-1,6,1,-6,6,-6,1,1,Right,2.0874000000357626
10,R_2aWVXgcCrbBieG1,47,f,1,1,2101.699999988079,Mandatory vaccinations,"Boycott, Divest, and Sanction Israel",1,-1,-3,8,3,-2.020555408783374,-3,6,1,-2.020555408783374,-3,3,-6,0,2,6,2,-6,6,0,2,0,Left,2.101699999988079
10,R_2aWVXgcCrbBieG1,48,f,1,1,1941,Increased Gun regulations,Affirmative action,1,1,3,5,3,1.3687633414338984,1,7,3,0.2389904246948076,3,1,2,2,-2,2,2,2,-2,2,-2,0,Left,1.941
10,R_2aWVXgcCrbBieG1,49,j,2,0,5031.399999976158,Affirmative action,Stop police brutality,-1,-1,1,7,3,0.2389904246948076,3,8,2,1.3687633414338984,-1,-3,-2,2,1,2,1,2,-2,-2,-1,1,Right,5.031399999976158
10,R_2aWVXgcCrbBieG1,50,j,2,0,2862,"Boycott, Divest, and Sanction Israel",Stop police brutality,-1,1,-3,6,1,-2.020555408783374,3,8,2,1.3687633414338984,3,3,0,6,2,0,2,0,0,-6,-2,1,Right,2.862
10,R_2aWVXgcCrbBieG1,51,j,2,0,2271.199999988079,Increased Gun regulations,Tuition increases,-1,-1,3,5,3,1.3687633414338984,-2,4,2,-1.4556689504138287,-3,2,5,-5,-1,5,1,-5,5,5,1,1,Right,2.271199999988079
10,R_2aWVXgcCrbBieG1,52,j,2,0,1403.6000000238419,Raise the minimum wage,Increased Gun regulations,1,1,2,6,3,0.803876883064353,3,5,3,1.3687633414338984,2,3,1,1,-1,1,1,-1,1,-1,1,1,Right,1.4036000000238418
10,R_2aWVXgcCrbBieG1,53,j,2,0,2036.3999999761581,Bathrooms restricted based on biological sex,Stop police brutality,1,1,0,2,1,-0.32589603367473785,3,8,2,1.3687633414338984,0,3,3,3,6,3,6,-3,3,-3,-6,1,Right,2.036399999976158
10,R_2aWVXgcCrbBieG1,54,j,2,0,2537.899999976158,Abolishing fraternities,Mandatory vaccinations,-1,-1,0,0,1,-0.32589603367473785,-3,8,3,-2.020555408783374,-0,3,3,-3,8,3,8,-3,3,3,-8,1,Right,2.5378999999761582
10,R_2aWVXgcCrbBieG1,55,j,2,0,5187.600000023842,Increased Gun regulations,Defund Planned Parenthood,-1,-1,3,5,3,1.3687633414338984,0,0,3,-0.32589603367473785,-3,-0,3,-3,-5,3,5,-3,3,3,5,1,Right,5.187600000023842
10,R_2aWVXgcCrbBieG1,56,j,2,0,2078.699999988079,Black Lives Matter,Stop police brutality,1,1,2,7,1,0.803876883064353,3,8,2,1.3687633414338984,2,3,1,1,1,1,1,-1,1,-1,-1,1,Right,2.078699999988079
10,R_2aWVXgcCrbBieG1,57,f,1,1,1882.300000011921,Increased Gun regulations,Mandatory vaccinations,1,1,3,5,3,1.3687633414338984,-3,8,3,-2.020555408783374,3,-3,6,6,-3,6,3,6,-6,6,-3,0,Left,1.882300000011921
10,R_2aWVXgcCrbBieG1,58,f,1,1,2752.400000035763,Affirmative action,Increased Gun regulations,-1,-1,1,7,3,0.2389904246948076,3,5,3,1.3687633414338984,-1,-3,2,-2,2,2,2,2,-2,-2,2,0,Left,2.7524000000357627
10,R_2aWVXgcCrbBieG1,59,f,1,1,2558.2999999523163,Climate change legislation,Increased Gun regulations,1,-1,1,4,2,0.2389904246948076,3,5,3,1.3687633414338984,1,-3,4,-2,-1,4,1,4,-4,-2,-1,0,Left,2.5582999999523164
10,R_2aWVXgcCrbBieG1,60,f,1,1,9140.099999964237,Mandatory vaccinations,Mandatory vaccinations,-1,1,-3,8,3,-2.020555408783374,-3,8,3,-2.020555408783374,3,-3,6,0,0,6,0,6,-6,0,0,0,Left,9.140099999964237
10,R_2aWVXgcCrbBieG1,61,j,2,0,2358.800000011921,Climate change legislation,Increased Gun regulations,-1,1,1,4,2,0.2389904246948076,3,5,3,1.3687633414338984,-1,3,4,2,1,4,1,-4,4,-2,-1,1,Right,2.358800000011921
10,R_2aWVXgcCrbBieG1,62,f,1,1,22654.69999998808,Black Lives Matter,Increased Gun regulations,-1,-1,2,7,1,0.803876883064353,3,5,3,1.3687633414338984,-2,-3,1,-1,2,1,2,1,-1,-1,2,0,Left,22.65469999998808
10,R_2aWVXgcCrbBieG1,63,j,2,0,2015.699999988079,Tuition increases,Mandatory vaccinations,-1,-1,-2,4,2,-1.4556689504138287,-3,8,3,-2.020555408783374,2,3,1,-1,4,1,4,-1,1,1,-4,1,Right,2.015699999988079
10,R_2aWVXgcCrbBieG1,64,f,1,1,2224.5,Physician-assisted suicide,Mandatory vaccinations,-1,1,1,6,2,0.2389904246948076,-3,8,3,-2.020555408783374,-1,-3,2,4,-2,2,2,2,-2,4,-2,0,Left,2.2245
10,R_2aWVXgcCrbBieG1,65,f,1,1,1449.5,Increased Gun regulations,Build southern border wall,1,1,3,5,3,1.3687633414338984,-2,2,2,-1.4556689504138287,3,-2,5,5,3,5,3,5,-5,5,3,0,Left,1.4495
10,R_2aWVXgcCrbBieG1,66,j,2,0,2990.199999988079,Remove public Confederate memorials,Increased Gun regulations,1,1,2,5,2,0.803876883064353,3,5,3,1.3687633414338984,2,3,1,1,0,1,0,-1,1,-1,0,1,Right,2.990199999988079
10,R_2aWVXgcCrbBieG1,67,j,2,0,1745,Build southern border wall,Stop police brutality,-1,1,-2,2,2,-1.4556689504138287,3,8,2,1.3687633414338984,2,3,1,5,6,1,6,-1,1,-5,-6,1,Right,1.745
10,R_2aWVXgcCrbBieG1,68,j,2,0,2959.399999976158,"Boycott, Divest, and Sanction Israel","Boycott, Divest, and Sanction Israel",1,-1,-3,6,1,-2.020555408783374,-3,6,1,-2.020555408783374,-3,3,6,0,0,6,0,-6,6,0,0,1,Right,2.959399999976158
10,R_2aWVXgcCrbBieG1,69,f,1,1,5430.5,Allow alt-right speakers on campus,Mandatory vaccinations,-1,1,2,5,2,0.803876883064353,-3,8,3,-2.020555408783374,-2,-3,1,5,-3,1,3,1,-1,5,-3,0,Left,5.4305
10,R_2aWVXgcCrbBieG1,70,j,2,0,3509.599999964237,Increased Gun regulations,Climate change legislation,-1,-1,3,5,3,1.3687633414338984,1,4,2,0.2389904246948076,-3,-1,2,-2,-1,2,1,-2,2,2,1,1,Right,3.5095999999642373
10,R_2aWVXgcCrbBieG1,71,j,2,0,1898.9000000357628,"Boycott, Divest, and Sanction Israel",Raise the minimum wage,-1,1,-3,6,1,-2.020555408783374,2,6,3,0.803876883064353,3,2,-1,5,0,1,0,1,-1,-5,0,1,Right,1.8989000000357628
10,R_2aWVXgcCrbBieG1,72,j,2,0,1527.4000000357628,Safe injection locations,Increased Gun regulations,1,1,0,1,1,-0.32589603367473785,3,5,3,1.3687633414338984,0,3,3,3,4,3,4,-3,3,-3,-4,1,Right,1.5274000000357628
10,R_2aWVXgcCrbBieG1,73,j,2,0,1878.3999999761581,Physician-assisted suicide,Mandatory vaccinations,-1,-1,1,6,2,0.2389904246948076,-3,8,3,-2.020555408783374,-1,3,4,-4,2,4,2,-4,4,4,-2,1,Right,1.8783999999761583
10,R_2aWVXgcCrbBieG1,74,f,1,1,4237.399999976158,Stop police brutality,Increased Gun regulations,-1,-1,3,8,2,1.3687633414338984,3,5,3,1.3687633414338984,-3,-3,0,0,3,0,3,0,0,0,3,0,Left,4.237399999976158
10,R_2aWVXgcCrbBieG1,75,j,2,0,1666.5,"Boycott, Divest, and Sanction Israel",Remove public Confederate memorials,-1,1,-3,6,1,-2.020555408783374,2,5,2,0.803876883064353,3,2,-1,5,-1,1,1,1,-1,-5,1,1,Right,1.6665
10,R_2aWVXgcCrbBieG1,76,f,1,1,1722.699999988079,Build southern border wall,Increased Gun regulations,-1,-1,-2,2,2,-1.4556689504138287,3,5,3,1.3687633414338984,2,-3,5,-5,-3,5,3,5,-5,-5,-3,0,Left,1.722699999988079
10,R_2aWVXgcCrbBieG1,77,f,1,1,3238.400000035763,Lift COVID lockdowns,Increased Gun regulations,1,-1,2,6,3,0.803876883064353,3,5,3,1.3687633414338984,2,-3,5,-1,1,5,1,5,-5,-1,1,0,Left,3.238400000035763
10,R_2aWVXgcCrbBieG1,78,f,1,1,2018.699999988079,Climate change legislation,Mandatory vaccinations,-1,-1,1,4,2,0.2389904246948076,-3,8,3,-2.020555408783374,-1,3,-4,4,-4,4,4,-4,4,4,-4,0,Left,2.0186999999880793
10,R_2aWVXgcCrbBieG1,79,j,2,0,8767.799999952316,Abortion rights,Mandatory vaccinations,-1,-1,2,6,2,0.803876883064353,-3,8,3,-2.020555408783374,-2,3,5,-5,2,5,2,-5,5,5,-2,1,Right,8.767799999952317
10,R_2aWVXgcCrbBieG1,80,f,1,1,2010.1000000238419,Stop police brutality,Ban on research with animals,1,-1,3,8,2,1.3687633414338984,0,6,1,-0.32589603367473785,3,-0,3,3,2,3,2,3,-3,3,2,0,Left,2.010100000023842
10,R_2aWVXgcCrbBieG1,81,j,2,0,5955.299999952316,Stop police brutality,Black Lives Matter,-1,-1,3,8,2,1.3687633414338984,2,7,1,0.803876883064353,-3,-2,1,-1,-1,1,1,-1,1,1,1,1,Right,5.955299999952317
10,R_2aWVXgcCrbBieG1,82,f,1,1,1075.8999999761581,Increased Gun regulations,Bathrooms restricted based on biological sex,1,1,3,5,3,1.3687633414338984,0,2,1,-0.32589603367473785,3,0,3,3,3,3,3,3,-3,3,3,0,Left,1.075899999976158
10,R_2aWVXgcCrbBieG1,83,j,2,0,4199.300000011921,Increased Gun regulations,Physician-assisted suicide,-1,1,3,5,3,1.3687633414338984,1,6,2,0.2389904246948076,-3,1,4,-2,1,4,1,-4,4,2,-1,1,Right,4.199300000011921
10,R_2aWVXgcCrbBieG1,84,j,2,0,2201.600000023842,Increased Gun regulations,Stop police brutality,-1,1,3,5,3,1.3687633414338984,3,8,2,1.3687633414338984,-3,3,6,0,3,6,3,-6,6,0,-3,1,Right,2.201600000023842
10,R_2aWVXgcCrbBieG1,85,j,2,0,1815.9000000357628,Build southern border wall,Mandatory vaccinations,1,-1,-2,2,2,-1.4556689504138287,-3,8,3,-2.020555408783374,-2,3,5,-1,6,5,6,-5,5,1,-6,1,Right,1.8159000000357628
10,R_2aWVXgcCrbBieG1,86,j,2,0,5755.299999952316,Safe injection locations,Stop police brutality,1,-1,0,1,1,-0.32589603367473785,3,8,2,1.3687633414338984,0,-3,-3,3,7,3,7,3,-3,-3,-7,1,Right,5.7552999999523164
10,R_2aWVXgcCrbBieG1,87,j,2,0,2402.7000000476837,Religious exemptions for discrimination laws,Increased Gun regulations,-1,1,2,6,2,0.803876883064353,3,5,3,1.3687633414338984,-2,3,5,1,-1,5,1,-5,5,-1,1,1,Right,2.402700000047684
10,R_2aWVXgcCrbBieG1,88,j,2,0,5690.399999976158,Increased Gun regulations,Bathrooms restricted based on biological sex,-1,1,3,5,3,1.3687633414338984,0,2,1,-0.32589603367473785,-3,0,3,-3,-3,3,3,-3,3,3,3,1,Right,5.690399999976158
10,R_2aWVXgcCrbBieG1,89,j,2,0,4197.600000023842,Mandatory vaccinations,Recognize Jerusalem as capital of Israel,-1,1,-3,8,3,-2.020555408783374,2,5,2,0.803876883064353,3,2,-1,5,-3,1,3,1,-1,-5,3,1,Right,4.197600000023842
10,R_2aWVXgcCrbBieG1,90,f,1,1,1123.2000000476837,Stop police brutality,Physician-assisted suicide,1,1,3,8,2,1.3687633414338984,1,6,2,0.2389904246948076,3,1,2,2,2,2,2,2,-2,2,2,0,Left,1.1232000000476836
10,R_2aWVXgcCrbBieG1,91,j,2,0,2269.800000011921,Stop police brutality,Religious exemptions for discrimination laws,-1,-1,3,8,2,1.3687633414338984,2,6,2,0.803876883064353,-3,-2,1,-1,-2,1,2,-1,1,1,2,1,Right,2.2698000000119207
10,R_2aWVXgcCrbBieG1,92,f,1,1,5436.100000023842,Build southern border wall,Stop police brutality,-1,-1,-2,2,2,-1.4556689504138287,3,8,2,1.3687633414338984,2,-3,5,-5,-6,5,6,5,-5,-5,-6,0,Left,5.436100000023842
10,R_2aWVXgcCrbBieG1,93,j,2,0,3768.800000011921,Ban on research with animals,Increased Gun regulations,-1,1,0,6,1,-0.32589603367473785,3,5,3,1.3687633414338984,-0,3,3,3,-1,3,1,-3,3,-3,1,1,Right,3.768800000011921
10,R_2aWVXgcCrbBieG1,94,j,2,0,1523.9000000357628,Black Lives Matter,Increased Gun regulations,-1,1,2,7,1,0.803876883064353,3,5,3,1.3687633414338984,-2,3,5,1,-2,5,2,-5,5,-1,2,1,Right,1.5239000000357628
10,R_2aWVXgcCrbBieG1,95,j,2,0,5170.300000011921,Allow alt-right speakers on campus,Mandatory vaccinations,-1,-1,2,5,2,0.803876883064353,-3,8,3,-2.020555408783374,-2,3,5,-5,3,5,3,-5,5,5,-3,1,Right,5.170300000011921
10,R_2aWVXgcCrbBieG1,96,j,2,0,1878.699999988079,Mandatory vaccinations,Affirmative action,1,1,-3,8,3,-2.020555408783374,1,7,3,0.2389904246948076,-3,1,4,4,-1,4,1,-4,4,-4,1,1,Right,1.8786999999880791
10,R_2aWVXgcCrbBieG1,97,j,2,0,2943,"Boycott, Divest, and Sanction Israel",Lift COVID lockdowns,-1,-1,-3,6,1,-2.020555408783374,2,6,3,0.803876883064353,3,-2,-5,5,0,5,0,5,-5,-5,0,1,Right,2.943
10,R_2aWVXgcCrbBieG1,98,f,1,1,2567,Affirmative action,Increased Gun regulations,1,-1,1,7,3,0.2389904246948076,3,5,3,1.3687633414338984,1,-3,4,-2,2,4,2,4,-4,-2,2,0,Left,2.567
10,R_2aWVXgcCrbBieG1,99,j,2,0,1858.7000000476837,Increased Gun regulations,Increased Gun regulations,-1,1,3,5,3,1.3687633414338984,3,5,3,1.3687633414338984,-3,3,6,0,0,6,0,-6,6,0,0,1,Right,1.8587000000476837
10,R_2aWVXgcCrbBieG1,100,j,2,0,1691.699999988079,Affirmative action,Increased Gun regulations,-1,1,1,7,3,0.2389904246948076,3,5,3,1.3687633414338984,-1,3,4,2,-2,4,2,-4,4,-2,2,1,Right,1.691699999988079
11,R_2cotQ6ipN4QDm06,1,f,1,1,732.4000000953674,Affirmative action,Abortion rights,-1,-1,0,4,3,-0.8472643002387606,3,7,3,2.3080648178917973,-0,-3,3,-3,-3,3,3,3,-3,-3,-3,0,Left,0.7324000000953674
11,R_2cotQ6ipN4QDm06,2,j,2,0,732.4000000953674,Lift COVID lockdowns,Mandatory training on sexual consent,1,1,2,8,3,1.2562884451816112,0,6,3,-0.8472643002387606,2,0,-2,-2,-2,2,2,2,-2,2,2,1,Right,0.7324000000953674
11,R_2cotQ6ipN4QDm06,3,j,2,0,831.7999999523163,Allow alt-right speakers on campus,Mandatory vaccinations,-1,1,2,6,3,1.2562884451816112,3,8,3,2.3080648178917973,-2,3,5,1,2,5,2,-5,5,-1,-2,1,Right,0.8317999999523162
11,R_2cotQ6ipN4QDm06,4,j,2,0,856.2999999523163,Abortion rights,Ban on research with animals,-1,1,3,7,3,2.3080648178917973,0,3,2,-0.8472643002387606,-3,0,3,-3,-4,3,4,-3,3,3,4,1,Right,0.8562999999523163
11,R_2cotQ6ipN4QDm06,5,f,1,1,982.3999998569489,Stop police brutality,Remove Christopher Columbus statues,-1,1,2,8,4,1.2562884451816112,-1,1,2,-1.8990406729489466,-2,-1,-1,3,7,1,7,-1,1,3,7,0,Left,0.9823999998569488
11,R_2cotQ6ipN4QDm06,6,j,2,0,1607.7999999523163,Gun-free campus police,Stop police brutality,-1,-1,1,8,3,0.20451207247142525,2,8,4,1.2562884451816112,-1,-2,-1,1,0,1,0,1,-1,-1,0,1,Right,1.6077999999523163
11,R_2cotQ6ipN4QDm06,7,j,2,0,754.5,Mandatory vaccinations,University Campus should be a Sanctuary,1,1,3,8,3,2.3080648178917973,1,8,3,0.20451207247142525,3,1,-2,-2,0,2,0,2,-2,2,0,1,Right,0.7545
11,R_2cotQ6ipN4QDm06,12,f,1,1,14612.799999952316,Abortion rights,Remove Christopher Columbus statues,-1,-1,3,7,3,2.3080648178917973,-1,1,2,-1.8990406729489466,-3,1,-4,4,6,4,6,-4,4,4,6,0,Left,14.612799999952315
11,R_2cotQ6ipN4QDm06,13,f,1,1,825,Ban on research with animals,Mandatory vaccinations,-1,1,0,3,2,-0.8472643002387606,3,8,3,2.3080648178917973,-0,3,-3,-3,-5,3,5,-3,3,-3,-5,0,Left,0.825
11,R_2cotQ6ipN4QDm06,17,j,2,0,637.6999998092651,Mandatory vaccinations,Remove public Confederate memorials,1,-1,3,8,3,2.3080648178917973,0,8,3,-0.8472643002387606,3,-0,-3,-3,0,3,0,3,-3,3,0,1,Right,0.6376999998092652
11,R_2cotQ6ipN4QDm06,19,j,2,0,843,Lift COVID lockdowns,Ban on research with animals,1,-1,2,8,3,1.2562884451816112,0,3,2,-0.8472643002387606,2,-0,-2,-2,-5,2,5,2,-2,2,5,1,Right,0.843
11,R_2cotQ6ipN4QDm06,20,j,2,0,248.5,Climate change legislation,Abortion rights,1,1,0,5,2,-0.8472643002387606,3,7,3,2.3080648178917973,0,3,3,3,2,3,2,-3,3,-3,-2,1,Right,0.2485
11,R_2cotQ6ipN4QDm06,22,j,2,0,475.2000000476837,Climate change legislation,Abortion rights,1,-1,0,5,2,-0.8472643002387606,3,7,3,2.3080648178917973,0,-3,-3,3,2,3,2,3,-3,-3,-2,1,Right,0.4752000000476837
11,R_2cotQ6ipN4QDm06,23,f,1,1,186.70000004768372,Lift COVID lockdowns,Cuts to National Parks budget,1,-1,2,8,3,1.2562884451816112,1,6,3,0.20451207247142525,2,-1,3,1,2,3,2,3,-3,1,2,0,Left,0.18670000004768372
11,R_2cotQ6ipN4QDm06,24,f,1,1,7773.899999856949,Abortion rights,Ban on research with animals,1,-1,3,7,3,2.3080648178917973,0,3,2,-0.8472643002387606,3,-0,3,3,4,3,4,3,-3,3,4,0,Left,7.7738999998569485
11,R_2cotQ6ipN4QDm06,25,j,2,0,13416.399999856949,Mandatory vaccinations,Cuts to National Parks budget,1,-1,3,8,3,2.3080648178917973,1,6,3,0.20451207247142525,3,-1,-4,-2,-2,4,2,4,-4,2,2,1,Right,13.41639999985695
11,R_2cotQ6ipN4QDm06,26,j,2,0,16759.200000047684,Defund the police,Physician-assisted suicide,-1,1,1,6,3,0.20451207247142525,2,6,3,1.2562884451816112,-1,2,3,1,0,3,0,-3,3,-1,0,1,Right,16.759200000047684
11,R_2cotQ6ipN4QDm06,27,j,2,0,809.2999999523163,Student worker unionization,Lift COVID lockdowns,-1,-1,0,6,3,-0.8472643002387606,2,8,3,1.2562884451816112,-0,-2,-2,2,2,2,2,2,-2,-2,-2,1,Right,0.8092999999523163
11,R_2cotQ6ipN4QDm06,28,j,2,0,1257.6999998092651,Abortion rights,Increased Gun regulations,-1,-1,3,7,3,2.3080648178917973,1,8,3,0.20451207247142525,-3,-1,2,-2,1,2,1,-2,2,2,-1,1,Right,1.257699999809265
11,R_2cotQ6ipN4QDm06,29,j,2,0,773.5,Mandatory vaccinations,Cuts to National Parks budget,-1,-1,3,8,3,2.3080648178917973,1,6,3,0.20451207247142525,-3,-1,2,-2,-2,2,2,-2,2,2,2,1,Right,0.7735
11,R_2cotQ6ipN4QDm06,30,j,2,0,681,Lift COVID lockdowns,Detention of migrant children,-1,1,2,8,3,1.2562884451816112,-1,6,3,-1.8990406729489466,-2,-1,1,-3,-2,1,2,-1,1,3,2,1,Right,0.681
11,R_2cotQ6ipN4QDm06,31,j,2,0,2085.399999856949,Abolishing private prisons,Abolishing private prisons,1,-1,2,6,3,1.2562884451816112,2,6,3,1.2562884451816112,2,-2,-4,0,0,4,0,4,-4,0,0,1,Right,2.085399999856949
11,R_2cotQ6ipN4QDm06,33,f,1,1,1069.5999999046326,Remove Christopher Columbus statues,Stop police brutality,-1,1,-1,1,2,-1.8990406729489466,2,8,4,1.2562884451816112,1,2,-1,-3,-7,1,7,-1,1,-3,-7,0,Left,1.0695999999046326
11,R_2cotQ6ipN4QDm06,34,f,1,1,1192.5999999046326,Remove public Confederate memorials,Abortion rights,1,1,0,8,3,-0.8472643002387606,3,7,3,2.3080648178917973,0,3,-3,-3,1,3,1,-3,3,-3,1,0,Left,1.1925999999046326
11,R_2cotQ6ipN4QDm06,35,j,2,0,887.7999999523163,Mandatory vaccinations,Climate change legislation,-1,-1,3,8,3,2.3080648178917973,0,5,2,-0.8472643002387606,-3,-0,3,-3,-3,3,3,-3,3,3,3,1,Right,0.8877999999523163
11,R_2cotQ6ipN4QDm06,36,j,2,0,1369.5,Allow alt-right speakers on campus,Remove Christopher Columbus statues,1,-1,2,6,3,1.2562884451816112,-1,1,2,-1.8990406729489466,2,1,-1,-3,-5,1,5,1,-1,3,5,1,Right,1.3695
11,R_2cotQ6ipN4QDm06,37,j,2,0,861.0999999046326,Ban on research with animals,Stop police brutality,1,-1,0,3,2,-0.8472643002387606,2,8,4,1.2562884451816112,0,-2,-2,2,5,2,5,2,-2,-2,-5,1,Right,0.8610999999046326
11,R_2cotQ6ipN4QDm06,38,j,2,0,908.8999998569489,Abolishing private prisons,Abortion rights,1,-1,2,6,3,1.2562884451816112,3,7,3,2.3080648178917973,2,-3,-5,1,1,5,1,5,-5,-1,-1,1,Right,0.9088999998569488
11,R_2cotQ6ipN4QDm06,39,j,2,0,739.0999999046326,Remove public Confederate memorials,Lift COVID lockdowns,1,1,0,8,3,-0.8472643002387606,2,8,3,1.2562884451816112,0,2,2,2,0,2,0,-2,2,-2,0,1,Right,0.7390999999046326
11,R_2cotQ6ipN4QDm06,40,j,2,0,805.9000000953674,Remove Christopher Columbus statues,Abortion rights,1,1,-1,1,2,-1.8990406729489466,3,7,3,2.3080648178917973,-1,3,4,4,6,4,6,-4,4,-4,-6,1,Right,0.8059000000953674
11,R_2cotQ6ipN4QDm06,41,j,2,0,1599.4000000953674,Allow alt-right speakers on campus,Remove police from schools,1,-1,2,6,3,1.2562884451816112,1,8,3,0.20451207247142525,2,-1,-3,-1,2,3,2,3,-3,1,-2,1,Right,1.5994000000953674
11,R_2cotQ6ipN4QDm06,42,f,1,1,404.19999980926514,Abortion rights,Abortion rights,-1,1,3,7,3,2.3080648178917973,3,7,3,2.3080648178917973,-3,3,-6,0,0,6,0,-6,6,0,0,0,Left,0.40419999980926513
11,R_2cotQ6ipN4QDm06,43,j,2,0,219.89999985694885,Abolishing private prisons,Lift COVID lockdowns,-1,1,2,6,3,1.2562884451816112,2,8,3,1.2562884451816112,-2,2,4,0,2,4,2,-4,4,0,-2,1,Right,0.21989999985694886
11,R_2cotQ6ipN4QDm06,44,j,2,0,237.79999995231628,Religious exemptions for discrimination laws,Mandatory vaccinations,1,-1,1,6,3,0.20451207247142525,3,8,3,2.3080648178917973,1,-3,-4,2,2,4,2,4,-4,-2,-2,1,Right,0.2377999999523163
11,R_2cotQ6ipN4QDm06,47,j,2,0,194.19999980926514,Lift COVID lockdowns,Raise the minimum wage,-1,-1,2,8,3,1.2562884451816112,0,4,3,-0.8472643002387606,-2,-0,2,-2,-4,2,4,-2,2,2,4,1,Right,0.19419999980926514
11,R_2cotQ6ipN4QDm06,51,j,2,0,11287.799999952316,Allow alt-right speakers on campus,Stop police brutality,-1,-1,2,6,3,1.2562884451816112,2,8,4,1.2562884451816112,-2,-2,0,0,2,0,2,0,0,0,-2,1,Right,11.287799999952316
11,R_2cotQ6ipN4QDm06,53,f,1,1,364.7000000476837,Abortion rights,Mandatory drug tests for welfare recipients,1,-1,3,7,3,2.3080648178917973,1,8,3,0.20451207247142525,3,-1,4,2,-1,4,1,4,-4,2,-1,0,Left,0.3647000000476837
11,R_2cotQ6ipN4QDm06,54,j,2,0,726.0999999046326,University Campus should be a Sanctuary,Mandatory vaccinations,1,-1,1,8,3,0.20451207247142525,3,8,3,2.3080648178917973,1,-3,-4,2,0,4,0,4,-4,-2,0,1,Right,0.7260999999046326
11,R_2cotQ6ipN4QDm06,55,j,2,0,194.10000014305115,Physician-assisted suicide,Mandatory vaccinations,1,1,2,6,3,1.2562884451816112,3,8,3,2.3080648178917973,2,3,1,1,2,1,2,-1,1,-1,-2,1,Right,0.19410000014305115
11,R_2cotQ6ipN4QDm06,56,j,2,0,188.20000004768372,Stop police brutality,Climate change legislation,1,1,2,8,4,1.2562884451816112,0,5,2,-0.8472643002387606,2,0,-2,-2,-3,2,3,2,-2,2,3,1,Right,0.18820000004768372
11,R_2cotQ6ipN4QDm06,57,f,1,1,563.4000000953674,Abortion rights,Lift COVID lockdowns,-1,1,3,7,3,2.3080648178917973,2,8,3,1.2562884451816112,-3,2,-5,1,-1,5,1,-5,5,1,-1,0,Left,0.5634000000953674
11,R_2cotQ6ipN4QDm06,58,j,2,0,226.39999985694885,On campus concealed carry,Stop police brutality,1,1,0,4,3,-0.8472643002387606,2,8,4,1.2562884451816112,0,2,2,2,4,2,4,-2,2,-2,-4,1,Right,0.22639999985694886
11,R_2cotQ6ipN4QDm06,59,j,2,0,570.7000000476837,Abortion rights,Safe injection locations,1,1,3,7,3,2.3080648178917973,1,8,3,0.20451207247142525,3,1,-2,-2,1,2,1,2,-2,2,-1,1,Right,0.5707000000476837
11,R_2cotQ6ipN4QDm06,60,f,1,1,217.09999990463257,Abortion rights,Mandatory vaccinations,1,1,3,7,3,2.3080648178917973,3,8,3,2.3080648178917973,3,3,0,0,-1,0,1,0,0,0,-1,0,Left,0.21709999990463258
11,R_2cotQ6ipN4QDm06,63,f,1,1,8078.900000095367,Mandatory vaccinations,Remove Christopher Columbus statues,-1,-1,3,8,3,2.3080648178917973,-1,1,2,-1.8990406729489466,-3,1,-4,4,7,4,7,-4,4,4,7,0,Left,8.078900000095368
11,R_2cotQ6ipN4QDm06,64,f,1,1,278,Mandatory vaccinations,Climate change legislation,1,1,3,8,3,2.3080648178917973,0,5,2,-0.8472643002387606,3,0,3,3,3,3,3,3,-3,3,3,0,Left,0.278
11,R_2cotQ6ipN4QDm06,65,j,2,0,395.2000000476837,Lift COVID lockdowns,Abolishing private prisons,1,1,2,8,3,1.2562884451816112,2,6,3,1.2562884451816112,2,2,0,0,-2,0,2,0,0,0,2,1,Right,0.39520000004768374
11,R_2cotQ6ipN4QDm06,67,j,2,0,205.5,Stop police brutality,Abortion rights,-1,-1,2,8,4,1.2562884451816112,3,7,3,2.3080648178917973,-2,-3,-1,1,-1,1,1,1,-1,-1,1,1,Right,0.2055
11,R_2cotQ6ipN4QDm06,68,j,2,0,4012.4000000953674,War on Drugs,Mandatory vaccinations,-1,1,1,8,4,0.20451207247142525,3,8,3,2.3080648178917973,-1,3,4,2,0,4,0,-4,4,-2,0,1,Right,4.012400000095368
11,R_2cotQ6ipN4QDm06,69,f,1,1,286.5,Mandatory vaccinations,Abolishing private prisons,-1,-1,3,8,3,2.3080648178917973,2,6,3,1.2562884451816112,-3,-2,-1,1,2,1,2,-1,1,1,2,0,Left,0.2865
11,R_2cotQ6ipN4QDm06,72,f,1,1,2996.7999999523163,Remove Christopher Columbus statues,Abolishing private prisons,1,1,-1,1,2,-1.8990406729489466,2,6,3,1.2562884451816112,-1,2,-3,-3,-5,3,5,-3,3,-3,-5,0,Left,2.9967999999523163
11,R_2cotQ6ipN4QDm06,73,j,2,0,225.5,Mandatory vaccinations,Mandatory vaccinations,-1,1,3,8,3,2.3080648178917973,3,8,3,2.3080648178917973,-3,3,6,0,0,6,0,-6,6,0,0,1,Right,0.2255
11,R_2cotQ6ipN4QDm06,77,f,1,1,223.90000009536743,Detention of migrant children,Mandatory vaccinations,-1,1,-1,6,3,-1.8990406729489466,3,8,3,2.3080648178917973,1,3,-2,-4,-2,2,2,-2,2,-4,-2,0,Left,0.22390000009536742
11,R_2cotQ6ipN4QDm06,82,j,2,0,268,Abortion rights,Lift COVID lockdowns,1,1,3,7,3,2.3080648178917973,2,8,3,1.2562884451816112,3,2,-1,-1,1,1,1,1,-1,1,-1,1,Right,0.268
11,R_2cotQ6ipN4QDm06,83,f,1,1,4077,Abortion rights,Remove police from schools,-1,1,3,7,3,2.3080648178917973,1,8,3,0.20451207247142525,-3,1,-4,2,-1,4,1,-4,4,2,-1,0,Left,4.077
11,R_2cotQ6ipN4QDm06,86,f,1,1,163.5,Gun-free campus police,Stop police brutality,1,-1,1,8,3,0.20451207247142525,2,8,4,1.2562884451816112,1,-2,3,-1,0,3,0,3,-3,-1,0,0,Left,0.1635
11,R_2cotQ6ipN4QDm06,87,j,2,0,525,Abortion rights,Remove Christopher Columbus statues,-1,1,3,7,3,2.3080648178917973,-1,1,2,-1.8990406729489466,-3,-1,2,-4,-6,2,6,-2,2,4,6,1,Right,0.525
11,R_2cotQ6ipN4QDm06,89,f,1,1,153.79999995231628,Remove Christopher Columbus statues,Mandatory vaccinations,1,-1,-1,1,2,-1.8990406729489466,3,8,3,2.3080648178917973,-1,-3,2,-4,-7,2,7,2,-2,-4,-7,0,Left,0.15379999995231627
11,R_2cotQ6ipN4QDm06,92,f,1,1,2169.5,Abortion rights,Defund the police,-1,1,3,7,3,2.3080648178917973,1,6,3,0.20451207247142525,-3,1,-4,2,1,4,1,-4,4,2,1,0,Left,2.1695
11,R_2cotQ6ipN4QDm06,94,j,2,0,265,Increased Gun regulations,Stop police brutality,1,1,1,8,3,0.20451207247142525,2,8,4,1.2562884451816112,1,2,1,1,0,1,0,-1,1,-1,0,1,Right,0.265
11,R_2cotQ6ipN4QDm06,96,f,1,1,218.09999990463257,Physician-assisted suicide,Abortion rights,-1,-1,2,6,3,1.2562884451816112,3,7,3,2.3080648178917973,-2,-3,1,-1,-1,1,1,1,-1,-1,-1,0,Left,0.21809999990463258
11,R_2cotQ6ipN4QDm06,99,j,2,0,162.70000004768372,Mandatory vaccinations,Abortion rights,-1,1,3,8,3,2.3080648178917973,3,7,3,2.3080648178917973,-3,3,6,0,-1,6,1,-6,6,0,1,1,Right,0.16270000004768373
17,R_2WA637w6MXKEAnb,1,j,2,0,7130.099999904633,Abolishing fraternities,Mandatory vaccinations,-1,1,2,6,4,-5.833333333333334,3,8,4,0.16666666666666607,-2,3,5,1,2,5,2,-5,5,-1,-2,1,Right,7.130099999904632
17,R_2WA637w6MXKEAnb,2,f,1,1,17982,Stop police brutality,Legalization of marijuana,-1,-1,3,8,4,0.16666666666666607,3,7,3,0.16666666666666607,-3,-3,0,0,1,0,1,0,0,0,1,0,Left,17.982
17,R_2WA637w6MXKEAnb,3,f,1,1,4178.400000095367,Increased Gun regulations,Abolishing fraternities,-1,-1,3,8,4,0.16666666666666607,2,6,4,-5.833333333333334,-3,-2,-1,1,2,1,2,-1,1,1,2,0,Left,4.178400000095367
17,R_2WA637w6MXKEAnb,4,f,1,1,12015.800000190735,Allow alt-right speakers on campus,Abolishing fraternities,1,-1,3,8,4,0.16666666666666607,2,6,4,-5.833333333333334,3,-2,5,1,2,5,2,5,-5,1,2,0,Left,12.015800000190735
17,R_2WA637w6MXKEAnb,5,f,1,1,9785.699999809265,Safe injection locations,Abolishing fraternities,-1,-1,3,7,4,0.16666666666666607,2,6,4,-5.833333333333334,-3,-2,-1,1,1,1,1,-1,1,1,1,0,Left,9.785699999809266
17,R_2WA637w6MXKEAnb,6,f,1,1,6137.299999713898,Abolishing fraternities,Increased Gun regulations,1,1,2,6,4,-5.833333333333334,3,8,4,0.16666666666666607,2,3,-1,-1,-2,1,2,-1,1,-1,-2,0,Left,6.137299999713898
17,R_2WA637w6MXKEAnb,7,f,1,1,3498.699999809265,Abolishing fraternities,On campus concealed carry,1,1,2,6,4,-5.833333333333334,3,8,4,0.16666666666666607,2,3,-1,-1,-2,1,2,-1,1,-1,-2,0,Left,3.498699999809265
17,R_2WA637w6MXKEAnb,8,f,1,1,4312.200000286102,Safe injection locations,Abolishing fraternities,1,-1,3,7,4,0.16666666666666607,2,6,4,-5.833333333333334,3,-2,5,1,1,5,1,5,-5,1,1,0,Left,4.3122000002861025
17,R_2WA637w6MXKEAnb,9,j,2,0,2309.4000000953674,Detention of migrant children,Student worker unionization,-1,1,3,8,4,0.16666666666666607,3,8,4,0.16666666666666607,-3,3,6,0,0,6,0,-6,6,0,0,1,Right,2.3094000000953674
17,R_2WA637w6MXKEAnb,10,f,1,1,9819.199999809265,Safe injection locations,Abolishing fraternities,-1,1,3,7,4,0.16666666666666607,2,6,4,-5.833333333333334,-3,2,-5,1,1,5,1,-5,5,1,1,0,Left,9.819199999809266
17,R_2WA637w6MXKEAnb,11,j,2,0,4349.5,Abolishing fraternities,Abolishing fraternities,-1,1,2,6,4,-5.833333333333334,2,6,4,-5.833333333333334,-2,2,4,0,0,4,0,-4,4,0,0,1,Right,4.3495
17,R_2WA637w6MXKEAnb,12,f,1,1,6318.400000095367,Abolishing fraternities,U.S. drone strikes in Afghanistan,-1,-1,2,6,4,-5.833333333333334,3,8,4,0.16666666666666607,-2,-3,1,-1,-2,1,2,1,-1,-1,-2,0,Left,6.318400000095368
17,R_2WA637w6MXKEAnb,13,j,2,0,1950.5999999046326,Safe injection locations,Ban on research with animals,-1,-1,3,7,4,0.16666666666666607,3,8,4,0.16666666666666607,-3,-3,0,0,1,0,1,0,0,0,-1,1,Right,1.9505999999046326
17,R_2WA637w6MXKEAnb,14,f,1,1,3994.699999809265,Defund Planned Parenthood,Legalization of marijuana,-1,-1,3,8,4,0.16666666666666607,3,7,3,0.16666666666666607,-3,-3,0,0,1,0,1,0,0,0,1,0,Left,3.994699999809265
17,R_2WA637w6MXKEAnb,15,f,1,1,8221.099999904633,Abolishing fraternities,Recognize Jerusalem as capital of Israel,1,-1,2,6,4,-5.833333333333334,3,7,3,0.16666666666666607,2,-3,5,-1,-1,5,1,5,-5,-1,-1,0,Left,8.221099999904633
17,R_2WA637w6MXKEAnb,16,j,2,0,3380.4000000953674,Legalization of marijuana,Recognize Jerusalem as capital of Israel,-1,1,3,7,3,0.16666666666666607,3,7,3,0.16666666666666607,-3,3,6,0,0,6,0,-6,6,0,0,1,Right,3.3804000000953676
17,R_2WA637w6MXKEAnb,17,f,1,1,2353.800000190735,U.S. drone strikes in Afghanistan,Remove Christopher Columbus statues,1,-1,3,8,4,0.16666666666666607,3,8,4,0.16666666666666607,3,-3,6,0,0,6,0,6,-6,0,0,0,Left,2.3538000001907347
17,R_2WA637w6MXKEAnb,18,f,1,1,5013.700000286102,Mandatory training on sexual consent,Mandatory drug tests for welfare recipients,1,1,3,8,4,0.16666666666666607,3,7,4,0.16666666666666607,3,3,0,0,1,0,1,0,0,0,1,0,Left,5.013700000286102
17,R_2WA637w6MXKEAnb,19,f,1,1,1987.3999996185303,Tuition increases,Safe injection locations,1,1,3,8,4,0.16666666666666607,3,7,4,0.16666666666666607,3,3,0,0,1,0,1,0,0,0,1,0,Left,1.9873999996185303
17,R_2WA637w6MXKEAnb,20,j,2,0,786.1999998092651,Abolishing fraternities,Remove police from schools,1,1,2,6,4,-5.833333333333334,3,8,4,0.16666666666666607,2,3,1,1,2,1,2,-1,1,-1,-2,1,Right,0.7861999998092651
17,R_2WA637w6MXKEAnb,21,j,2,0,2429.4000000953674,Safe injection locations,Abolishing fraternities,1,1,3,7,4,0.16666666666666607,2,6,4,-5.833333333333334,3,2,-1,-1,-1,1,1,1,-1,1,1,1,Right,2.4294000000953675
17,R_2WA637w6MXKEAnb,22,j,2,0,8805,Dorms determined by gender identity,Safe injection locations,-1,-1,3,8,4,0.16666666666666607,3,7,4,0.16666666666666607,-3,-3,0,0,-1,0,1,0,0,0,1,1,Right,8.805
17,R_2WA637w6MXKEAnb,23,j,2,0,5069.400000095367,Abolishing fraternities,Mandatory drug tests for welfare recipients,1,-1,2,6,4,-5.833333333333334,3,7,4,0.16666666666666607,2,-3,-5,1,1,5,1,5,-5,-1,-1,1,Right,5.069400000095367
17,R_2WA637w6MXKEAnb,24,f,1,1,4699.400000095367,Abolishing fraternities,Dorms determined by gender identity,-1,-1,2,6,4,-5.833333333333334,3,8,4,0.16666666666666607,-2,-3,1,-1,-2,1,2,1,-1,-1,-2,0,Left,4.699400000095367
17,R_2WA637w6MXKEAnb,25,f,1,1,2840.2000002861023,Religious exemptions for discrimination laws,Abolishing fraternities,-1,1,3,8,4,0.16666666666666607,2,6,4,-5.833333333333334,-3,2,-5,1,2,5,2,-5,5,1,2,0,Left,2.840200000286102
17,R_2WA637w6MXKEAnb,26,j,2,0,3954,Lift COVID lockdowns,Recognize Jerusalem as capital of Israel,-1,1,3,8,4,0.16666666666666607,3,7,3,0.16666666666666607,-3,3,6,0,-1,6,1,-6,6,0,1,1,Right,3.954
17,R_2WA637w6MXKEAnb,27,f,1,1,3481.5999999046326,Mandatory trigger warnings,Hardening schools/Arming teachers,-1,1,3,8,4,0.16666666666666607,3,8,4,0.16666666666666607,-3,3,-6,0,0,6,0,-6,6,0,0,0,Left,3.4815999999046325
17,R_2WA637w6MXKEAnb,28,f,1,1,1395.1000003814697,Legalization of marijuana,Stop police brutality,-1,1,3,7,3,0.16666666666666607,3,8,4,0.16666666666666607,-3,3,-6,0,-1,6,1,-6,6,0,-1,0,Left,1.3951000003814698
17,R_2WA637w6MXKEAnb,29,j,2,0,1471.6999998092651,Abolishing fraternities,Legalization of marijuana,1,1,2,6,4,-5.833333333333334,3,7,3,0.16666666666666607,2,3,1,1,1,1,1,-1,1,-1,-1,1,Right,1.4716999998092652
17,R_2WA637w6MXKEAnb,30,f,1,1,374.2000002861023,Safe injection locations,Legalization of marijuana,1,-1,3,7,4,0.16666666666666607,3,7,3,0.16666666666666607,3,-3,6,0,0,6,0,6,-6,0,0,0,Left,0.3742000002861023
17,R_2WA637w6MXKEAnb,31,j,2,0,2325.800000190735,Legalization of marijuana,Lift COVID lockdowns,1,-1,3,7,3,0.16666666666666607,3,8,4,0.16666666666666607,3,-3,-6,0,1,6,1,6,-6,0,-1,1,Right,2.325800000190735
17,R_2WA637w6MXKEAnb,32,f,1,1,1080.5999999046326,Cuts to National Parks budget,Abolishing fraternities,-1,-1,3,8,4,0.16666666666666607,2,6,4,-5.833333333333334,-3,-2,-1,1,2,1,2,-1,1,1,2,0,Left,1.0805999999046325
17,R_2WA637w6MXKEAnb,34,f,1,1,2534.300000190735,Abolishing fraternities,Bathrooms restricted based on biological sex,-1,-1,2,6,4,-5.833333333333334,3,8,4,0.16666666666666607,-2,-3,1,-1,-2,1,2,1,-1,-1,-2,0,Left,2.534300000190735
17,R_2WA637w6MXKEAnb,35,f,1,1,3547.5,Mandatory drug tests for welfare recipients,Remove public Confederate memorials,-1,-1,3,7,4,0.16666666666666607,3,8,4,0.16666666666666607,-3,-3,0,0,-1,0,1,0,0,0,-1,0,Left,3.5475
17,R_2WA637w6MXKEAnb,36,j,2,0,2130.199999809265,Legalization of marijuana,Recognize Jerusalem as capital of Israel,-1,1,3,7,3,0.16666666666666607,3,7,3,0.16666666666666607,-3,3,6,0,0,6,0,-6,6,0,0,1,Right,2.1301999998092653
17,R_2WA637w6MXKEAnb,37,j,2,0,4538.5,Build southern border wall,Abolishing fraternities,-1,1,3,8,4,0.16666666666666607,2,6,4,-5.833333333333334,-3,2,5,-1,-2,5,2,-5,5,1,2,1,Right,4.5385
17,R_2WA637w6MXKEAnb,38,f,1,1,3292.300000190735,Abolishing fraternities,Recognize Jerusalem as capital of Israel,1,-1,2,6,4,-5.833333333333334,3,7,3,0.16666666666666607,2,-3,5,-1,-1,5,1,5,-5,-1,-1,0,Left,3.292300000190735
17,R_2WA637w6MXKEAnb,39,f,1,1,1069.5,Mandatory drug tests for welfare recipients,Hardening schools/Arming teachers,-1,1,3,7,4,0.16666666666666607,3,8,4,0.16666666666666607,-3,3,-6,0,-1,6,1,-6,6,0,-1,0,Left,1.0695
17,R_2WA637w6MXKEAnb,40,f,1,1,5467.700000286102,Raise the minimum wage,Abolishing fraternities,1,1,3,8,4,0.16666666666666607,2,6,4,-5.833333333333334,3,2,1,1,2,1,2,1,-1,1,2,0,Left,5.4677000002861025
17,R_2WA637w6MXKEAnb,41,f,1,1,2094.5999999046326,Legalization of marijuana,Abolishing fraternities,1,-1,3,7,3,0.16666666666666607,2,6,4,-5.833333333333334,3,-2,5,1,1,5,1,5,-5,1,1,0,Left,2.0945999999046325
17,R_2WA637w6MXKEAnb,42,j,2,0,3026.6000003814697,Abolishing fraternities,Legalization of marijuana,-1,1,2,6,4,-5.833333333333334,3,7,3,0.16666666666666607,-2,3,5,1,1,5,1,-5,5,-1,-1,1,Right,3.0266000003814697
17,R_2WA637w6MXKEAnb,43,f,1,1,1862.0999999046326,Mandatory drug tests for welfare recipients,Black Lives Matter,1,1,3,7,4,0.16666666666666607,3,8,4,0.16666666666666607,3,3,0,0,-1,0,1,0,0,0,-1,0,Left,1.8620999999046326
17,R_2WA637w6MXKEAnb,44,j,2,0,3871.199999809265,Religious exemptions for discrimination laws,Legalization of marijuana,-1,-1,3,8,4,0.16666666666666607,3,7,3,0.16666666666666607,-3,-3,0,0,-1,0,1,0,0,0,1,1,Right,3.871199999809265
17,R_2WA637w6MXKEAnb,45,j,2,0,3304.7000002861023,Mandatory drug tests for welfare recipients,Abolishing fraternities,1,1,3,7,4,0.16666666666666607,2,6,4,-5.833333333333334,3,2,-1,-1,-1,1,1,1,-1,1,1,1,Right,3.3047000002861022
17,R_2WA637w6MXKEAnb,46,f,1,1,339.19999980926514,University Campus should be a Sanctuary,"Boycott, Divest, and Sanction Israel",1,-1,3,8,4,0.16666666666666607,3,8,4,0.16666666666666607,3,-3,6,0,0,6,0,6,-6,0,0,0,Left,0.33919999980926513
17,R_2WA637w6MXKEAnb,47,j,2,0,1474.2000002861023,Affirmative action,Abolishing fraternities,1,1,3,8,4,0.16666666666666607,2,6,4,-5.833333333333334,3,2,-1,-1,-2,1,2,1,-1,1,2,1,Right,1.4742000002861022
17,R_2WA637w6MXKEAnb,48,f,1,1,7683.299999713898,"Boycott, Divest, and Sanction Israel",Legalization of marijuana,1,-1,3,8,4,0.16666666666666607,3,7,3,0.16666666666666607,3,-3,6,0,1,6,1,6,-6,0,1,0,Left,7.683299999713897
17,R_2WA637w6MXKEAnb,49,f,1,1,1429.4000000953674,Allow alt-right speakers on campus,Abolishing fraternities,1,-1,3,8,4,0.16666666666666607,2,6,4,-5.833333333333334,3,-2,5,1,2,5,2,5,-5,1,2,0,Left,1.4294000000953675
17,R_2WA637w6MXKEAnb,50,j,2,0,802.3000001907349,Safe injection locations,Abolishing fraternities,-1,-1,3,7,4,0.16666666666666607,2,6,4,-5.833333333333334,-3,-2,1,-1,-1,1,1,-1,1,1,1,1,Right,0.8023000001907349
17,R_2WA637w6MXKEAnb,51,j,2,0,2359.0999999046326,Safe injection locations,Abolishing fraternities,1,1,3,7,4,0.16666666666666607,2,6,4,-5.833333333333334,3,2,-1,-1,-1,1,1,1,-1,1,1,1,Right,2.3590999999046325
17,R_2WA637w6MXKEAnb,53,f,1,1,544.4000000953674,Abolishing fraternities,Lift COVID lockdowns,1,-1,2,6,4,-5.833333333333334,3,8,4,0.16666666666666607,2,-3,5,-1,-2,5,2,5,-5,-1,-2,0,Left,0.5444000000953675
17,R_2WA637w6MXKEAnb,54,j,2,0,1452.3000001907349,Legalization of marijuana,Dorms determined by gender identity,-1,1,3,7,3,0.16666666666666607,3,8,4,0.16666666666666607,-3,3,6,0,1,6,1,-6,6,0,-1,1,Right,1.452300000190735
17,R_2WA637w6MXKEAnb,56,j,2,0,2009.0999999046326,Abolishing fraternities,Abolishing fraternities,-1,1,2,6,4,-5.833333333333334,2,6,4,-5.833333333333334,-2,2,4,0,0,4,0,-4,4,0,0,1,Right,2.0090999999046324
17,R_2WA637w6MXKEAnb,57,f,1,1,2007,Defund Planned Parenthood,Safe injection locations,1,1,3,8,4,0.16666666666666607,3,7,4,0.16666666666666607,3,3,0,0,1,0,1,0,0,0,1,0,Left,2.007
17,R_2WA637w6MXKEAnb,58,j,2,0,2360.9000000953674,Abolishing fraternities,Gun-free campus police,1,-1,2,6,4,-5.833333333333334,3,8,4,0.16666666666666607,2,-3,-5,1,2,5,2,5,-5,-1,-2,1,Right,2.3609000000953673
17,R_2WA637w6MXKEAnb,59,f,1,1,3393,Abolishing fraternities,Ban on ethnic Halloween costumes,-1,1,2,6,4,-5.833333333333334,3,8,4,0.16666666666666607,-2,3,-5,-1,-2,5,2,-5,5,-1,-2,0,Left,3.393
17,R_2WA637w6MXKEAnb,60,j,2,0,1774.5999999046326,Recognize Jerusalem as capital of Israel,Abolishing fraternities,1,1,3,7,3,0.16666666666666607,2,6,4,-5.833333333333334,3,2,-1,-1,-1,1,1,1,-1,1,1,1,Right,1.7745999999046325
17,R_2WA637w6MXKEAnb,61,f,1,1,1614.5,Abolishing fraternities,Build southern border wall,1,-1,2,6,4,-5.833333333333334,3,8,4,0.16666666666666607,2,-3,5,-1,-2,5,2,5,-5,-1,-2,0,Left,1.6145
17,R_2WA637w6MXKEAnb,62,j,2,0,2002.3000001907349,Abolishing fraternities,University Campus should be a Sanctuary,1,1,2,6,4,-5.833333333333334,3,8,4,0.16666666666666607,2,3,1,1,2,1,2,-1,1,-1,-2,1,Right,2.002300000190735
17,R_2WA637w6MXKEAnb,63,f,1,1,2312.9000000953674,Climate change legislation,"Boycott, Divest, and Sanction Israel",1,-1,3,8,4,0.16666666666666607,3,8,4,0.16666666666666607,3,-3,6,0,0,6,0,6,-6,0,0,0,Left,2.3129000000953672
17,R_2WA637w6MXKEAnb,64,f,1,1,3876.5,Abolishing fraternities,Mandatory drug tests for welfare recipients,-1,1,2,6,4,-5.833333333333334,3,7,4,0.16666666666666607,-2,3,-5,-1,-1,5,1,-5,5,-1,-1,0,Left,3.8765
17,R_2WA637w6MXKEAnb,65,f,1,1,2507.3999996185303,Safe injection locations,University Campus should be a Sanctuary,1,-1,3,7,4,0.16666666666666607,3,8,4,0.16666666666666607,3,-3,6,0,-1,6,1,6,-6,0,-1,0,Left,2.50739999961853
17,R_2WA637w6MXKEAnb,66,j,2,0,946.3000001907349,Legalization of marijuana,Mandatory drug tests for welfare recipients,1,-1,3,7,3,0.16666666666666607,3,7,4,0.16666666666666607,3,-3,-6,0,0,6,0,6,-6,0,0,1,Right,0.9463000001907349
17,R_2WA637w6MXKEAnb,67,j,2,0,2301.300000190735,Abolishing fraternities,On campus concealed carry,-1,1,2,6,4,-5.833333333333334,3,8,4,0.16666666666666607,-2,3,5,1,2,5,2,-5,5,-1,-2,1,Right,2.301300000190735
17,R_2WA637w6MXKEAnb,68,f,1,1,2335.699999809265,Bathrooms restricted based on biological sex,Legalization of marijuana,-1,1,3,8,4,0.16666666666666607,3,7,3,0.16666666666666607,-3,3,-6,0,1,6,1,-6,6,0,1,0,Left,2.335699999809265
17,R_2WA637w6MXKEAnb,69,j,2,0,219,Abolishing fraternities,Increased Gun regulations,1,-1,2,6,4,-5.833333333333334,3,8,4,0.16666666666666607,2,-3,-5,1,2,5,2,5,-5,-1,-2,1,Right,0.219
17,R_2WA637w6MXKEAnb,70,j,2,0,1090.3000001907349,Abolishing fraternities,Bathrooms restricted based on biological sex,-1,-1,2,6,4,-5.833333333333334,3,8,4,0.16666666666666607,-2,-3,-1,1,2,1,2,1,-1,-1,-2,1,Right,1.0903000001907348
17,R_2WA637w6MXKEAnb,71,f,1,1,857.7000002861023,Religious exemptions for discrimination laws,Legalization of marijuana,1,1,3,8,4,0.16666666666666607,3,7,3,0.16666666666666607,3,3,0,0,1,0,1,0,0,0,1,0,Left,0.8577000002861023
17,R_2WA637w6MXKEAnb,72,j,2,0,906.6999998092651,Cuts to National Parks budget,Allow alt-right speakers on campus,1,-1,3,8,4,0.16666666666666607,3,8,4,0.16666666666666607,3,-3,-6,0,0,6,0,6,-6,0,0,1,Right,0.9066999998092652
17,R_2WA637w6MXKEAnb,73,j,2,0,1938.4000000953674,Abolishing fraternities,Abolishing fraternities,-1,1,2,6,4,-5.833333333333334,2,6,4,-5.833333333333334,-2,2,4,0,0,4,0,-4,4,0,0,1,Right,1.9384000000953674
17,R_2WA637w6MXKEAnb,74,f,1,1,1038.5,Abolishing fraternities,Mandatory trigger warnings,-1,1,2,6,4,-5.833333333333334,3,8,4,0.16666666666666607,-2,3,-5,-1,-2,5,2,-5,5,-1,-2,0,Left,1.0385
17,R_2WA637w6MXKEAnb,75,j,2,0,511.7000002861023,Abolishing fraternities,Build southern border wall,1,-1,2,6,4,-5.833333333333334,3,8,4,0.16666666666666607,2,-3,-5,1,2,5,2,5,-5,-1,-2,1,Right,0.5117000002861023
17,R_2WA637w6MXKEAnb,77,j,2,0,560,Recognize Jerusalem as capital of Israel,Climate change legislation,1,1,3,7,3,0.16666666666666607,3,8,4,0.16666666666666607,3,3,0,0,1,0,1,0,0,0,-1,1,Right,0.56
17,R_2WA637w6MXKEAnb,78,f,1,1,2590.800000190735,Stop police brutality,Safe injection locations,-1,1,3,8,4,0.16666666666666607,3,7,4,0.16666666666666607,-3,3,-6,0,1,6,1,-6,6,0,1,0,Left,2.5908000001907348
17,R_2WA637w6MXKEAnb,79,j,2,0,1933.9000000953674,Raise the minimum wage,Religious exemptions for discrimination laws,1,-1,3,8,4,0.16666666666666607,3,8,4,0.16666666666666607,3,-3,-6,0,0,6,0,6,-6,0,0,1,Right,1.9339000000953674
17,R_2WA637w6MXKEAnb,80,f,1,1,2075.800000190735,Abolishing fraternities,Abolishing fraternities,1,-1,2,6,4,-5.833333333333334,2,6,4,-5.833333333333334,2,-2,4,0,0,4,0,4,-4,0,0,0,Left,2.075800000190735
17,R_2WA637w6MXKEAnb,81,j,2,0,260,Recognize Jerusalem as capital of Israel,Abolishing fraternities,-1,1,3,7,3,0.16666666666666607,2,6,4,-5.833333333333334,-3,2,5,-1,-1,5,1,-5,5,1,1,1,Right,0.26
17,R_2WA637w6MXKEAnb,82,j,2,0,355.30000019073486,Recognize Jerusalem as capital of Israel,Abolishing fraternities,1,1,3,7,3,0.16666666666666607,2,6,4,-5.833333333333334,3,2,-1,-1,-1,1,1,1,-1,1,1,1,Right,0.3553000001907349
17,R_2WA637w6MXKEAnb,83,f,1,1,167.40000009536743,Recognize Jerusalem as capital of Israel,Abolishing fraternities,-1,1,3,7,3,0.16666666666666607,2,6,4,-5.833333333333334,-3,2,-5,1,1,5,1,-5,5,1,1,0,Left,0.16740000009536743
17,R_2WA637w6MXKEAnb,84,j,2,0,3175,Legalization of marijuana,Detention of migrant children,1,-1,3,7,3,0.16666666666666607,3,8,4,0.16666666666666607,3,-3,-6,0,1,6,1,6,-6,0,-1,1,Right,3.175
17,R_2WA637w6MXKEAnb,85,f,1,1,1210.4000000953674,Legalization of marijuana,Legalization of marijuana,-1,1,3,7,3,0.16666666666666607,3,7,3,0.16666666666666607,-3,3,-6,0,0,6,0,-6,6,0,0,0,Left,1.2104000000953674
17,R_2WA637w6MXKEAnb,86,f,1,1,2079,Safe injection locations,Legalization of marijuana,1,-1,3,7,4,0.16666666666666607,3,7,3,0.16666666666666607,3,-3,6,0,0,6,0,6,-6,0,0,0,Left,2.079
17,R_2WA637w6MXKEAnb,87,j,2,0,1283.2999997138977,Lift COVID lockdowns,Abolishing fraternities,-1,-1,3,8,4,0.16666666666666607,2,6,4,-5.833333333333334,-3,-2,1,-1,-2,1,2,-1,1,1,2,1,Right,1.2832999997138976
17,R_2WA637w6MXKEAnb,88,f,1,1,1542.9000000953674,U.S. drone strikes in Afghanistan,Mandatory drug tests for welfare recipients,1,-1,3,8,4,0.16666666666666607,3,7,4,0.16666666666666607,3,-3,6,0,1,6,1,6,-6,0,1,0,Left,1.5429000000953674
17,R_2WA637w6MXKEAnb,89,j,2,0,1916.7999997138977,Abolishing fraternities,Recognize Jerusalem as capital of Israel,-1,-1,2,6,4,-5.833333333333334,3,7,3,0.16666666666666607,-2,-3,-1,1,1,1,1,1,-1,-1,-1,1,Right,1.9167999997138978
17,R_2WA637w6MXKEAnb,90,f,1,1,1212.5,Mandatory drug tests for welfare recipients,Ban on ethnic Halloween costumes,1,1,3,7,4,0.16666666666666607,3,8,4,0.16666666666666607,3,3,0,0,-1,0,1,0,0,0,-1,0,Left,1.2125
17,R_2WA637w6MXKEAnb,91,f,1,1,3592.1000003814697,Abolishing fraternities,Defund Planned Parenthood,1,1,2,6,4,-5.833333333333334,3,8,4,0.16666666666666607,2,3,-1,-1,-2,1,2,-1,1,-1,-2,0,Left,3.59210000038147
17,R_2WA637w6MXKEAnb,92,f,1,1,2477.2000002861023,Legalization of marijuana,Abolishing fraternities,-1,-1,3,7,3,0.16666666666666607,2,6,4,-5.833333333333334,-3,-2,-1,1,1,1,1,-1,1,1,1,0,Left,2.477200000286102
17,R_2WA637w6MXKEAnb,93,f,1,1,2325.1000003814697,Abolishing fraternities,Abolishing fraternities,-1,1,2,6,4,-5.833333333333334,2,6,4,-5.833333333333334,-2,2,-4,0,0,4,0,-4,4,0,0,0,Left,2.32510000038147
17,R_2WA637w6MXKEAnb,94,f,1,1,1874.4000000953674,Affirmative action,Recognize Jerusalem as capital of Israel,-1,1,3,8,4,0.16666666666666607,3,7,3,0.16666666666666607,-3,3,-6,0,1,6,1,-6,6,0,1,0,Left,1.8744000000953673
17,R_2WA637w6MXKEAnb,95,f,1,1,2650.9000000953674,Safe injection locations,U.S. drone strikes in Afghanistan,-1,-1,3,7,4,0.16666666666666607,3,8,4,0.16666666666666607,-3,-3,0,0,-1,0,1,0,0,0,-1,0,Left,2.6509000000953673
17,R_2WA637w6MXKEAnb,96,f,1,1,1964.0999999046326,Tuition increases,Mandatory drug tests for welfare recipients,1,-1,3,8,4,0.16666666666666607,3,7,4,0.16666666666666607,3,-3,6,0,1,6,1,6,-6,0,1,0,Left,1.9640999999046325
17,R_2WA637w6MXKEAnb,97,f,1,1,8248.5,Legalization of marijuana,Abolishing fraternities,-1,-1,3,7,3,0.16666666666666607,2,6,4,-5.833333333333334,-3,-2,-1,1,1,1,1,-1,1,1,1,0,Left,8.2485
17,R_2WA637w6MXKEAnb,98,j,2,0,537,Recognize Jerusalem as capital of Israel,Abolishing fraternities,-1,-1,3,7,3,0.16666666666666607,2,6,4,-5.833333333333334,-3,-2,1,-1,-1,1,1,-1,1,1,1,1,Right,0.537
17,R_2WA637w6MXKEAnb,99,j,2,0,989.5,Remove Christopher Columbus statues,Abolishing fraternities,1,-1,3,8,4,0.16666666666666607,2,6,4,-5.833333333333334,3,-2,-5,-1,-2,5,2,5,-5,1,2,1,Right,0.9895
17,R_2WA637w6MXKEAnb,100,f,1,1,1678.6999998092651,Legalization of marijuana,Mandatory vaccinations,-1,1,3,7,3,0.16666666666666607,3,8,4,0.16666666666666607,-3,3,-6,0,-1,6,1,-6,6,0,-1,0,Left,1.678699999809265
7,R_1P75DrfH7Lu9345,1,j,2,0,8138.199999988079,Remove Christopher Columbus statues,Physician-assisted suicide,-1,1,-2,4,2,-1.1004676343431457,-3,8,3,-1.7096550747831014,2,-3,-5,-1,4,5,4,5,-5,1,-4,1,Right,8.138199999988078
7,R_1P75DrfH7Lu9345,2,f,1,1,2890.100000023842,Abortion rights,Abortion rights,-1,1,-3,8,4,-1.7096550747831014,-3,8,4,-1.7096550747831014,3,-3,6,0,0,6,0,6,-6,0,0,0,Left,2.8901000000238417
7,R_1P75DrfH7Lu9345,3,f,1,1,8727.699999988079,Affirmative action,Defund Planned Parenthood,-1,-1,-1,5,4,-0.4912801939031901,3,8,4,1.9454695678566323,1,-3,4,-4,-3,4,3,4,-4,-4,-3,0,Left,8.72769999998808
7,R_1P75DrfH7Lu9345,4,f,1,1,9348.299999952316,Mandatory trigger warnings,Affirmative action,1,-1,-2,3,1,-1.1004676343431457,-1,5,4,-0.4912801939031901,-2,1,-3,-1,-2,3,2,-3,3,-1,-2,0,Left,9.348299999952316
7,R_1P75DrfH7Lu9345,5,j,2,0,8619.5,Lift COVID lockdowns,Mandatory trigger warnings,-1,-1,0,5,4,0.1179072465367655,-2,3,1,-1.1004676343431457,-0,2,2,-2,-2,2,2,-2,2,2,2,1,Right,8.6195
7,R_1P75DrfH7Lu9345,6,f,1,1,4032.5,Affirmative action,Defund Planned Parenthood,1,-1,-1,5,4,-0.4912801939031901,3,8,4,1.9454695678566323,-1,-3,2,-4,-3,2,3,2,-2,-4,-3,0,Left,4.0325
7,R_1P75DrfH7Lu9345,7,f,1,1,3765.599999964237,Safe injection locations,Mandatory trigger warnings,1,1,0,3,1,0.1179072465367655,-2,3,1,-1.1004676343431457,0,-2,2,2,0,2,0,2,-2,2,0,0,Left,3.765599999964237
7,R_1P75DrfH7Lu9345,8,j,2,0,2250.699999988079,Physician-assisted suicide,Increased Gun regulations,1,1,-3,8,3,-1.7096550747831014,1,4,4,0.7270946869767211,-3,1,4,4,-4,4,4,-4,4,-4,4,1,Right,2.250699999988079
7,R_1P75DrfH7Lu9345,9,f,1,1,3608.699999988079,Remove police from schools,Defund the police,1,1,0,0,1,0.1179072465367655,-2,3,4,-1.1004676343431457,0,-2,2,2,-3,2,3,2,-2,2,-3,0,Left,3.608699999988079
7,R_1P75DrfH7Lu9345,10,j,2,0,2652.5,Detention of migrant children,Defund Planned Parenthood,-1,1,-2,8,3,-1.1004676343431457,3,8,4,1.9454695678566323,2,3,1,5,0,1,0,-1,1,-5,0,1,Right,2.6525
7,R_1P75DrfH7Lu9345,11,j,2,0,2588.100000023842,Defund the police,Recognize Jerusalem as capital of Israel,1,1,-2,3,4,-1.1004676343431457,-2,2,1,-1.1004676343431457,-2,-2,0,0,-1,0,1,0,0,0,1,1,Right,2.5881000000238417
7,R_1P75DrfH7Lu9345,12,j,2,0,2245.699999988079,Detention of migrant children,Stop police brutality,-1,1,-2,8,3,-1.1004676343431457,2,6,3,1.3362821274166767,2,2,0,4,-2,0,2,0,0,-4,2,1,Right,2.245699999988079
7,R_1P75DrfH7Lu9345,13,j,2,0,2907.5,Defund Planned Parenthood,Legalization of marijuana,-1,-1,3,8,4,1.9454695678566323,1,3,3,0.7270946869767211,-3,-1,2,-2,-5,2,5,-2,2,2,5,1,Right,2.9075
7,R_1P75DrfH7Lu9345,14,f,1,1,3171.100000023842,Physician-assisted suicide,Stop police brutality,-1,1,-3,8,3,-1.7096550747831014,2,6,3,1.3362821274166767,3,2,1,-5,2,1,2,1,-1,-5,2,0,Left,3.171100000023842
7,R_1P75DrfH7Lu9345,15,j,2,0,4824.100000023842,Remove Christopher Columbus statues,Physician-assisted suicide,-1,-1,-2,4,2,-1.1004676343431457,-3,8,3,-1.7096550747831014,2,3,1,-1,4,1,4,-1,1,1,-4,1,Right,4.824100000023842
7,R_1P75DrfH7Lu9345,16,f,1,1,4235.399999976158,Mandatory training on sexual consent,Defund the police,1,1,1,3,1,0.7270946869767211,-2,3,4,-1.1004676343431457,1,-2,3,3,0,3,0,3,-3,3,0,0,Left,4.235399999976158
7,R_1P75DrfH7Lu9345,17,j,2,0,1570,Abortion rights,Dorms determined by gender identity,1,1,-3,8,4,-1.7096550747831014,0,6,1,0.1179072465367655,-3,0,3,3,-2,3,2,-3,3,-3,2,1,Right,1.57
7,R_1P75DrfH7Lu9345,18,f,1,1,1751.800000011921,Physician-assisted suicide,Detention of migrant children,-1,1,-3,8,3,-1.7096550747831014,-2,8,3,-1.1004676343431457,3,-2,5,-1,0,5,0,5,-5,-1,0,0,Left,1.751800000011921
7,R_1P75DrfH7Lu9345,19,f,1,1,2488.599999964237,Climate change legislation,Increased Gun regulations,1,-1,2,3,3,1.3362821274166767,1,4,4,0.7270946869767211,2,-1,3,1,-1,3,1,3,-3,1,-1,0,Left,2.4885999999642374
7,R_1P75DrfH7Lu9345,20,j,2,0,2197.699999988079,Recognize Jerusalem as capital of Israel,Physician-assisted suicide,-1,-1,-2,2,1,-1.1004676343431457,-3,8,3,-1.7096550747831014,2,3,1,-1,6,1,6,-1,1,1,-6,1,Right,2.197699999988079
7,R_1P75DrfH7Lu9345,21,j,2,0,2179,Defund Planned Parenthood,Tuition increases,-1,1,3,8,4,1.9454695678566323,-2,3,1,-1.1004676343431457,-3,-2,1,-5,-5,1,5,-1,1,5,5,1,Right,2.179
7,R_1P75DrfH7Lu9345,22,j,2,0,2010.2999999523163,Physician-assisted suicide,Cuts to National Parks budget,1,1,-3,8,3,-1.7096550747831014,-2,2,1,-1.1004676343431457,-3,-2,1,1,-6,1,6,-1,1,-1,6,1,Right,2.0102999999523163
7,R_1P75DrfH7Lu9345,23,f,1,1,2643.7000000476837,Remove Christopher Columbus statues,Tuition increases,-1,1,-2,4,2,-1.1004676343431457,-2,3,1,-1.1004676343431457,2,-2,4,0,1,4,1,4,-4,0,1,0,Left,2.6437000000476836
7,R_1P75DrfH7Lu9345,24,j,2,0,3634.900000035763,Climate change legislation,Lift COVID lockdowns,-1,1,2,3,3,1.3362821274166767,0,5,4,0.1179072465367655,-2,0,2,-2,2,2,2,-2,2,2,-2,1,Right,3.634900000035763
7,R_1P75DrfH7Lu9345,25,j,2,0,2214.2999999523163,Tuition increases,Physician-assisted suicide,-1,-1,-2,3,1,-1.1004676343431457,-3,8,3,-1.7096550747831014,2,3,1,-1,5,1,5,-1,1,1,-5,1,Right,2.214299999952316
7,R_1P75DrfH7Lu9345,26,j,2,0,2353.400000035763,Mandatory vaccinations,Abortion rights,1,-1,0,6,4,0.1179072465367655,-3,8,4,-1.7096550747831014,0,3,3,-3,2,3,2,-3,3,3,-2,1,Right,2.3534000000357627
7,R_1P75DrfH7Lu9345,27,j,2,0,4275.599999964237,Detention of migrant children,Remove Christopher Columbus statues,-1,1,-2,8,3,-1.1004676343431457,-2,4,2,-1.1004676343431457,2,-2,-4,0,-4,4,4,4,-4,0,4,1,Right,4.275599999964237
7,R_1P75DrfH7Lu9345,28,f,1,1,4709.800000011921,Defund the police,Detention of migrant children,-1,1,-2,3,4,-1.1004676343431457,-2,8,3,-1.1004676343431457,2,-2,4,0,-5,4,5,4,-4,0,-5,0,Left,4.709800000011921
7,R_1P75DrfH7Lu9345,29,f,1,1,5246.800000011921,Ban on research with animals,Defund Planned Parenthood,1,-1,-1,6,2,-0.4912801939031901,3,8,4,1.9454695678566323,-1,-3,2,-4,-2,2,2,2,-2,-4,-2,0,Left,5.246800000011921
7,R_1P75DrfH7Lu9345,30,f,1,1,2635.900000035763,Abortion rights,Ban on research with animals,-1,1,-3,8,4,-1.7096550747831014,-1,6,2,-0.4912801939031901,3,-1,4,-2,2,4,2,4,-4,-2,2,0,Left,2.635900000035763
7,R_1P75DrfH7Lu9345,31,f,1,1,2372.199999988079,Defund the police,Remove police from schools,-1,1,-2,3,4,-1.1004676343431457,0,0,1,0.1179072465367655,2,0,2,-2,3,2,3,2,-2,-2,3,0,Left,2.372199999988079
7,R_1P75DrfH7Lu9345,32,f,1,1,2681.099999964237,Mandatory training on sexual consent,Abortion rights,1,1,1,3,1,0.7270946869767211,-3,8,4,-1.7096550747831014,1,-3,4,4,-5,4,5,4,-4,4,-5,0,Left,2.6810999999642373
7,R_1P75DrfH7Lu9345,33,j,2,0,3819.2999999523163,Defund Planned Parenthood,Increased Gun regulations,-1,-1,3,8,4,1.9454695678566323,1,4,4,0.7270946869767211,-3,-1,2,-2,-4,2,4,-2,2,2,4,1,Right,3.8192999999523165
7,R_1P75DrfH7Lu9345,34,j,2,0,4180.300000011921,Tuition increases,Mandatory vaccinations,-1,1,-2,3,1,-1.1004676343431457,0,6,4,0.1179072465367655,2,0,-2,2,3,2,3,2,-2,-2,-3,1,Right,4.180300000011921
7,R_1P75DrfH7Lu9345,35,j,2,0,3936.400000035763,U.S. drone strikes in Afghanistan,Defund Planned Parenthood,-1,1,0,5,2,0.1179072465367655,3,8,4,1.9454695678566323,-0,3,3,3,3,3,3,-3,3,-3,-3,1,Right,3.936400000035763
7,R_1P75DrfH7Lu9345,36,j,2,0,3502.399999976158,Detention of migrant children,Increased Gun regulations,-1,1,-2,8,3,-1.1004676343431457,1,4,4,0.7270946869767211,2,1,-1,3,-4,1,4,1,-1,-3,4,1,Right,3.5023999999761584
7,R_1P75DrfH7Lu9345,37,f,1,1,2745.599999964237,Remove Christopher Columbus statues,Abortion rights,1,1,-2,4,2,-1.1004676343431457,-3,8,4,-1.7096550747831014,-2,-3,1,1,-4,1,4,1,-1,1,-4,0,Left,2.745599999964237
7,R_1P75DrfH7Lu9345,38,j,2,0,4242.399999976158,Safe injection locations,Defund Planned Parenthood,1,1,0,3,1,0.1179072465367655,3,8,4,1.9454695678566323,0,3,3,3,5,3,5,-3,3,-3,-5,1,Right,4.242399999976159
7,R_1P75DrfH7Lu9345,39,f,1,1,3634.900000035763,Detention of migrant children,Stop police brutality,-1,-1,-2,8,3,-1.1004676343431457,2,6,3,1.3362821274166767,2,-2,4,-4,2,4,2,4,-4,-4,2,0,Left,3.634900000035763
7,R_1P75DrfH7Lu9345,40,f,1,1,6408.800000011921,Ban on research with animals,Tuition increases,-1,1,-1,6,2,-0.4912801939031901,-2,3,1,-1.1004676343431457,1,-2,3,1,3,3,3,3,-3,1,3,0,Left,6.4088000000119205
7,R_1P75DrfH7Lu9345,41,f,1,1,2620.099999964237,Mandatory trigger warnings,Defund Planned Parenthood,-1,-1,-2,3,1,-1.1004676343431457,3,8,4,1.9454695678566323,2,-3,5,-5,-5,5,5,5,-5,-5,-5,0,Left,2.6200999999642374
7,R_1P75DrfH7Lu9345,42,f,1,1,2505.699999988079,Tuition increases,Detention of migrant children,1,1,-2,3,1,-1.1004676343431457,-2,8,3,-1.1004676343431457,-2,-2,0,0,-5,0,5,0,0,0,-5,0,Left,2.505699999988079
7,R_1P75DrfH7Lu9345,43,f,1,1,2880.100000023842,Mandatory trigger warnings,Allow alt-right speakers on campus,-1,-1,-2,3,1,-1.1004676343431457,2,6,3,1.3362821274166767,2,-2,4,-4,-3,4,3,4,-4,-4,-3,0,Left,2.880100000023842
7,R_1P75DrfH7Lu9345,44,f,1,1,2104.599999964237,Mandatory trigger warnings,Safe injection locations,-1,-1,-2,3,1,-1.1004676343431457,0,3,1,0.1179072465367655,2,-0,2,-2,0,2,0,2,-2,-2,0,0,Left,2.104599999964237
7,R_1P75DrfH7Lu9345,45,f,1,1,1554.5999999642372,Recognize Jerusalem as capital of Israel,Tuition increases,-1,1,-2,2,1,-1.1004676343431457,-2,3,1,-1.1004676343431457,2,-2,4,0,-1,4,1,4,-4,0,-1,0,Left,1.5545999999642373
7,R_1P75DrfH7Lu9345,46,f,1,1,1092.699999988079,Abortion rights,Remove Christopher Columbus statues,-1,1,-3,8,4,-1.7096550747831014,-2,4,2,-1.1004676343431457,3,-2,5,-1,4,5,4,5,-5,-1,4,0,Left,1.092699999988079
7,R_1P75DrfH7Lu9345,47,f,1,1,1152.8999999761581,Physician-assisted suicide,Remove police from schools,-1,1,-3,8,3,-1.7096550747831014,0,0,1,0.1179072465367655,3,0,3,-3,8,3,8,3,-3,-3,8,0,Left,1.1528999999761582
7,R_1P75DrfH7Lu9345,48,j,2,0,1630.199999988079,Defund Planned Parenthood,Remove public Confederate memorials,-1,-1,3,8,4,1.9454695678566323,0,2,3,0.1179072465367655,-3,-0,3,-3,-6,3,6,-3,3,3,6,1,Right,1.630199999988079
7,R_1P75DrfH7Lu9345,49,j,2,0,2012.4000000357628,Mandatory training on sexual consent,Climate change legislation,1,1,1,3,1,0.7270946869767211,2,3,3,1.3362821274166767,1,2,1,1,0,1,0,-1,1,-1,0,1,Right,2.012400000035763
7,R_1P75DrfH7Lu9345,50,f,1,1,2442.5,Tuition increases,Remove Christopher Columbus statues,-1,-1,-2,3,1,-1.1004676343431457,-2,4,2,-1.1004676343431457,2,2,0,0,-1,0,1,0,0,0,-1,0,Left,2.4425
7,R_1P75DrfH7Lu9345,51,f,1,1,2261.699999988079,Mandatory trigger warnings,Remove Christopher Columbus statues,-1,1,-2,3,1,-1.1004676343431457,-2,4,2,-1.1004676343431457,2,-2,4,0,-1,4,1,4,-4,0,-1,0,Left,2.261699999988079
7,R_1P75DrfH7Lu9345,52,j,2,0,4572,Bathrooms restricted based on biological sex,Detention of migrant children,-1,-1,2,8,3,1.3362821274166767,-2,8,3,-1.1004676343431457,-2,2,4,-4,0,4,0,-4,4,4,0,1,Right,4.572
7,R_1P75DrfH7Lu9345,53,f,1,1,2076.699999988079,Climate change legislation,Increased Gun regulations,1,1,2,3,3,1.3362821274166767,1,4,4,0.7270946869767211,2,1,1,1,-1,1,1,1,-1,1,-1,0,Left,2.076699999988079
7,R_1P75DrfH7Lu9345,54,f,1,1,2259.699999988079,Safe injection locations,Physician-assisted suicide,-1,1,0,3,1,0.1179072465367655,-3,8,3,-1.7096550747831014,-0,-3,3,3,-5,3,5,3,-3,3,-5,0,Left,2.259699999988079
7,R_1P75DrfH7Lu9345,55,f,1,1,2487.099999964237,Hardening schools/Arming teachers,Defund Planned Parenthood,-1,-1,-1,6,1,-0.4912801939031901,3,8,4,1.9454695678566323,1,-3,4,-4,-2,4,2,4,-4,-4,-2,0,Left,2.4870999999642374
7,R_1P75DrfH7Lu9345,56,j,2,0,1267,Abortion rights,Stop police brutality,1,-1,-3,8,4,-1.7096550747831014,2,6,3,1.3362821274166767,-3,-2,1,5,-2,1,2,-1,1,-5,2,1,Right,1.267
7,R_1P75DrfH7Lu9345,57,f,1,1,1038,Abortion rights,Stop police brutality,-1,-1,-3,8,4,-1.7096550747831014,2,6,3,1.3362821274166767,3,-2,5,-5,2,5,2,5,-5,-5,2,0,Left,1.038
7,R_1P75DrfH7Lu9345,58,j,2,0,3568.599999964237,Ban on research with animals,Mandatory trigger warnings,1,-1,-1,6,2,-0.4912801939031901,-2,3,1,-1.1004676343431457,-1,2,3,-1,-3,3,3,-3,3,1,3,1,Right,3.568599999964237
7,R_1P75DrfH7Lu9345,59,f,1,1,5131.400000035763,Recognize Jerusalem as capital of Israel,Detention of migrant children,-1,-1,-2,2,1,-1.1004676343431457,-2,8,3,-1.1004676343431457,2,2,0,0,-6,0,6,0,0,0,-6,0,Left,5.131400000035763
7,R_1P75DrfH7Lu9345,60,f,1,1,2742.699999988079,Mask mandates,Bathrooms restricted based on biological sex,1,1,1,3,4,0.7270946869767211,2,8,3,1.3362821274166767,1,2,-1,-1,-5,1,5,-1,1,-1,-5,0,Left,2.742699999988079
7,R_1P75DrfH7Lu9345,61,j,2,0,1919.7000000476837,Increased Gun regulations,Abortion rights,1,-1,1,4,4,0.7270946869767211,-3,8,4,-1.7096550747831014,1,3,2,-4,4,2,4,-2,2,4,-4,1,Right,1.9197000000476838
7,R_1P75DrfH7Lu9345,62,j,2,0,1805.300000011921,Mandatory training on sexual consent,Abortion rights,1,-1,1,3,1,0.7270946869767211,-3,8,4,-1.7096550747831014,1,3,2,-4,5,2,5,-2,2,4,-5,1,Right,1.805300000011921
7,R_1P75DrfH7Lu9345,63,f,1,1,3145.600000023842,Defund the police,Allow alt-right speakers on campus,-1,1,-2,3,4,-1.1004676343431457,2,6,3,1.3362821274166767,2,2,0,-4,-3,0,3,0,0,-4,-3,0,Left,3.1456000000238418
7,R_1P75DrfH7Lu9345,64,j,2,0,2957.399999976158,Affirmative action,Physician-assisted suicide,-1,-1,-1,5,4,-0.4912801939031901,-3,8,3,-1.7096550747831014,1,3,2,-2,3,2,3,-2,2,2,-3,1,Right,2.957399999976158
7,R_1P75DrfH7Lu9345,65,f,1,1,4549.300000011921,Climate change legislation,Recognize Jerusalem as capital of Israel,1,-1,2,3,3,1.3362821274166767,-2,2,1,-1.1004676343431457,2,2,0,4,1,0,1,0,0,4,1,0,Left,4.549300000011921
7,R_1P75DrfH7Lu9345,66,j,2,0,1533.5999999642372,Defund the police,Stop police brutality,1,1,-2,3,4,-1.1004676343431457,2,6,3,1.3362821274166767,-2,2,4,4,3,4,3,-4,4,-4,-3,1,Right,1.5335999999642371
7,R_1P75DrfH7Lu9345,67,j,2,0,3132.199999988079,Ban on research with animals,Defund Planned Parenthood,-1,1,-1,6,2,-0.4912801939031901,3,8,4,1.9454695678566323,1,3,2,4,2,2,2,-2,2,-4,-2,1,Right,3.132199999988079
7,R_1P75DrfH7Lu9345,68,j,2,0,6011.5,Stop police brutality,Mandatory trigger warnings,-1,1,2,6,3,1.3362821274166767,-2,3,1,-1.1004676343431457,-2,-2,0,-4,-3,0,3,0,0,4,3,1,Right,6.0115
7,R_1P75DrfH7Lu9345,69,f,1,1,1955.699999988079,Increased Gun regulations,Climate change legislation,1,-1,1,4,4,0.7270946869767211,2,3,3,1.3362821274166767,1,-2,3,-1,1,3,1,3,-3,-1,1,0,Left,1.955699999988079
7,R_1P75DrfH7Lu9345,70,j,2,0,1926.1000000238419,Defund Planned Parenthood,Remove police from schools,-1,1,3,8,4,1.9454695678566323,0,0,1,0.1179072465367655,-3,0,3,-3,-8,3,8,-3,3,3,8,1,Right,1.926100000023842
7,R_1P75DrfH7Lu9345,71,j,2,0,3281.300000011921,Recognize Jerusalem as capital of Israel,Bathrooms restricted based on biological sex,1,1,-2,2,1,-1.1004676343431457,2,8,3,1.3362821274166767,-2,2,4,4,6,4,6,-4,4,-4,-6,1,Right,3.281300000011921
7,R_1P75DrfH7Lu9345,72,j,2,0,2001.3999999761581,Affirmative action,Defund the police,1,-1,-1,5,4,-0.4912801939031901,-2,3,4,-1.1004676343431457,-1,2,3,-1,-2,3,2,-3,3,1,2,1,Right,2.001399999976158
7,R_1P75DrfH7Lu9345,73,j,2,0,2008.6000000238419,Defund the police,Hardening schools/Arming teachers,1,1,-2,3,4,-1.1004676343431457,-1,6,1,-0.4912801939031901,-2,-1,1,1,3,1,3,-1,1,-1,-3,1,Right,2.0086000000238418
7,R_1P75DrfH7Lu9345,74,j,2,0,1471.9000000357628,Mandatory trigger warnings,Bathrooms restricted based on biological sex,-1,1,-2,3,1,-1.1004676343431457,2,8,3,1.3362821274166767,2,2,0,4,5,0,5,0,0,-4,-5,1,Right,1.4719000000357627
7,R_1P75DrfH7Lu9345,75,f,1,1,3098.199999988079,Dorms determined by gender identity,Climate change legislation,-1,-1,0,6,1,0.1179072465367655,2,3,3,1.3362821274166767,-0,-2,2,-2,3,2,3,2,-2,-2,3,0,Left,3.098199999988079
7,R_1P75DrfH7Lu9345,76,j,2,0,2104.5,Increased Gun regulations,Physician-assisted suicide,-1,-1,1,4,4,0.7270946869767211,-3,8,3,-1.7096550747831014,-1,3,4,-4,4,4,4,-4,4,4,-4,1,Right,2.1045
7,R_1P75DrfH7Lu9345,77,f,1,1,1681.8999999761581,Detention of migrant children,Physician-assisted suicide,1,1,-2,8,3,-1.1004676343431457,-3,8,3,-1.7096550747831014,-2,-3,1,1,0,1,0,1,-1,1,0,0,Left,1.6818999999761581
7,R_1P75DrfH7Lu9345,78,j,2,0,1780.7999999523163,Tuition increases,Mandatory trigger warnings,1,-1,-2,3,1,-1.1004676343431457,-2,3,1,-1.1004676343431457,-2,2,4,0,0,4,0,-4,4,0,0,1,Right,1.7807999999523163
7,R_1P75DrfH7Lu9345,79,f,1,1,2597.300000011921,Mandatory trigger warnings,Mandatory training on sexual consent,-1,-1,-2,3,1,-1.1004676343431457,1,3,1,0.7270946869767211,2,-1,3,-3,0,3,0,3,-3,-3,0,0,Left,2.597300000011921
7,R_1P75DrfH7Lu9345,80,j,2,0,1854.0999999642372,Defund Planned Parenthood,Detention of migrant children,-1,-1,3,8,4,1.9454695678566323,-2,8,3,-1.1004676343431457,-3,2,5,-5,0,5,0,-5,5,5,0,1,Right,1.8540999999642371
7,R_1P75DrfH7Lu9345,81,j,2,0,1944.1000000238419,Mask mandates,Detention of migrant children,-1,-1,1,3,4,0.7270946869767211,-2,8,3,-1.1004676343431457,-1,2,3,-3,5,3,5,-3,3,3,-5,1,Right,1.9441000000238418
7,R_1P75DrfH7Lu9345,82,j,2,0,2626.100000023842,Legalization of marijuana,Defund Planned Parenthood,-1,1,1,3,3,0.7270946869767211,3,8,4,1.9454695678566323,-1,3,4,2,5,4,5,-4,4,-2,-5,1,Right,2.626100000023842
7,R_1P75DrfH7Lu9345,83,j,2,0,2536.800000011921,War on Drugs,Defund the police,1,-1,0,2,4,0.1179072465367655,-2,3,4,-1.1004676343431457,0,2,2,-2,1,2,1,-2,2,2,-1,1,Right,2.536800000011921
7,R_1P75DrfH7Lu9345,84,f,1,1,1777.1000000238419,Physician-assisted suicide,Recognize Jerusalem as capital of Israel,-1,1,-3,8,3,-1.7096550747831014,-2,2,1,-1.1004676343431457,3,-2,5,-1,6,5,6,5,-5,-1,6,0,Left,1.777100000023842
7,R_1P75DrfH7Lu9345,85,j,2,0,2501.899999976158,Remove public Confederate memorials,Defund Planned Parenthood,-1,1,0,2,3,0.1179072465367655,3,8,4,1.9454695678566323,-0,3,3,3,6,3,6,-3,3,-3,-6,1,Right,2.501899999976158
7,R_1P75DrfH7Lu9345,86,f,1,1,1790.4000000357628,Detention of migrant children,Remove Christopher Columbus statues,-1,-1,-2,8,3,-1.1004676343431457,-2,4,2,-1.1004676343431457,2,2,0,0,4,0,4,0,0,0,4,0,Left,1.7904000000357627
7,R_1P75DrfH7Lu9345,87,f,1,1,1969.1000000238419,Mandatory trigger warnings,Hardening schools/Arming teachers,-1,-1,-2,3,1,-1.1004676343431457,-1,6,1,-0.4912801939031901,2,1,1,-1,-3,1,3,1,-1,-1,-3,0,Left,1.969100000023842
7,R_1P75DrfH7Lu9345,88,f,1,1,2984.800000011921,Affirmative action,Defund the police,1,1,-1,5,4,-0.4912801939031901,-2,3,4,-1.1004676343431457,-1,-2,1,1,2,1,2,1,-1,1,2,0,Left,2.984800000011921
7,R_1P75DrfH7Lu9345,89,j,2,0,1372.800000011921,Defund the police,Remove Christopher Columbus statues,1,1,-2,3,4,-1.1004676343431457,-2,4,2,-1.1004676343431457,-2,-2,0,0,1,0,1,0,0,0,-1,1,Right,1.372800000011921
7,R_1P75DrfH7Lu9345,90,j,2,0,2933.100000023842,Tuition increases,Increased Gun regulations,1,-1,-2,3,1,-1.1004676343431457,1,4,4,0.7270946869767211,-2,-1,1,3,1,1,1,-1,1,-3,-1,1,Right,2.933100000023842
7,R_1P75DrfH7Lu9345,91,j,2,0,1687.699999988079,Affirmative action,Physician-assisted suicide,1,-1,-1,5,4,-0.4912801939031901,-3,8,3,-1.7096550747831014,-1,3,4,-2,3,4,3,-4,4,2,-3,1,Right,1.687699999988079
7,R_1P75DrfH7Lu9345,92,j,2,0,2339,War on Drugs,Climate change legislation,1,-1,0,2,4,0.1179072465367655,2,3,3,1.3362821274166767,0,-2,-2,2,1,2,1,2,-2,-2,-1,1,Right,2.339
7,R_1P75DrfH7Lu9345,93,j,2,0,1569.699999988079,Affirmative action,Climate change legislation,-1,1,-1,5,4,-0.4912801939031901,2,3,3,1.3362821274166767,1,2,1,3,-2,1,2,-1,1,-3,2,1,Right,1.569699999988079
7,R_1P75DrfH7Lu9345,94,j,2,0,2656.399999976158,Physician-assisted suicide,Recognize Jerusalem as capital of Israel,1,-1,-3,8,3,-1.7096550747831014,-2,2,1,-1.1004676343431457,-3,2,5,1,-6,5,6,-5,5,-1,6,1,Right,2.6563999999761583
7,R_1P75DrfH7Lu9345,95,j,2,0,1679,Tuition increases,Bathrooms restricted based on biological sex,1,1,-2,3,1,-1.1004676343431457,2,8,3,1.3362821274166767,-2,2,4,4,5,4,5,-4,4,-4,-5,1,Right,1.679
7,R_1P75DrfH7Lu9345,96,j,2,0,2140.800000011921,Physician-assisted suicide,U.S. drone strikes in Afghanistan,1,-1,-3,8,3,-1.7096550747831014,0,5,2,0.1179072465367655,-3,-0,3,3,-3,3,3,-3,3,-3,3,1,Right,2.1408000000119207
7,R_1P75DrfH7Lu9345,97,j,2,0,999.6999999880791,Tuition increases,Mandatory training on sexual consent,1,-1,-2,3,1,-1.1004676343431457,1,3,1,0.7270946869767211,-2,-1,1,3,0,1,0,-1,1,-3,0,1,Right,0.9996999999880791
7,R_1P75DrfH7Lu9345,98,f,1,1,1238.199999988079,Defund Planned Parenthood,Stop police brutality,-1,1,3,8,4,1.9454695678566323,2,6,3,1.3362821274166767,-3,2,-5,1,2,5,2,-5,5,1,2,0,Left,1.238199999988079
7,R_1P75DrfH7Lu9345,99,j,2,0,1322.8999999761581,Tuition increases,Abortion rights,1,-1,-2,3,1,-1.1004676343431457,-3,8,4,-1.7096550747831014,-2,3,5,-1,5,5,5,-5,5,1,-5,1,Right,1.3228999999761581
7,R_1P75DrfH7Lu9345,100,j,2,0,2716.600000023842,Cuts to National Parks budget,Tuition increases,1,-1,-2,2,1,-1.1004676343431457,-2,3,1,-1.1004676343431457,-2,2,4,0,1,4,1,-4,4,0,-1,1,Right,2.716600000023842
31,R_3ptiaopYcROUr6M,1,j,2,0,23048.099999904633,Detention of migrant children,University Campus should be a Sanctuary,1,-1,3,8,4,0.8134892168199607,3,5,4,0.8134892168199607,3,-3,-6,0,-3,6,3,6,-6,0,3,1,Right,23.048099999904633
31,R_3ptiaopYcROUr6M,2,f,1,1,160.39999997615814,Abortion rights,Student worker unionization,1,1,3,8,4,0.8134892168199607,2,6,3,0.2711630722733202,3,2,1,1,2,1,2,1,-1,1,2,0,Left,0.16039999997615814
31,R_3ptiaopYcROUr6M,4,j,2,0,175.79999995231628,Lift COVID lockdowns,Religious exemptions for discrimination laws,1,1,3,2,2,0.8134892168199607,3,7,3,0.8134892168199607,3,3,0,0,5,0,5,0,0,0,-5,1,Right,0.1757999999523163
31,R_3ptiaopYcROUr6M,5,f,1,1,420.2000000476837,Defund the police,Hardening schools/Arming teachers,1,1,-1,5,3,-1.355815361366601,3,8,4,0.8134892168199607,-1,3,-4,-4,-3,4,3,-4,4,-4,-3,0,Left,0.4202000000476837
31,R_3ptiaopYcROUr6M,6,f,1,1,1219.4000000953674,Defund the police,University Campus should be a Sanctuary,1,-1,-1,5,3,-1.355815361366601,3,5,4,0.8134892168199607,-1,-3,2,-4,0,2,0,2,-2,-4,0,0,Left,1.2194000000953675
31,R_3ptiaopYcROUr6M,8,f,1,1,413.89999997615814,Mandatory drug tests for welfare recipients,University Campus should be a Sanctuary,-1,-1,-2,2,1,-1.8981415059132414,3,5,4,0.8134892168199607,2,-3,5,-5,-3,5,3,5,-5,-5,-3,0,Left,0.4138999999761581
31,R_3ptiaopYcROUr6M,9,f,1,1,437.3000000715256,Hardening schools/Arming teachers,Climate change legislation,-1,-1,3,8,4,0.8134892168199607,1,6,2,-0.2711630722733202,-3,-1,-2,2,2,2,2,-2,2,2,2,0,Left,0.4373000000715256
31,R_3ptiaopYcROUr6M,10,f,1,1,160.10000002384186,Remove police from schools,University Campus should be a Sanctuary,1,-1,2,5,3,0.2711630722733202,3,5,4,0.8134892168199607,2,-3,5,-1,0,5,0,5,-5,-1,0,0,Left,0.16010000002384187
31,R_3ptiaopYcROUr6M,11,f,1,1,1781.2999999523163,Religious exemptions for discrimination laws,University Campus should be a Sanctuary,1,1,3,7,3,0.8134892168199607,3,5,4,0.8134892168199607,3,3,0,0,2,0,2,0,0,0,2,0,Left,1.7812999999523162
31,R_3ptiaopYcROUr6M,12,f,1,1,204.69999992847443,On campus concealed carry,University Campus should be a Sanctuary,-1,-1,3,7,4,0.8134892168199607,3,5,4,0.8134892168199607,-3,-3,0,0,2,0,2,0,0,0,2,0,Left,0.20469999992847443
31,R_3ptiaopYcROUr6M,13,j,2,0,165.29999995231628,Lift COVID lockdowns,University Campus should be a Sanctuary,1,1,3,2,2,0.8134892168199607,3,5,4,0.8134892168199607,3,3,0,0,3,0,3,0,0,0,-3,1,Right,0.16529999995231628
31,R_3ptiaopYcROUr6M,14,f,1,1,1941.3999999761581,Raise the minimum wage,Defund the police,-1,-1,3,8,4,0.8134892168199607,-1,5,3,-1.355815361366601,-3,1,-4,4,3,4,3,-4,4,4,3,0,Left,1.9413999999761582
31,R_3ptiaopYcROUr6M,16,f,1,1,319,Black Lives Matter,Defund the police,1,-1,3,8,4,0.8134892168199607,-1,5,3,-1.355815361366601,3,1,2,4,3,2,3,2,-2,4,3,0,Left,0.319
31,R_3ptiaopYcROUr6M,17,f,1,1,804.8000000715256,Abolishing fraternities,"Boycott, Divest, and Sanction Israel",1,1,3,8,4,0.8134892168199607,-1,3,1,-1.355815361366601,3,-1,4,4,5,4,5,4,-4,4,5,0,Left,0.8048000000715255
31,R_3ptiaopYcROUr6M,23,f,1,1,560.8000000715256,Mandatory trigger warnings,University Campus should be a Sanctuary,-1,-1,2,5,2,0.2711630722733202,3,5,4,0.8134892168199607,-2,-3,1,-1,0,1,0,1,-1,-1,0,0,Left,0.5608000000715255
31,R_3ptiaopYcROUr6M,25,j,2,0,183.70000004768372,Mask mandates,Bathrooms restricted based on biological sex,-1,-1,2,7,3,0.2711630722733202,3,8,4,0.8134892168199607,-2,-3,-1,1,1,1,1,1,-1,-1,-1,1,Right,0.18370000004768372
31,R_3ptiaopYcROUr6M,26,f,1,1,273.5,Build southern border wall,University Campus should be a Sanctuary,-1,-1,2,7,2,0.2711630722733202,3,5,4,0.8134892168199607,-2,-3,1,-1,2,1,2,1,-1,-1,2,0,Left,0.2735
31,R_3ptiaopYcROUr6M,27,j,2,0,179,On campus concealed carry,University Campus should be a Sanctuary,-1,1,3,7,4,0.8134892168199607,3,5,4,0.8134892168199607,-3,3,6,0,-2,6,2,-6,6,0,2,1,Right,0.179
31,R_3ptiaopYcROUr6M,28,f,1,1,219.80000007152557,University Campus should be a Sanctuary,Defund the police,-1,-1,3,5,4,0.8134892168199607,-1,5,3,-1.355815361366601,-3,1,-4,4,0,4,0,-4,4,4,0,0,Left,0.2198000000715256
31,R_3ptiaopYcROUr6M,30,j,2,0,730.6000000238419,Lift COVID lockdowns,Black Lives Matter,1,-1,3,2,2,0.8134892168199607,3,8,4,0.8134892168199607,3,-3,-6,0,6,6,6,6,-6,0,-6,1,Right,0.7306000000238418
31,R_3ptiaopYcROUr6M,31,j,2,0,834.2000000476837,"Boycott, Divest, and Sanction Israel",University Campus should be a Sanctuary,1,-1,-1,3,1,-1.355815361366601,3,5,4,0.8134892168199607,-1,-3,-2,4,2,2,2,2,-2,-4,-2,1,Right,0.8342000000476837
31,R_3ptiaopYcROUr6M,33,f,1,1,197.80000007152557,University Campus should be a Sanctuary,Mandatory vaccinations,-1,-1,3,5,4,0.8134892168199607,2,6,3,0.2711630722733202,-3,-2,-1,1,-1,1,1,-1,1,1,-1,0,Left,0.19780000007152557
31,R_3ptiaopYcROUr6M,36,f,1,1,156.70000004768372,Safe injection locations,University Campus should be a Sanctuary,-1,1,2,3,3,0.2711630722733202,3,5,4,0.8134892168199607,-2,3,-5,-1,-2,5,2,-5,5,-1,-2,0,Left,0.15670000004768372
31,R_3ptiaopYcROUr6M,37,f,1,1,202.10000002384186,Defund Planned Parenthood,Abolishing fraternities,1,1,2,5,3,0.2711630722733202,3,8,4,0.8134892168199607,2,3,-1,-1,-3,1,3,-1,1,-1,-3,0,Left,0.20210000002384185
31,R_3ptiaopYcROUr6M,40,f,1,1,180.59999990463257,Dorms determined by gender identity,University Campus should be a Sanctuary,1,-1,2,6,3,0.2711630722733202,3,5,4,0.8134892168199607,2,-3,5,-1,1,5,1,5,-5,-1,1,0,Left,0.18059999990463257
31,R_3ptiaopYcROUr6M,46,f,1,1,338.2000000476837,Climate change legislation,University Campus should be a Sanctuary,1,-1,1,6,2,-0.2711630722733202,3,5,4,0.8134892168199607,1,-3,4,-2,1,4,1,4,-4,-2,1,0,Left,0.3382000000476837
31,R_3ptiaopYcROUr6M,48,f,1,1,562,Defund Planned Parenthood,University Campus should be a Sanctuary,1,1,2,5,3,0.2711630722733202,3,5,4,0.8134892168199607,2,3,-1,-1,0,1,0,-1,1,-1,0,0,Left,0.562
31,R_3ptiaopYcROUr6M,51,f,1,1,341.2000000476837,Recognize Jerusalem as capital of Israel,Bathrooms restricted based on biological sex,-1,1,3,8,4,0.8134892168199607,3,8,4,0.8134892168199607,-3,3,-6,0,0,6,0,-6,6,0,0,0,Left,0.3412000000476837
31,R_3ptiaopYcROUr6M,53,f,1,1,152,Dorms determined by gender identity,University Campus should be a Sanctuary,-1,1,2,6,3,0.2711630722733202,3,5,4,0.8134892168199607,-2,3,-5,-1,1,5,1,-5,5,-1,1,0,Left,0.152
31,R_3ptiaopYcROUr6M,55,f,1,1,9230.399999976158,University Campus should be a Sanctuary,Gun-free campus police,1,-1,3,5,4,0.8134892168199607,2,2,3,0.2711630722733202,3,-2,5,1,3,5,3,5,-5,1,3,0,Left,9.230399999976159
31,R_3ptiaopYcROUr6M,57,f,1,1,1792.1999999284744,Cuts to National Parks budget,Hardening schools/Arming teachers,-1,1,2,7,2,0.2711630722733202,3,8,4,0.8134892168199607,-2,3,-5,-1,-1,5,1,-5,5,-1,-1,0,Left,1.7921999999284743
31,R_3ptiaopYcROUr6M,59,f,1,1,488.39999997615814,University Campus should be a Sanctuary,Increased Gun regulations,-1,-1,3,5,4,0.8134892168199607,3,8,4,0.8134892168199607,-3,-3,0,0,-3,0,3,0,0,0,-3,0,Left,0.48839999997615813
31,R_3ptiaopYcROUr6M,61,f,1,1,393.09999990463257,Climate change legislation,University Campus should be a Sanctuary,-1,1,1,6,2,-0.2711630722733202,3,5,4,0.8134892168199607,-1,3,-4,-2,1,4,1,-4,4,-2,1,0,Left,0.39309999990463257
31,R_3ptiaopYcROUr6M,64,j,2,0,180.60000002384186,Cuts to National Parks budget,University Campus should be a Sanctuary,1,-1,2,7,2,0.2711630722733202,3,5,4,0.8134892168199607,2,-3,-5,1,-2,5,2,5,-5,-1,2,1,Right,0.18060000002384186
31,R_3ptiaopYcROUr6M,65,f,1,1,226.60000002384186,On campus concealed carry,Safe injection locations,1,-1,3,7,4,0.8134892168199607,2,3,3,0.2711630722733202,3,-2,5,1,4,5,4,5,-5,1,4,0,Left,0.22660000002384187
31,R_3ptiaopYcROUr6M,66,f,1,1,2704.7999999523163,Abolishing fraternities,Mandatory trigger warnings,-1,-1,3,8,4,0.8134892168199607,2,5,2,0.2711630722733202,-3,-2,-1,1,3,1,3,-1,1,1,3,0,Left,2.7047999999523165
31,R_3ptiaopYcROUr6M,68,j,2,0,188.10000002384186,University Campus should be a Sanctuary,Affirmative action,-1,1,3,5,4,0.8134892168199607,-2,1,1,-1.8981415059132414,-3,-2,1,-5,-4,1,4,-1,1,5,4,1,Right,0.18810000002384186
31,R_3ptiaopYcROUr6M,69,f,1,1,542.3999999761581,Hardening schools/Arming teachers,Climate change legislation,1,1,3,8,4,0.8134892168199607,1,6,2,-0.2711630722733202,3,1,2,2,2,2,2,2,-2,2,2,0,Left,0.5423999999761582
31,R_3ptiaopYcROUr6M,70,f,1,1,250.09999990463257,University Campus should be a Sanctuary,Allow alt-right speakers on campus,1,-1,3,5,4,0.8134892168199607,-2,1,2,-1.8981415059132414,3,2,1,5,4,1,4,1,-1,5,4,0,Left,0.25009999990463255
31,R_3ptiaopYcROUr6M,71,j,2,0,271.7999999523163,University Campus should be a Sanctuary,"Boycott, Divest, and Sanction Israel",1,1,3,5,4,0.8134892168199607,-1,3,1,-1.355815361366601,3,-1,-4,-4,-2,4,2,4,-4,4,2,1,Right,0.2717999999523163
31,R_3ptiaopYcROUr6M,73,j,2,0,253.09999990463257,University Campus should be a Sanctuary,Cuts to National Parks budget,1,1,3,5,4,0.8134892168199607,2,7,2,0.2711630722733202,3,2,-1,-1,2,1,2,1,-1,1,-2,1,Right,0.25309999990463256
31,R_3ptiaopYcROUr6M,76,f,1,1,282.2000000476837,Gun-free campus police,Abortion rights,-1,-1,2,2,3,0.2711630722733202,3,8,4,0.8134892168199607,-2,-3,1,-1,-6,1,6,1,-1,-1,-6,0,Left,0.2822000000476837
31,R_3ptiaopYcROUr6M,77,f,1,1,3922.8000000715256,"Boycott, Divest, and Sanction Israel",University Campus should be a Sanctuary,-1,-1,-1,3,1,-1.355815361366601,3,5,4,0.8134892168199607,1,-3,4,-4,-2,4,2,4,-4,-4,-2,0,Left,3.9228000000715255
31,R_3ptiaopYcROUr6M,78,f,1,1,392.8000000715256,Black Lives Matter,Lift COVID lockdowns,-1,-1,3,8,4,0.8134892168199607,3,2,2,0.8134892168199607,-3,-3,0,0,6,0,6,0,0,0,6,0,Left,0.3928000000715256
31,R_3ptiaopYcROUr6M,79,f,1,1,154.30000007152557,Bathrooms restricted based on biological sex,Lift COVID lockdowns,1,-1,3,8,4,0.8134892168199607,3,2,2,0.8134892168199607,3,-3,6,0,6,6,6,6,-6,0,6,0,Left,0.15430000007152558
31,R_3ptiaopYcROUr6M,82,f,1,1,168.39999997615814,Physician-assisted suicide,Increased Gun regulations,-1,-1,-2,3,3,-1.8981415059132414,3,8,4,0.8134892168199607,2,-3,5,-5,-5,5,5,5,-5,-5,-5,0,Left,0.16839999997615815
31,R_3ptiaopYcROUr6M,83,j,2,0,255.5,War on Drugs,Raise the minimum wage,1,-1,2,6,3,0.2711630722733202,3,8,4,0.8134892168199607,2,-3,-5,1,2,5,2,5,-5,-1,-2,1,Right,0.2555
31,R_3ptiaopYcROUr6M,84,f,1,1,2801.600000023842,Defund the police,University Campus should be a Sanctuary,-1,1,-1,5,3,-1.355815361366601,3,5,4,0.8134892168199607,1,3,-2,-4,0,2,0,-2,2,-4,0,0,Left,2.801600000023842
31,R_3ptiaopYcROUr6M,85,f,1,1,5721.799999952316,University Campus should be a Sanctuary,Mandatory drug tests for welfare recipients,1,-1,3,5,4,0.8134892168199607,-2,2,1,-1.8981415059132414,3,2,1,5,3,1,3,1,-1,5,3,0,Left,5.721799999952316
31,R_3ptiaopYcROUr6M,86,j,2,0,266,Black Lives Matter,Lift COVID lockdowns,1,1,3,8,4,0.8134892168199607,3,2,2,0.8134892168199607,3,3,0,0,-6,0,6,0,0,0,6,1,Right,0.266
31,R_3ptiaopYcROUr6M,87,j,2,0,311.39999997615814,Religious exemptions for discrimination laws,Abolishing fraternities,1,1,3,7,3,0.8134892168199607,3,8,4,0.8134892168199607,3,3,0,0,1,0,1,0,0,0,-1,1,Right,0.31139999997615814
31,R_3ptiaopYcROUr6M,89,j,2,0,235,University Campus should be a Sanctuary,Lift COVID lockdowns,-1,-1,3,5,4,0.8134892168199607,3,2,2,0.8134892168199607,-3,-3,0,0,-3,0,3,0,0,0,3,1,Right,0.235
31,R_3ptiaopYcROUr6M,90,f,1,1,2724.5,Physician-assisted suicide,Abolishing fraternities,1,1,-2,3,3,-1.8981415059132414,3,8,4,0.8134892168199607,-2,3,-5,-5,-5,5,5,-5,5,-5,-5,0,Left,2.7245
31,R_3ptiaopYcROUr6M,91,f,1,1,279.7000000476837,On campus concealed carry,Detention of migrant children,-1,-1,3,7,4,0.8134892168199607,3,8,4,0.8134892168199607,-3,-3,0,0,-1,0,1,0,0,0,-1,0,Left,0.2797000000476837
31,R_3ptiaopYcROUr6M,92,j,2,0,982.2999999523163,Religious exemptions for discrimination laws,Physician-assisted suicide,1,-1,3,7,3,0.8134892168199607,-2,3,3,-1.8981415059132414,3,2,-1,-5,-4,1,4,1,-1,5,4,1,Right,0.9822999999523163
31,R_3ptiaopYcROUr6M,96,f,1,1,1222.5,Recognize Jerusalem as capital of Israel,"Boycott, Divest, and Sanction Israel",1,-1,3,8,4,0.8134892168199607,-1,3,1,-1.355815361366601,3,1,2,4,5,2,5,2,-2,4,5,0,Left,1.2225
31,R_3ptiaopYcROUr6M,98,f,1,1,640.6999999284744,Hardening schools/Arming teachers,Allow alt-right speakers on campus,-1,1,3,8,4,0.8134892168199607,-2,1,2,-1.8981415059132414,-3,-2,-1,5,7,1,7,-1,1,5,7,0,Left,0.6406999999284744
37,R_puXNpmFndsxDicF,1,f,1,1,155,Remove public Confederate memorials,U.S. drone strikes in Afghanistan,1,-1,1,7,3,0.17262219566573478,3,8,4,1.3809775653258787,1,-3,4,-2,-1,4,1,4,-4,-2,-1,0,Left,0.155
37,R_puXNpmFndsxDicF,4,f,1,1,704,Remove public Confederate memorials,Hardening schools/Arming teachers,1,1,1,7,3,0.17262219566573478,3,8,4,1.3809775653258787,1,3,-2,-2,-1,2,1,-2,2,-2,-1,0,Left,0.704
37,R_puXNpmFndsxDicF,5,j,2,0,610,Cuts to National Parks budget,Hardening schools/Arming teachers,-1,1,-2,5,3,-1.6399108588244813,3,8,4,1.3809775653258787,2,3,1,5,3,1,3,-1,1,-5,-3,1,Right,0.61
37,R_puXNpmFndsxDicF,7,j,2,0,175,Expel students with white nationlist views,Mandatory drug tests for welfare recipients,1,1,0,5,4,-0.4315554891643372,3,5,3,1.3809775653258787,0,3,3,3,0,3,0,-3,3,-3,0,1,Right,0.175
37,R_puXNpmFndsxDicF,14,f,1,1,859,U.S. drone strikes in Afghanistan,Raise the minimum wage,-1,1,3,8,4,1.3809775653258787,-1,8,4,-1.0357331739944091,-3,-1,-2,4,0,2,0,-2,2,4,0,0,Left,0.859
37,R_puXNpmFndsxDicF,15,f,1,1,1871,University Campus should be a Sanctuary,Mandatory drug tests for welfare recipients,-1,-1,2,6,4,0.7767998804958067,3,5,3,1.3809775653258787,-2,-3,1,-1,1,1,1,1,-1,-1,1,0,Left,1.871
37,R_puXNpmFndsxDicF,16,f,1,1,887,Mandatory drug tests for welfare recipients,Detention of migrant children,1,1,3,5,3,1.3809775653258787,2,8,3,0.7767998804958067,3,2,1,1,-3,1,3,1,-1,1,-3,0,Left,0.887
37,R_puXNpmFndsxDicF,17,j,2,0,603,Mask mandates,Build southern border wall,-1,-1,3,8,4,1.3809775653258787,0,3,2,-0.4315554891643372,-3,-0,3,-3,-5,3,5,-3,3,3,5,1,Right,0.603
37,R_puXNpmFndsxDicF,18,j,2,0,724,Safe injection locations,U.S. drone strikes in Afghanistan,1,1,-1,1,2,-1.0357331739944091,3,8,4,1.3809775653258787,-1,3,4,4,7,4,7,-4,4,-4,-7,1,Right,0.724
37,R_puXNpmFndsxDicF,19,f,1,1,635,Religious exemptions for discrimination laws,Stop police brutality,1,1,2,7,3,0.7767998804958067,3,8,3,1.3809775653258787,2,3,-1,-1,-1,1,1,-1,1,-1,-1,0,Left,0.635
37,R_puXNpmFndsxDicF,20,j,2,0,595,U.S. drone strikes in Afghanistan,Climate change legislation,1,-1,3,8,4,1.3809775653258787,3,8,4,1.3809775653258787,3,-3,-6,0,0,6,0,6,-6,0,0,1,Right,0.595
37,R_puXNpmFndsxDicF,21,j,2,0,671,Safe injection locations,Mask mandates,-1,-1,-1,1,2,-1.0357331739944091,3,8,4,1.3809775653258787,1,-3,-4,4,7,4,7,4,-4,-4,-7,1,Right,0.671
37,R_puXNpmFndsxDicF,22,j,2,0,613,Mandatory drug tests for welfare recipients,University Campus should be a Sanctuary,1,1,3,5,3,1.3809775653258787,2,6,4,0.7767998804958067,3,2,-1,-1,1,1,1,1,-1,1,-1,1,Right,0.613
37,R_puXNpmFndsxDicF,23,j,2,0,682,Climate change legislation,Legalization of marijuana,-1,1,3,8,4,1.3809775653258787,-2,1,2,-1.6399108588244813,-3,-2,1,-5,-7,1,7,-1,1,5,7,1,Right,0.682
37,R_puXNpmFndsxDicF,24,f,1,1,550,Mandatory drug tests for welfare recipients,"Boycott, Divest, and Sanction Israel",-1,-1,3,5,3,1.3809775653258787,1,7,4,0.17262219566573478,-3,-1,-2,2,-2,2,2,-2,2,2,-2,0,Left,0.55
37,R_puXNpmFndsxDicF,25,j,2,0,612,Mandatory drug tests for welfare recipients,Mandatory trigger warnings,1,1,3,5,3,1.3809775653258787,1,5,3,0.17262219566573478,3,1,-2,-2,0,2,0,2,-2,2,0,1,Right,0.612
37,R_puXNpmFndsxDicF,26,j,2,0,640,Ban on ethnic Halloween costumes,Mask mandates,1,1,-1,5,3,-1.0357331739944091,3,8,4,1.3809775653258787,-1,3,4,4,3,4,3,-4,4,-4,-3,1,Right,0.64
37,R_puXNpmFndsxDicF,27,f,1,1,620,Stop police brutality,Defund the police,1,1,3,8,3,1.3809775653258787,-1,3,2,-1.0357331739944091,3,-1,4,4,5,4,5,4,-4,4,5,0,Left,0.62
37,R_puXNpmFndsxDicF,28,j,2,0,1362,Mandatory drug tests for welfare recipients,U.S. drone strikes in Afghanistan,-1,-1,3,5,3,1.3809775653258787,3,8,4,1.3809775653258787,-3,-3,0,0,3,0,3,0,0,0,-3,1,Right,1.362
37,R_puXNpmFndsxDicF,29,f,1,1,616,Abolishing private prisons,Hardening schools/Arming teachers,-1,-1,2,7,2,0.7767998804958067,3,8,4,1.3809775653258787,-2,-3,1,-1,-1,1,1,1,-1,-1,-1,0,Left,0.616
37,R_puXNpmFndsxDicF,30,f,1,1,674,U.S. drone strikes in Afghanistan,Raise the minimum wage,-1,-1,3,8,4,1.3809775653258787,-1,8,4,-1.0357331739944091,-3,1,-4,4,0,4,0,-4,4,4,0,0,Left,0.674
37,R_puXNpmFndsxDicF,31,f,1,1,652,Mandatory drug tests for welfare recipients,Detention of migrant children,-1,-1,3,5,3,1.3809775653258787,2,8,3,0.7767998804958067,-3,-2,-1,1,-3,1,3,-1,1,1,-3,0,Left,0.652
37,R_puXNpmFndsxDicF,32,j,2,0,616,Detention of migrant children,Mandatory drug tests for welfare recipients,1,-1,2,8,3,0.7767998804958067,3,5,3,1.3809775653258787,2,-3,-5,1,-3,5,3,5,-5,-1,3,1,Right,0.616
37,R_puXNpmFndsxDicF,33,f,1,1,551,Mandatory drug tests for welfare recipients,Cuts to National Parks budget,-1,-1,3,5,3,1.3809775653258787,-2,5,3,-1.6399108588244813,-3,2,-5,5,0,5,0,-5,5,5,0,0,Left,0.551
37,R_puXNpmFndsxDicF,34,j,2,0,195,University Campus should be a Sanctuary,U.S. drone strikes in Afghanistan,-1,-1,2,6,4,0.7767998804958067,3,8,4,1.3809775653258787,-2,-3,-1,1,2,1,2,1,-1,-1,-2,1,Right,0.195
37,R_puXNpmFndsxDicF,35,j,2,0,603,Mandatory drug tests for welfare recipients,University Campus should be a Sanctuary,-1,1,3,5,3,1.3809775653258787,2,6,4,0.7767998804958067,-3,2,5,-1,1,5,1,-5,5,1,-1,1,Right,0.603
37,R_puXNpmFndsxDicF,36,j,2,0,622,Detention of migrant children,Stop police brutality,-1,-1,2,8,3,0.7767998804958067,3,8,3,1.3809775653258787,-2,-3,-1,1,0,1,0,1,-1,-1,0,1,Right,0.622
37,R_puXNpmFndsxDicF,37,f,1,1,577,Mandatory drug tests for welfare recipients,Mandatory drug tests for welfare recipients,-1,1,3,5,3,1.3809775653258787,3,5,3,1.3809775653258787,-3,3,-6,0,0,6,0,-6,6,0,0,0,Left,0.577
37,R_puXNpmFndsxDicF,38,j,2,0,590,Mandatory drug tests for welfare recipients,University Campus should be a Sanctuary,1,-1,3,5,3,1.3809775653258787,2,6,4,0.7767998804958067,3,-2,-5,-1,1,5,1,5,-5,1,-1,1,Right,0.59
37,R_puXNpmFndsxDicF,39,j,2,0,622,Mask mandates,Detention of migrant children,1,-1,3,8,4,1.3809775653258787,2,8,3,0.7767998804958067,3,-2,-5,-1,0,5,0,5,-5,1,0,1,Right,0.622
37,R_puXNpmFndsxDicF,40,j,2,0,847,Cuts to National Parks budget,Hardening schools/Arming teachers,1,-1,-2,5,3,-1.6399108588244813,3,8,4,1.3809775653258787,-2,-3,-1,5,3,1,3,1,-1,-5,-3,1,Right,0.847
37,R_puXNpmFndsxDicF,41,j,2,0,675,Bathrooms restricted based on biological sex,Mandatory vaccinations,-1,1,-3,8,4,-2.244088543654553,0,3,4,-0.4315554891643372,3,0,-3,3,-5,3,5,3,-3,-3,5,1,Right,0.675
37,R_puXNpmFndsxDicF,42,f,1,1,2497,Dorms determined by gender identity,Mask mandates,-1,-1,1,6,2,0.17262219566573478,3,8,4,1.3809775653258787,-1,-3,2,-2,-2,2,2,2,-2,-2,-2,0,Left,2.497
37,R_puXNpmFndsxDicF,43,j,2,0,620,Raise the minimum wage,Mandatory drug tests for welfare recipients,1,1,-1,8,4,-1.0357331739944091,3,5,3,1.3809775653258787,-1,3,4,4,-3,4,3,-4,4,-4,3,1,Right,0.62
37,R_puXNpmFndsxDicF,44,j,2,0,542,Hardening schools/Arming teachers,Expel students with white nationlist views,1,1,3,8,4,1.3809775653258787,0,5,4,-0.4315554891643372,3,0,-3,-3,-3,3,3,3,-3,3,3,1,Right,0.542
37,R_puXNpmFndsxDicF,46,j,2,0,792,Climate change legislation,Physician-assisted suicide,1,1,3,8,4,1.3809775653258787,0,1,1,-0.4315554891643372,3,0,-3,-3,-7,3,7,3,-3,3,7,1,Right,0.792
37,R_puXNpmFndsxDicF,47,f,1,1,619,Mandatory trigger warnings,U.S. drone strikes in Afghanistan,1,1,1,5,3,0.17262219566573478,3,8,4,1.3809775653258787,1,3,-2,-2,-3,2,3,-2,2,-2,-3,0,Left,0.619
37,R_puXNpmFndsxDicF,48,f,1,1,706,Recognize Jerusalem as capital of Israel,Mandatory drug tests for welfare recipients,1,1,1,7,4,0.17262219566573478,3,5,3,1.3809775653258787,1,3,-2,-2,2,2,2,-2,2,-2,2,0,Left,0.706
37,R_puXNpmFndsxDicF,49,j,2,0,642,Dorms determined by gender identity,U.S. drone strikes in Afghanistan,-1,1,1,6,2,0.17262219566573478,3,8,4,1.3809775653258787,-1,3,4,2,2,4,2,-4,4,-2,-2,1,Right,0.642
37,R_puXNpmFndsxDicF,50,f,1,1,660,Mandatory training on sexual consent,Mandatory drug tests for welfare recipients,-1,-1,2,7,3,0.7767998804958067,3,5,3,1.3809775653258787,-2,-3,1,-1,2,1,2,1,-1,-1,2,0,Left,0.66
37,R_puXNpmFndsxDicF,51,f,1,1,653,Safe injection locations,Mandatory drug tests for welfare recipients,1,1,-1,1,2,-1.0357331739944091,3,5,3,1.3809775653258787,-1,3,-4,-4,-4,4,4,-4,4,-4,-4,0,Left,0.653
37,R_puXNpmFndsxDicF,52,f,1,1,580,Defund Planned Parenthood,U.S. drone strikes in Afghanistan,1,1,0,7,4,-0.4315554891643372,3,8,4,1.3809775653258787,0,3,-3,-3,-1,3,1,-3,3,-3,-1,0,Left,0.58
37,R_puXNpmFndsxDicF,53,j,2,0,620,Mandatory drug tests for welfare recipients,War on Drugs,1,-1,3,5,3,1.3809775653258787,-1,3,3,-1.0357331739944091,3,1,-2,-4,-2,2,2,2,-2,4,2,1,Right,0.62
37,R_puXNpmFndsxDicF,54,j,2,0,726,Hardening schools/Arming teachers,Abolishing private prisons,1,-1,3,8,4,1.3809775653258787,2,7,2,0.7767998804958067,3,-2,-5,-1,-1,5,1,5,-5,1,1,1,Right,0.726
37,R_puXNpmFndsxDicF,55,j,2,0,603,Mandatory drug tests for welfare recipients,Remove police from schools,1,-1,3,5,3,1.3809775653258787,2,7,4,0.7767998804958067,3,-2,-5,-1,2,5,2,5,-5,1,-2,1,Right,0.603
37,R_puXNpmFndsxDicF,56,j,2,0,210,Mandatory drug tests for welfare recipients,Cuts to National Parks budget,1,1,3,5,3,1.3809775653258787,-2,5,3,-1.6399108588244813,3,-2,-5,-5,0,5,0,5,-5,5,0,1,Right,0.21
37,R_puXNpmFndsxDicF,57,f,1,1,624,Defund the police,Stop police brutality,-1,-1,-1,3,2,-1.0357331739944091,3,8,3,1.3809775653258787,1,-3,4,-4,-5,4,5,4,-4,-4,-5,0,Left,0.624
37,R_puXNpmFndsxDicF,58,j,2,0,300,Mandatory drug tests for welfare recipients,Legalization of marijuana,-1,1,3,5,3,1.3809775653258787,-2,1,2,-1.6399108588244813,-3,-2,1,-5,-4,1,4,-1,1,5,4,1,Right,0.3
37,R_puXNpmFndsxDicF,59,f,1,1,592,Mandatory drug tests for welfare recipients,Remove public Confederate memorials,-1,1,3,5,3,1.3809775653258787,1,7,3,0.17262219566573478,-3,1,-4,2,-2,4,2,-4,4,2,-2,0,Left,0.592
37,R_puXNpmFndsxDicF,60,f,1,1,666,Mandatory vaccinations,Mandatory drug tests for welfare recipients,1,1,0,3,4,-0.4315554891643372,3,5,3,1.3809775653258787,0,3,-3,-3,-2,3,2,-3,3,-3,-2,0,Left,0.666
37,R_puXNpmFndsxDicF,61,j,2,0,773,Legalization of marijuana,Mandatory drug tests for welfare recipients,1,1,-2,1,2,-1.6399108588244813,3,5,3,1.3809775653258787,-2,3,5,5,4,5,4,-5,5,-5,-4,1,Right,0.773
37,R_puXNpmFndsxDicF,62,f,1,1,598,"Boycott, Divest, and Sanction Israel",Hardening schools/Arming teachers,-1,1,1,7,4,0.17262219566573478,3,8,4,1.3809775653258787,-1,3,-4,-2,-1,4,1,-4,4,-2,-1,0,Left,0.598
37,R_puXNpmFndsxDicF,63,f,1,1,661,Legalization of marijuana,Climate change legislation,-1,-1,-2,1,2,-1.6399108588244813,3,8,4,1.3809775653258787,2,-3,5,-5,-7,5,7,5,-5,-5,-7,0,Left,0.661
37,R_puXNpmFndsxDicF,64,j,2,0,622,Mandatory drug tests for welfare recipients,Cuts to National Parks budget,1,-1,3,5,3,1.3809775653258787,-2,5,3,-1.6399108588244813,3,2,-1,-5,0,1,0,1,-1,5,0,1,Right,0.622
37,R_puXNpmFndsxDicF,65,j,2,0,663,Safe injection locations,Bathrooms restricted based on biological sex,1,1,-1,1,2,-1.0357331739944091,-3,8,4,-2.244088543654553,-1,-3,-2,-2,7,2,7,2,-2,2,-7,1,Right,0.663
37,R_puXNpmFndsxDicF,66,j,2,0,592,Bathrooms restricted based on biological sex,University Campus should be a Sanctuary,-1,-1,-3,8,4,-2.244088543654553,2,6,4,0.7767998804958067,3,-2,-5,5,-2,5,2,5,-5,-5,2,1,Right,0.592
37,R_puXNpmFndsxDicF,67,j,2,0,578,Bathrooms restricted based on biological sex,Legalization of marijuana,-1,-1,-3,8,4,-2.244088543654553,-2,1,2,-1.6399108588244813,3,2,-1,1,-7,1,7,1,-1,-1,7,1,Right,0.578
37,R_puXNpmFndsxDicF,68,j,2,0,612,Detention of migrant children,Bathrooms restricted based on biological sex,1,-1,2,8,3,0.7767998804958067,-3,8,4,-2.244088543654553,2,3,1,-5,0,1,0,-1,1,5,0,1,Right,0.612
37,R_puXNpmFndsxDicF,69,f,1,1,571,Cuts to National Parks budget,Mandatory drug tests for welfare recipients,1,-1,-2,5,3,-1.6399108588244813,3,5,3,1.3809775653258787,-2,-3,1,-5,0,1,0,1,-1,-5,0,0,Left,0.571
37,R_puXNpmFndsxDicF,70,j,2,0,719,Lift COVID lockdowns,Mandatory drug tests for welfare recipients,1,1,0,8,4,-0.4315554891643372,3,5,3,1.3809775653258787,0,3,3,3,-3,3,3,-3,3,-3,3,1,Right,0.719
37,R_puXNpmFndsxDicF,71,f,1,1,635,Climate change legislation,Dorms determined by gender identity,-1,1,3,8,4,1.3809775653258787,1,6,2,0.17262219566573478,-3,1,-4,2,2,4,2,-4,4,2,2,0,Left,0.635
37,R_puXNpmFndsxDicF,72,j,2,0,578,University Campus should be a Sanctuary,U.S. drone strikes in Afghanistan,1,-1,2,6,4,0.7767998804958067,3,8,4,1.3809775653258787,2,-3,-5,1,2,5,2,5,-5,-1,-2,1,Right,0.578
37,R_puXNpmFndsxDicF,73,j,2,0,555,Climate change legislation,Safe injection locations,1,-1,3,8,4,1.3809775653258787,-1,1,2,-1.0357331739944091,3,1,-2,-4,-7,2,7,2,-2,4,7,1,Right,0.555
37,R_puXNpmFndsxDicF,74,j,2,0,597,Detention of migrant children,Bathrooms restricted based on biological sex,1,1,2,8,3,0.7767998804958067,-3,8,4,-2.244088543654553,2,-3,-5,-5,0,5,0,5,-5,5,0,1,Right,0.597
37,R_puXNpmFndsxDicF,75,f,1,1,849,Raise the minimum wage,Climate change legislation,-1,1,-1,8,4,-1.0357331739944091,3,8,4,1.3809775653258787,1,3,-2,-4,0,2,0,-2,2,-4,0,0,Left,0.849
37,R_puXNpmFndsxDicF,76,f,1,1,2162,Mandatory drug tests for welfare recipients,Ban on research with animals,-1,1,3,5,3,1.3809775653258787,2,7,4,0.7767998804958067,-3,2,-5,1,-2,5,2,-5,5,1,-2,0,Left,2.162
37,R_puXNpmFndsxDicF,77,j,2,0,622,Physician-assisted suicide,Hardening schools/Arming teachers,1,-1,0,1,1,-0.4315554891643372,3,8,4,1.3809775653258787,0,-3,-3,3,7,3,7,3,-3,-3,-7,1,Right,0.622
37,R_puXNpmFndsxDicF,78,f,1,1,674,Remove police from schools,Mandatory drug tests for welfare recipients,1,1,2,7,4,0.7767998804958067,3,5,3,1.3809775653258787,2,3,-1,-1,2,1,2,-1,1,-1,2,0,Left,0.674
37,R_puXNpmFndsxDicF,79,j,2,0,648,Mandatory drug tests for welfare recipients,Abolishing fraternities,-1,-1,3,5,3,1.3809775653258787,-1,6,4,-1.0357331739944091,-3,1,4,-4,1,4,1,-4,4,4,-1,1,Right,0.648
37,R_puXNpmFndsxDicF,80,j,2,0,463,Mandatory drug tests for welfare recipients,Physician-assisted suicide,1,-1,3,5,3,1.3809775653258787,0,1,1,-0.4315554891643372,3,-0,-3,-3,-4,3,4,3,-3,3,4,1,Right,0.463
37,R_puXNpmFndsxDicF,81,f,1,1,656,Ban on ethnic Halloween costumes,Hardening schools/Arming teachers,1,-1,-1,5,3,-1.0357331739944091,3,8,4,1.3809775653258787,-1,-3,2,-4,-3,2,3,2,-2,-4,-3,0,Left,0.656
37,R_puXNpmFndsxDicF,82,f,1,1,781,Mandatory drug tests for welfare recipients,Raise the minimum wage,1,-1,3,5,3,1.3809775653258787,-1,8,4,-1.0357331739944091,3,1,2,4,-3,2,3,2,-2,4,-3,0,Left,0.781
37,R_puXNpmFndsxDicF,83,f,1,1,599,Defund the police,Climate change legislation,1,-1,-1,3,2,-1.0357331739944091,3,8,4,1.3809775653258787,-1,-3,2,-4,-5,2,5,2,-2,-4,-5,0,Left,0.599
37,R_puXNpmFndsxDicF,84,j,2,0,419,Mandatory drug tests for welfare recipients,War on Drugs,1,1,3,5,3,1.3809775653258787,-1,3,3,-1.0357331739944091,3,-1,-4,-4,-2,4,2,4,-4,4,2,1,Right,0.419
37,R_puXNpmFndsxDicF,85,f,1,1,556,Mask mandates,Cuts to National Parks budget,-1,-1,3,8,4,1.3809775653258787,-2,5,3,-1.6399108588244813,-3,2,-5,5,3,5,3,-5,5,5,3,0,Left,0.556
37,R_puXNpmFndsxDicF,86,j,2,0,311,Abolishing fraternities,Mandatory drug tests for welfare recipients,1,1,-1,6,4,-1.0357331739944091,3,5,3,1.3809775653258787,-1,3,4,4,-1,4,1,-4,4,-4,1,1,Right,0.311
37,R_puXNpmFndsxDicF,88,f,1,1,173,Hardening schools/Arming teachers,Raise the minimum wage,1,1,3,8,4,1.3809775653258787,-1,8,4,-1.0357331739944091,3,-1,4,4,0,4,0,4,-4,4,0,0,Left,0.173
37,R_puXNpmFndsxDicF,90,f,1,1,400,Hardening schools/Arming teachers,Mandatory drug tests for welfare recipients,1,-1,3,8,4,1.3809775653258787,3,5,3,1.3809775653258787,3,-3,6,0,3,6,3,6,-6,0,3,0,Left,0.4
37,R_puXNpmFndsxDicF,91,j,2,0,1285,U.S. drone strikes in Afghanistan,Lift COVID lockdowns,1,1,3,8,4,1.3809775653258787,0,8,4,-0.4315554891643372,3,0,-3,-3,0,3,0,3,-3,3,0,1,Right,1.285
37,R_puXNpmFndsxDicF,93,j,2,0,605,Legalization of marijuana,U.S. drone strikes in Afghanistan,1,1,-2,1,2,-1.6399108588244813,3,8,4,1.3809775653258787,-2,3,5,5,7,5,7,-5,5,-5,-7,1,Right,0.605
37,R_puXNpmFndsxDicF,94,f,1,1,572,Defund the police,Mask mandates,-1,1,-1,3,2,-1.0357331739944091,3,8,4,1.3809775653258787,1,3,-2,-4,-5,2,5,-2,2,-4,-5,0,Left,0.572
37,R_puXNpmFndsxDicF,95,j,2,0,648,Dorms determined by gender identity,Stop police brutality,1,1,1,6,2,0.17262219566573478,3,8,3,1.3809775653258787,1,3,2,2,2,2,2,-2,2,-2,-2,1,Right,0.648
37,R_puXNpmFndsxDicF,96,f,1,1,168,Bathrooms restricted based on biological sex,Mandatory drug tests for welfare recipients,1,1,-3,8,4,-2.244088543654553,3,5,3,1.3809775653258787,-3,3,-6,-6,3,6,3,-6,6,-6,3,0,Left,0.168
37,R_puXNpmFndsxDicF,97,f,1,1,685,Detention of migrant children,Mandatory drug tests for welfare recipients,-1,1,2,8,3,0.7767998804958067,3,5,3,1.3809775653258787,-2,3,-5,-1,3,5,3,-5,5,-1,3,0,Left,0.685
37,R_puXNpmFndsxDicF,98,j,2,0,621,Ban on ethnic Halloween costumes,Mask mandates,-1,-1,-1,5,3,-1.0357331739944091,3,8,4,1.3809775653258787,1,-3,-4,4,3,4,3,4,-4,-4,-3,1,Right,0.621
37,R_puXNpmFndsxDicF,99,j,2,0,663,U.S. drone strikes in Afghanistan,University Campus should be a Sanctuary,1,1,3,8,4,1.3809775653258787,2,6,4,0.7767998804958067,3,2,-1,-1,-2,1,2,1,-1,1,2,1,Right,0.663
37,R_puXNpmFndsxDicF,100,f,1,1,633,Abolishing fraternities,Mandatory drug tests for welfare recipients,-1,1,-1,6,4,-1.0357331739944091,3,5,3,1.3809775653258787,1,3,-2,-4,1,2,1,-2,2,-4,1,0,Left,0.633
30,R_3OiuHCuJf5eBXL0,1,j,2,0,3295.9000000003725,Physician-assisted suicide,Build southern border wall,-1,-1,3,7,3,0.7790466933308023,-3,8,4,-1.4893539725441811,-3,3,6,-6,1,6,1,-6,6,6,-1,1,Right,3.2959000000003726
30,R_3OiuHCuJf5eBXL0,2,f,1,1,4203,Mandatory trigger warnings,Expel students with white nationlist views,-1,-1,-1,1,2,-0.7332204172525199,2,8,4,0.40097991568497177,1,-2,3,-3,-7,3,7,3,-3,-3,-7,0,Left,4.203
30,R_3OiuHCuJf5eBXL0,3,j,2,0,2429.5999999996275,Safe injection locations,Ban on ethnic Halloween costumes,-1,1,3,6,4,0.7790466933308023,1,1,1,0.022913138039141225,-3,1,4,-2,-5,4,5,-4,4,2,5,1,Right,2.4295999999996276
30,R_3OiuHCuJf5eBXL0,4,j,2,0,5121.9000000003725,On campus concealed carry,Gun-free campus police,1,-1,-3,7,1,-1.4893539725441811,2,8,4,0.40097991568497177,-3,-2,1,5,1,1,1,-1,1,-5,-1,1,Right,5.121900000000372
30,R_3OiuHCuJf5eBXL0,5,f,1,1,1715.5999999996275,Defund the police,Physician-assisted suicide,1,-1,3,8,4,0.7790466933308023,3,7,3,0.7790466933308023,3,-3,6,0,1,6,1,6,-6,0,1,0,Left,1.7155999999996274
30,R_3OiuHCuJf5eBXL0,6,f,1,1,2046.7000000011176,Safe injection locations,Recognize Jerusalem as capital of Israel,1,1,3,6,4,0.7790466933308023,0,0,1,-0.35515363960668933,3,0,3,3,6,3,6,3,-3,3,6,0,Left,2.0467000000011177
30,R_3OiuHCuJf5eBXL0,7,f,1,1,4757.9000000003725,Increased Gun regulations,Religious exemptions for discrimination laws,-1,-1,3,8,4,0.7790466933308023,-3,8,4,-1.4893539725441811,-3,3,-6,6,0,6,0,-6,6,6,0,0,Left,4.757900000000372
30,R_3OiuHCuJf5eBXL0,8,f,1,1,2573.699999999255,Safe injection locations,Mandatory trigger warnings,1,-1,3,6,4,0.7790466933308023,-1,1,2,-0.7332204172525199,3,1,2,4,5,2,5,2,-2,4,5,0,Left,2.573699999999255
30,R_3OiuHCuJf5eBXL0,9,f,1,1,1726.4000000003725,Gun-free campus police,Recognize Jerusalem as capital of Israel,1,-1,2,8,4,0.40097991568497177,0,0,1,-0.35515363960668933,2,-0,2,2,8,2,8,2,-2,2,8,0,Left,1.7264000000003725
30,R_3OiuHCuJf5eBXL0,10,f,1,1,2747.800000000745,Gun-free campus police,Remove public Confederate memorials,1,-1,2,8,4,0.40097991568497177,3,8,2,0.7790466933308023,2,-3,5,-1,0,5,0,5,-5,-1,0,0,Left,2.747800000000745
30,R_3OiuHCuJf5eBXL0,11,f,1,1,4483.699999999255,Physician-assisted suicide,Remove police from schools,1,1,3,7,3,0.7790466933308023,3,8,4,0.7790466933308023,3,3,0,0,-1,0,1,0,0,0,-1,0,Left,4.483699999999255
30,R_3OiuHCuJf5eBXL0,12,f,1,1,1844.5999999996275,Physician-assisted suicide,Ban on ethnic Halloween costumes,1,1,3,7,3,0.7790466933308023,1,1,1,0.022913138039141225,3,1,2,2,6,2,6,2,-2,2,6,0,Left,1.8445999999996274
30,R_3OiuHCuJf5eBXL0,13,f,1,1,2437.300000000745,Physician-assisted suicide,Physician-assisted suicide,1,-1,3,7,3,0.7790466933308023,3,7,3,0.7790466933308023,3,-3,6,0,0,6,0,6,-6,0,0,0,Left,2.437300000000745
30,R_3OiuHCuJf5eBXL0,14,f,1,1,2083,Ban on ethnic Halloween costumes,Physician-assisted suicide,1,-1,1,1,1,0.022913138039141225,3,7,3,0.7790466933308023,1,-3,4,-2,-6,4,6,4,-4,-2,-6,0,Left,2.083
30,R_3OiuHCuJf5eBXL0,15,j,2,0,1811.9000000003725,Gun-free campus police,Gun-free campus police,-1,1,2,8,4,0.40097991568497177,2,8,4,0.40097991568497177,-2,2,4,0,0,4,0,-4,4,0,0,1,Right,1.8119000000003724
30,R_3OiuHCuJf5eBXL0,16,f,1,1,2244.4000000003725,Ban on ethnic Halloween costumes,Safe injection locations,1,-1,1,1,1,0.022913138039141225,3,6,4,0.7790466933308023,1,-3,4,-2,-5,4,5,4,-4,-2,-5,0,Left,2.2444000000003723
30,R_3OiuHCuJf5eBXL0,17,j,2,0,2084.199999999255,Physician-assisted suicide,Safe injection locations,1,1,3,7,3,0.7790466933308023,3,6,4,0.7790466933308023,3,3,0,0,-1,0,1,0,0,0,1,1,Right,2.084199999999255
30,R_3OiuHCuJf5eBXL0,18,j,2,0,2479.60000000149,Ban on ethnic Halloween costumes,Safe injection locations,1,1,1,1,1,0.022913138039141225,3,6,4,0.7790466933308023,1,3,2,2,5,2,5,-2,2,-2,-5,1,Right,2.47960000000149
30,R_3OiuHCuJf5eBXL0,19,j,2,0,3287,Tuition increases,Safe injection locations,-1,1,-3,8,4,-1.4893539725441811,3,6,4,0.7790466933308023,3,3,0,6,-2,0,2,0,0,-6,2,1,Right,3.287
30,R_3OiuHCuJf5eBXL0,20,j,2,0,1856.4000000003725,Physician-assisted suicide,Expel students with white nationlist views,1,1,3,7,3,0.7790466933308023,2,8,4,0.40097991568497177,3,2,-1,-1,1,1,1,1,-1,1,-1,1,Right,1.8564000000003724
30,R_3OiuHCuJf5eBXL0,21,f,1,1,2748.2999999988824,Mandatory trigger warnings,On campus concealed carry,1,-1,-1,1,2,-0.7332204172525199,-3,7,1,-1.4893539725441811,-1,3,-4,2,-6,4,6,-4,4,2,-6,0,Left,2.748299999998882
30,R_3OiuHCuJf5eBXL0,22,j,2,0,3636.5,On campus concealed carry,Mandatory drug tests for welfare recipients,1,-1,-3,7,1,-1.4893539725441811,0,0,1,-0.35515363960668933,-3,-0,3,3,-7,3,7,-3,3,-3,7,1,Right,3.6365
30,R_3OiuHCuJf5eBXL0,23,f,1,1,1156.300000000745,Raise the minimum wage,Gun-free campus police,1,-1,3,8,4,0.7790466933308023,2,8,4,0.40097991568497177,3,-2,5,1,0,5,0,5,-5,1,0,0,Left,1.156300000000745
30,R_3OiuHCuJf5eBXL0,24,f,1,1,4398.199999999255,Recognize Jerusalem as capital of Israel,Defund Planned Parenthood,-1,-1,0,0,1,-0.35515363960668933,-3,8,4,-1.4893539725441811,-0,3,-3,3,-8,3,8,-3,3,3,-8,0,Left,4.398199999999255
30,R_3OiuHCuJf5eBXL0,25,j,2,0,3806.2000000011176,Safe injection locations,Recognize Jerusalem as capital of Israel,-1,-1,3,6,4,0.7790466933308023,0,0,1,-0.35515363960668933,-3,-0,3,-3,-6,3,6,-3,3,3,6,1,Right,3.806200000001118
30,R_3OiuHCuJf5eBXL0,26,f,1,1,1724.699999999255,Safe injection locations,Mandatory drug tests for welfare recipients,1,1,3,6,4,0.7790466933308023,0,0,1,-0.35515363960668933,3,0,3,3,6,3,6,3,-3,3,6,0,Left,1.724699999999255
30,R_3OiuHCuJf5eBXL0,27,f,1,1,2929.2000000011176,Mandatory vaccinations,Expel students with white nationlist views,1,-1,3,8,4,0.7790466933308023,2,8,4,0.40097991568497177,3,-2,5,1,0,5,0,5,-5,1,0,0,Left,2.9292000000011176
30,R_3OiuHCuJf5eBXL0,28,j,2,0,1632.2999999988824,Remove police from schools,Gun-free campus police,-1,1,3,8,4,0.7790466933308023,2,8,4,0.40097991568497177,-3,2,5,-1,0,5,0,-5,5,1,0,1,Right,1.6322999999988823
30,R_3OiuHCuJf5eBXL0,29,f,1,1,4089.2000000011176,Religious exemptions for discrimination laws,Legalization of marijuana,-1,-1,-3,8,4,-1.4893539725441811,3,8,4,0.7790466933308023,3,-3,6,-6,0,6,0,6,-6,-6,0,0,Left,4.089200000001117
30,R_3OiuHCuJf5eBXL0,30,f,1,1,1740.5999999996275,Black Lives Matter,Ban on ethnic Halloween costumes,1,-1,3,8,4,0.7790466933308023,1,1,1,0.022913138039141225,3,-1,4,2,7,4,7,4,-4,2,7,0,Left,1.7405999999996276
30,R_3OiuHCuJf5eBXL0,31,j,2,0,1441.5999999996275,Safe injection locations,Safe injection locations,-1,1,3,6,4,0.7790466933308023,3,6,4,0.7790466933308023,-3,3,6,0,0,6,0,-6,6,0,0,1,Right,1.4415999999996274
30,R_3OiuHCuJf5eBXL0,32,f,1,1,1541.4000000003725,Gun-free campus police,War on Drugs,1,1,2,8,4,0.40097991568497177,3,8,4,0.7790466933308023,2,3,-1,-1,0,1,0,-1,1,-1,0,0,Left,1.5414000000003725
30,R_3OiuHCuJf5eBXL0,33,f,1,1,2136.800000000745,Increased Gun regulations,Ban on ethnic Halloween costumes,1,1,3,8,4,0.7790466933308023,1,1,1,0.022913138039141225,3,1,2,2,7,2,7,2,-2,2,7,0,Left,2.136800000000745
30,R_3OiuHCuJf5eBXL0,34,j,2,0,2265.7999999988824,On campus concealed carry,Mandatory trigger warnings,-1,-1,-3,7,1,-1.4893539725441811,-1,1,2,-0.7332204172525199,3,1,-2,2,-6,2,6,2,-2,-2,6,1,Right,2.2657999999988823
30,R_3OiuHCuJf5eBXL0,35,f,1,1,3806.9000000003725,Recognize Jerusalem as capital of Israel,Religious exemptions for discrimination laws,-1,1,0,0,1,-0.35515363960668933,-3,8,4,-1.4893539725441811,-0,-3,3,3,-8,3,8,3,-3,3,-8,0,Left,3.8069000000003723
30,R_3OiuHCuJf5eBXL0,36,f,1,1,2448.199999999255,Gun-free campus police,Tuition increases,1,-1,2,8,4,0.40097991568497177,-3,8,4,-1.4893539725441811,2,3,-1,5,0,1,0,-1,1,5,0,0,Left,2.4481999999992548
30,R_3OiuHCuJf5eBXL0,37,f,1,1,2694.0999999996275,Mandatory drug tests for welfare recipients,Safe injection locations,1,-1,0,0,1,-0.35515363960668933,3,6,4,0.7790466933308023,0,-3,3,-3,-6,3,6,3,-3,-3,-6,0,Left,2.6940999999996276
30,R_3OiuHCuJf5eBXL0,38,j,2,0,1820,Recognize Jerusalem as capital of Israel,Physician-assisted suicide,-1,1,0,0,1,-0.35515363960668933,3,7,3,0.7790466933308023,-0,3,3,3,7,3,7,-3,3,-3,-7,1,Right,1.82
30,R_3OiuHCuJf5eBXL0,39,f,1,1,3365.0999999996275,On campus concealed carry,On campus concealed carry,-1,1,-3,7,1,-1.4893539725441811,-3,7,1,-1.4893539725441811,3,-3,6,0,0,6,0,6,-6,0,0,0,Left,3.3650999999996274
30,R_3OiuHCuJf5eBXL0,40,f,1,1,3452.199999999255,Mandatory trigger warnings,Bathrooms restricted based on biological sex,1,-1,-1,1,2,-0.7332204172525199,-3,8,4,-1.4893539725441811,-1,3,-4,2,-7,4,7,-4,4,2,-7,0,Left,3.4521999999992548
30,R_3OiuHCuJf5eBXL0,41,f,1,1,2110.699999999255,Gun-free campus police,On campus concealed carry,1,1,2,8,4,0.40097991568497177,-3,7,1,-1.4893539725441811,2,-3,5,5,1,5,1,5,-5,5,1,0,Left,2.110699999999255
30,R_3OiuHCuJf5eBXL0,42,f,1,1,2047.5,Mandatory trigger warnings,Safe injection locations,1,-1,-1,1,2,-0.7332204172525199,3,6,4,0.7790466933308023,-1,-3,2,-4,-5,2,5,2,-2,-4,-5,0,Left,2.0475
30,R_3OiuHCuJf5eBXL0,43,f,1,1,1684.800000000745,Expel students with white nationlist views,On campus concealed carry,1,1,2,8,4,0.40097991568497177,-3,7,1,-1.4893539725441811,2,-3,5,5,1,5,1,5,-5,5,1,0,Left,1.684800000000745
30,R_3OiuHCuJf5eBXL0,44,f,1,1,4242.199999999255,Remove police from schools,Expel students with white nationlist views,-1,-1,3,8,4,0.7790466933308023,2,8,4,0.40097991568497177,-3,-2,-1,1,0,1,0,-1,1,1,0,0,Left,4.242199999999255
30,R_3OiuHCuJf5eBXL0,45,j,2,0,1134.9000000003725,Black Lives Matter,Safe injection locations,-1,1,3,8,4,0.7790466933308023,3,6,4,0.7790466933308023,-3,3,6,0,-2,6,2,-6,6,0,2,1,Right,1.1349000000003726
30,R_3OiuHCuJf5eBXL0,46,j,2,0,5692.0999999996275,Recognize Jerusalem as capital of Israel,Physician-assisted suicide,1,-1,0,0,1,-0.35515363960668933,3,7,3,0.7790466933308023,0,-3,-3,3,7,3,7,3,-3,-3,-7,1,Right,5.692099999999628
30,R_3OiuHCuJf5eBXL0,47,f,1,1,1279.2999999988824,Safe injection locations,Gun-free campus police,1,-1,3,6,4,0.7790466933308023,2,8,4,0.40097991568497177,3,-2,5,1,-2,5,2,5,-5,1,-2,0,Left,1.2792999999988823
30,R_3OiuHCuJf5eBXL0,48,f,1,1,1233.199999999255,Safe injection locations,On campus concealed carry,1,-1,3,6,4,0.7790466933308023,-3,7,1,-1.4893539725441811,3,3,0,6,-1,0,1,0,0,6,-1,0,Left,1.233199999999255
30,R_3OiuHCuJf5eBXL0,49,j,2,0,2752.199999999255,Detention of migrant children,Mandatory drug tests for welfare recipients,-1,1,-3,8,4,-1.4893539725441811,0,0,1,-0.35515363960668933,3,0,-3,3,-8,3,8,3,-3,-3,8,1,Right,2.752199999999255
30,R_3OiuHCuJf5eBXL0,50,j,2,0,1499.800000000745,Ban on ethnic Halloween costumes,Gun-free campus police,-1,1,1,1,1,0.022913138039141225,2,8,4,0.40097991568497177,-1,2,3,1,7,3,7,-3,3,-1,-7,1,Right,1.499800000000745
30,R_3OiuHCuJf5eBXL0,51,j,2,0,2356,Safe injection locations,On campus concealed carry,-1,-1,3,6,4,0.7790466933308023,-3,7,1,-1.4893539725441811,-3,3,6,-6,1,6,1,-6,6,6,-1,1,Right,2.356
30,R_3OiuHCuJf5eBXL0,52,f,1,1,1328.0999999996275,Safe injection locations,Mandatory trigger warnings,1,1,3,6,4,0.7790466933308023,-1,1,2,-0.7332204172525199,3,-1,4,4,5,4,5,4,-4,4,5,0,Left,1.3280999999996275
30,R_3OiuHCuJf5eBXL0,53,j,2,0,2723.4000000003725,Detention of migrant children,Safe injection locations,1,-1,-3,8,4,-1.4893539725441811,3,6,4,0.7790466933308023,-3,-3,0,6,-2,0,2,0,0,-6,2,1,Right,2.7234000000003724
30,R_3OiuHCuJf5eBXL0,54,j,2,0,3055.39999999851,Bathrooms restricted based on biological sex,Safe injection locations,1,-1,-3,8,4,-1.4893539725441811,3,6,4,0.7790466933308023,-3,-3,0,6,-2,0,2,0,0,-6,2,1,Right,3.0553999999985098
30,R_3OiuHCuJf5eBXL0,55,f,1,1,2493.5,Expel students with white nationlist views,Safe injection locations,1,1,2,8,4,0.40097991568497177,3,6,4,0.7790466933308023,2,3,-1,-1,2,1,2,-1,1,-1,2,0,Left,2.4935
30,R_3OiuHCuJf5eBXL0,56,f,1,1,4006.9000000003725,Ban on ethnic Halloween costumes,Increased Gun regulations,-1,-1,1,1,1,0.022913138039141225,3,8,4,0.7790466933308023,-1,-3,2,-2,-7,2,7,2,-2,-2,-7,0,Left,4.006900000000373
30,R_3OiuHCuJf5eBXL0,57,j,2,0,1910.7000000011176,Physician-assisted suicide,Safe injection locations,-1,1,3,7,3,0.7790466933308023,3,6,4,0.7790466933308023,-3,3,6,0,-1,6,1,-6,6,0,1,1,Right,1.9107000000011176
30,R_3OiuHCuJf5eBXL0,58,j,2,0,1301.4000000003725,Ban on ethnic Halloween costumes,Safe injection locations,-1,1,1,1,1,0.022913138039141225,3,6,4,0.7790466933308023,-1,3,4,2,5,4,5,-4,4,-2,-5,1,Right,1.3014000000003725
30,R_3OiuHCuJf5eBXL0,59,f,1,1,2339.699999999255,Safe injection locations,Hardening schools/Arming teachers,1,1,3,6,4,0.7790466933308023,-3,8,2,-1.4893539725441811,3,-3,6,6,-2,6,2,6,-6,6,-2,0,Left,2.339699999999255
30,R_3OiuHCuJf5eBXL0,60,f,1,1,2246.5999999996275,On campus concealed carry,Expel students with white nationlist views,-1,-1,-3,7,1,-1.4893539725441811,2,8,4,0.40097991568497177,3,-2,5,-5,-1,5,1,5,-5,-5,-1,0,Left,2.2465999999996273
30,R_3OiuHCuJf5eBXL0,61,f,1,1,2424.5,Ban on research with animals,On campus concealed carry,-1,1,3,8,4,0.7790466933308023,-3,7,1,-1.4893539725441811,-3,-3,0,6,1,0,1,0,0,6,1,0,Left,2.4245
30,R_3OiuHCuJf5eBXL0,62,f,1,1,2789.5,Safe injection locations,Physician-assisted suicide,-1,-1,3,6,4,0.7790466933308023,3,7,3,0.7790466933308023,-3,-3,0,0,-1,0,1,0,0,0,-1,0,Left,2.7895
30,R_3OiuHCuJf5eBXL0,63,j,2,0,3622,Mandatory drug tests for welfare recipients,Physician-assisted suicide,-1,1,0,0,1,-0.35515363960668933,3,7,3,0.7790466933308023,-0,3,3,3,7,3,7,-3,3,-3,-7,1,Right,3.622
30,R_3OiuHCuJf5eBXL0,64,j,2,0,2517.699999999255,Remove public Confederate memorials,Recognize Jerusalem as capital of Israel,-1,-1,3,8,2,0.7790466933308023,0,0,1,-0.35515363960668933,-3,-0,3,-3,-8,3,8,-3,3,3,8,1,Right,2.517699999999255
30,R_3OiuHCuJf5eBXL0,65,f,1,1,2061.199999999255,Gun-free campus police,Safe injection locations,1,-1,2,8,4,0.40097991568497177,3,6,4,0.7790466933308023,2,-3,5,-1,2,5,2,5,-5,-1,2,0,Left,2.0611999999992547
30,R_3OiuHCuJf5eBXL0,66,f,1,1,3646.9000000003725,On campus concealed carry,Defund Planned Parenthood,-1,1,-3,7,1,-1.4893539725441811,-3,8,4,-1.4893539725441811,3,-3,6,0,-1,6,1,6,-6,0,-1,0,Left,3.6469000000003726
30,R_3OiuHCuJf5eBXL0,67,j,2,0,3109.7000000011176,Ban on research with animals,Ban on ethnic Halloween costumes,-1,1,3,8,4,0.7790466933308023,1,1,1,0.022913138039141225,-3,1,4,-2,-7,4,7,-4,4,2,7,1,Right,3.1097000000011175
30,R_3OiuHCuJf5eBXL0,68,j,2,0,2632.0999999996275,Safe injection locations,Mandatory trigger warnings,-1,1,3,6,4,0.7790466933308023,-1,1,2,-0.7332204172525199,-3,-1,2,-4,-5,2,5,-2,2,4,5,1,Right,2.6320999999996273
30,R_3OiuHCuJf5eBXL0,69,f,1,1,1515,Safe injection locations,Hardening schools/Arming teachers,1,-1,3,6,4,0.7790466933308023,-3,8,2,-1.4893539725441811,3,3,0,6,-2,0,2,0,0,6,-2,0,Left,1.515
30,R_3OiuHCuJf5eBXL0,70,j,2,0,1966.8999999985099,Mask mandates,Physician-assisted suicide,-1,1,3,8,4,0.7790466933308023,3,7,3,0.7790466933308023,-3,3,6,0,-1,6,1,-6,6,0,1,1,Right,1.96689999999851
30,R_3OiuHCuJf5eBXL0,71,f,1,1,2668,War on Drugs,Physician-assisted suicide,-1,-1,3,8,4,0.7790466933308023,3,7,3,0.7790466933308023,-3,-3,0,0,1,0,1,0,0,0,1,0,Left,2.668
30,R_3OiuHCuJf5eBXL0,72,j,2,0,5503.0999999996275,Gun-free campus police,Ban on ethnic Halloween costumes,-1,-1,2,8,4,0.40097991568497177,1,1,1,0.022913138039141225,-2,-1,1,-1,-7,1,7,-1,1,1,7,1,Right,5.503099999999628
30,R_3OiuHCuJf5eBXL0,73,j,2,0,2638.699999999255,Mandatory trigger warnings,Ban on ethnic Halloween costumes,1,1,-1,1,2,-0.7332204172525199,1,1,1,0.022913138039141225,-1,1,2,2,0,2,0,-2,2,-2,0,1,Right,2.638699999999255
30,R_3OiuHCuJf5eBXL0,74,f,1,1,2590.0999999996275,Mandatory trigger warnings,Bathrooms restricted based on biological sex,-1,-1,-1,1,2,-0.7332204172525199,-3,8,4,-1.4893539725441811,1,3,-2,2,-7,2,7,-2,2,2,-7,0,Left,2.5900999999996275
30,R_3OiuHCuJf5eBXL0,75,f,1,1,1557.699999999255,Safe injection locations,Physician-assisted suicide,-1,-1,3,6,4,0.7790466933308023,3,7,3,0.7790466933308023,-3,-3,0,0,-1,0,1,0,0,0,-1,0,Left,1.557699999999255
30,R_3OiuHCuJf5eBXL0,76,j,2,0,2799.5,Physician-assisted suicide,U.S. drone strikes in Afghanistan,1,-1,3,7,3,0.7790466933308023,-3,8,4,-1.4893539725441811,3,3,0,-6,1,0,1,0,0,6,-1,1,Right,2.7995
30,R_3OiuHCuJf5eBXL0,77,f,1,1,2059.5,Safe injection locations,Expel students with white nationlist views,-1,-1,3,6,4,0.7790466933308023,2,8,4,0.40097991568497177,-3,-2,-1,1,-2,1,2,-1,1,1,-2,0,Left,2.0595
30,R_3OiuHCuJf5eBXL0,78,j,2,0,1575.1000000014901,Ban on ethnic Halloween costumes,Physician-assisted suicide,-1,1,1,1,1,0.022913138039141225,3,7,3,0.7790466933308023,-1,3,4,2,6,4,6,-4,4,-2,-6,1,Right,1.57510000000149
30,R_3OiuHCuJf5eBXL0,79,f,1,1,2000,Ban on ethnic Halloween costumes,Raise the minimum wage,1,-1,1,1,1,0.022913138039141225,3,8,4,0.7790466933308023,1,-3,4,-2,-7,4,7,4,-4,-2,-7,0,Left,2
30,R_3OiuHCuJf5eBXL0,80,f,1,1,1379.9000000003725,Safe injection locations,Expel students with white nationlist views,1,-1,3,6,4,0.7790466933308023,2,8,4,0.40097991568497177,3,-2,5,1,-2,5,2,5,-5,1,-2,0,Left,1.3799000000003725
30,R_3OiuHCuJf5eBXL0,81,f,1,1,3048.5999999996275,Ban on ethnic Halloween costumes,On campus concealed carry,-1,1,1,1,1,0.022913138039141225,-3,7,1,-1.4893539725441811,-1,-3,2,4,-6,2,6,2,-2,4,-6,0,Left,3.0485999999996274
30,R_3OiuHCuJf5eBXL0,82,f,1,1,3276.699999999255,Safe injection locations,On campus concealed carry,-1,-1,3,6,4,0.7790466933308023,-3,7,1,-1.4893539725441811,-3,3,-6,6,-1,6,1,-6,6,6,-1,0,Left,3.2766999999992548
30,R_3OiuHCuJf5eBXL0,83,j,2,0,3786.300000000745,On campus concealed carry,Gun-free campus police,-1,1,-3,7,1,-1.4893539725441811,2,8,4,0.40097991568497177,3,2,-1,5,1,1,1,1,-1,-5,-1,1,Right,3.786300000000745
30,R_3OiuHCuJf5eBXL0,84,f,1,1,1712.7000000011176,Abortion rights,Safe injection locations,1,-1,3,8,4,0.7790466933308023,3,6,4,0.7790466933308023,3,-3,6,0,2,6,2,6,-6,0,2,0,Left,1.7127000000011177
30,R_3OiuHCuJf5eBXL0,85,j,2,0,1501.1000000014901,Ban on ethnic Halloween costumes,Expel students with white nationlist views,1,1,1,1,1,0.022913138039141225,2,8,4,0.40097991568497177,1,2,1,1,7,1,7,-1,1,-1,-7,1,Right,1.50110000000149
30,R_3OiuHCuJf5eBXL0,86,j,2,0,2792.2000000011176,Physician-assisted suicide,Mandatory trigger warnings,-1,1,3,7,3,0.7790466933308023,-1,1,2,-0.7332204172525199,-3,-1,2,-4,-6,2,6,-2,2,4,6,1,Right,2.7922000000011176
30,R_3OiuHCuJf5eBXL0,87,j,2,0,1710.0999999996275,Safe injection locations,Expel students with white nationlist views,1,1,3,6,4,0.7790466933308023,2,8,4,0.40097991568497177,3,2,-1,-1,2,1,2,1,-1,1,-2,1,Right,1.7100999999996274
30,R_3OiuHCuJf5eBXL0,88,j,2,0,2387.7000000011176,On campus concealed carry,Safe injection locations,1,1,-3,7,1,-1.4893539725441811,3,6,4,0.7790466933308023,-3,3,6,6,-1,6,1,-6,6,-6,1,1,Right,2.3877000000011175
30,R_3OiuHCuJf5eBXL0,89,j,2,0,2236.89999999851,Expel students with white nationlist views,Physician-assisted suicide,-1,1,2,8,4,0.40097991568497177,3,7,3,0.7790466933308023,-2,3,5,1,-1,5,1,-5,5,-1,1,1,Right,2.23689999999851
30,R_3OiuHCuJf5eBXL0,90,f,1,1,1922.0999999996275,Physician-assisted suicide,Expel students with white nationlist views,-1,-1,3,7,3,0.7790466933308023,2,8,4,0.40097991568497177,-3,-2,-1,1,-1,1,1,-1,1,1,-1,0,Left,1.9220999999996276
30,R_3OiuHCuJf5eBXL0,91,f,1,1,3107.9000000003725,Gun-free campus police,Safe injection locations,1,-1,2,8,4,0.40097991568497177,3,6,4,0.7790466933308023,2,-3,5,-1,2,5,2,5,-5,-1,2,0,Left,3.1079000000003725
30,R_3OiuHCuJf5eBXL0,92,f,1,1,3220.300000000745,Mandatory trigger warnings,On campus concealed carry,-1,1,-1,1,2,-0.7332204172525199,-3,7,1,-1.4893539725441811,1,-3,4,2,-6,4,6,4,-4,2,-6,0,Left,3.220300000000745
30,R_3OiuHCuJf5eBXL0,93,j,2,0,2019.8999999985099,Build southern border wall,Mandatory trigger warnings,1,1,-3,8,4,-1.4893539725441811,-1,1,2,-0.7332204172525199,-3,-1,2,2,-7,2,7,-2,2,-2,7,1,Right,2.01989999999851
30,R_3OiuHCuJf5eBXL0,94,f,1,1,1537.800000000745,Safe injection locations,Safe injection locations,1,-1,3,6,4,0.7790466933308023,3,6,4,0.7790466933308023,3,-3,6,0,0,6,0,6,-6,0,0,0,Left,1.537800000000745
30,R_3OiuHCuJf5eBXL0,95,j,2,0,2843.4000000003725,Gun-free campus police,Safe injection locations,-1,-1,2,8,4,0.40097991568497177,3,6,4,0.7790466933308023,-2,-3,-1,1,-2,1,2,1,-1,-1,2,1,Right,2.8434000000003725
30,R_3OiuHCuJf5eBXL0,96,j,2,0,3761.5999999996275,Recognize Jerusalem as capital of Israel,Gun-free campus police,1,-1,0,0,1,-0.35515363960668933,2,8,4,0.40097991568497177,0,-2,-2,2,8,2,8,2,-2,-2,-8,1,Right,3.7615999999996275
30,R_3OiuHCuJf5eBXL0,97,j,2,0,1936,Recognize Jerusalem as capital of Israel,Ban on ethnic Halloween costumes,-1,1,0,0,1,-0.35515363960668933,1,1,1,0.022913138039141225,-0,1,1,1,1,1,1,-1,1,-1,-1,1,Right,1.936
30,R_3OiuHCuJf5eBXL0,98,j,2,0,2900.5,Mandatory drug tests for welfare recipients,Mandatory trigger warnings,-1,1,0,0,1,-0.35515363960668933,-1,1,2,-0.7332204172525199,-0,-1,-1,-1,1,1,1,1,-1,1,-1,1,Right,2.9005
30,R_3OiuHCuJf5eBXL0,99,j,2,0,1699.800000000745,Safe injection locations,Ban on research with animals,-1,1,3,6,4,0.7790466933308023,3,8,4,0.7790466933308023,-3,3,6,0,2,6,2,-6,6,0,-2,1,Right,1.6998000000007452
30,R_3OiuHCuJf5eBXL0,100,j,2,0,2646.4000000003725,Abortion rights,Expel students with white nationlist views,-1,-1,3,8,4,0.7790466933308023,2,8,4,0.40097991568497177,-3,-2,1,-1,0,1,0,-1,1,1,0,1,Right,2.6464000000003725
20,R_2YLMsaYyl8kHR8l,1,j,2,0,8423.599999964237,Mandatory training on sexual consent,War on Drugs,1,-1,0,4,1,0.1721690432465319,1,6,1,0.7078060666801863,0,-1,-1,1,2,1,2,1,-1,-1,-2,1,Right,8.423599999964237
20,R_2YLMsaYyl8kHR8l,2,f,1,1,11585.699999988079,Build southern border wall,Defund the police,-1,-1,3,6,1,1.7790801135474952,-2,3,1,-0.899105003620777,-3,2,-5,5,3,5,3,-5,5,5,3,0,Left,11.58569999998808
20,R_2YLMsaYyl8kHR8l,3,f,1,1,6147.599999964237,Bathrooms restricted based on biological sex,Black Lives Matter,1,-1,1,6,1,0.7078060666801863,-3,6,1,-1.4347420270544315,1,3,-2,4,0,2,0,-2,2,4,0,0,Left,6.147599999964237
20,R_2YLMsaYyl8kHR8l,4,f,1,1,13680.5,Mandatory drug tests for welfare recipients,Mandatory vaccinations,-1,-1,3,6,1,1.7790801135474952,-3,8,1,-1.4347420270544315,-3,3,-6,6,-2,6,2,-6,6,6,-2,0,Left,13.6805
20,R_2YLMsaYyl8kHR8l,5,j,2,0,3376.2000000476837,Gun-free campus police,Black Lives Matter,1,1,-2,6,1,-0.899105003620777,-3,6,1,-1.4347420270544315,-2,-3,-1,-1,0,1,0,1,-1,1,0,1,Right,3.3762000000476835
20,R_2YLMsaYyl8kHR8l,6,j,2,0,1714.8999999761581,Mandatory vaccinations,Defund the police,-1,1,-3,8,1,-1.4347420270544315,-2,3,1,-0.899105003620777,3,-2,-5,1,-5,5,5,5,-5,-1,5,1,Right,1.714899999976158
20,R_2YLMsaYyl8kHR8l,7,j,2,0,1935.300000011921,Physician-assisted suicide,Black Lives Matter,-1,-1,0,4,1,0.1721690432465319,-3,6,1,-1.4347420270544315,-0,3,3,-3,2,3,2,-3,3,3,-2,1,Right,1.935300000011921
20,R_2YLMsaYyl8kHR8l,8,f,1,1,2456.399999976158,Increased Gun regulations,War on Drugs,1,-1,-2,4,1,-0.899105003620777,1,6,1,0.7078060666801863,-2,-1,-1,-3,-2,1,2,-1,1,-3,-2,0,Left,2.456399999976158
20,R_2YLMsaYyl8kHR8l,9,f,1,1,12943.399999976158,Remove Christopher Columbus statues,Mandatory drug tests for welfare recipients,1,-1,-2,6,1,-0.899105003620777,3,6,1,1.7790801135474952,-2,-3,1,-5,0,1,0,1,-1,-5,0,0,Left,12.943399999976158
20,R_2YLMsaYyl8kHR8l,10,f,1,1,4190.899999976158,Defund the police,Increased Gun regulations,-1,1,-2,3,1,-0.899105003620777,-2,4,1,-0.899105003620777,2,-2,4,0,-1,4,1,4,-4,0,-1,0,Left,4.190899999976158
20,R_2YLMsaYyl8kHR8l,11,f,1,1,13170.199999988079,Build southern border wall,Mask mandates,1,-1,3,6,1,1.7790801135474952,-2,6,1,-0.899105003620777,3,2,1,5,0,1,0,1,-1,5,0,0,Left,13.170199999988078
20,R_2YLMsaYyl8kHR8l,12,f,1,1,5985.699999988079,Bathrooms restricted based on biological sex,Legalization of marijuana,1,-1,1,6,1,0.7078060666801863,-2,6,1,-0.899105003620777,1,2,-1,3,0,1,0,-1,1,3,0,0,Left,5.985699999988079
20,R_2YLMsaYyl8kHR8l,13,j,2,0,5978.699999988079,Cuts to National Parks budget,Mask mandates,1,1,0,4,1,0.1721690432465319,-2,6,1,-0.899105003620777,0,-2,-2,-2,2,2,2,2,-2,2,-2,1,Right,5.978699999988079
20,R_2YLMsaYyl8kHR8l,14,j,2,0,2896.699999988079,Increased Gun regulations,Black Lives Matter,-1,1,-2,4,1,-0.899105003620777,-3,6,1,-1.4347420270544315,2,-3,-5,-1,2,5,2,5,-5,1,-2,1,Right,2.896699999988079
20,R_2YLMsaYyl8kHR8l,15,j,2,0,8843.199999988079,Defund the police,Defund the police,1,-1,-2,3,1,-0.899105003620777,-2,3,1,-0.899105003620777,-2,2,4,0,0,4,0,-4,4,0,0,1,Right,8.843199999988078
20,R_2YLMsaYyl8kHR8l,16,j,2,0,11694.300000011921,Black Lives Matter,Defund the police,1,1,-3,6,1,-1.4347420270544315,-2,3,1,-0.899105003620777,-3,-2,1,1,-3,1,3,-1,1,-1,3,1,Right,11.694300000011921
20,R_2YLMsaYyl8kHR8l,17,f,1,1,4714.5,Mandatory vaccinations,Defund the police,-1,-1,-3,8,1,-1.4347420270544315,-2,3,1,-0.899105003620777,3,2,1,-1,5,1,5,1,-1,-1,5,0,Left,4.7145
20,R_2YLMsaYyl8kHR8l,18,f,1,1,5524.099999964237,Defund the police,Increased Gun regulations,-1,-1,-2,3,1,-0.899105003620777,-2,4,1,-0.899105003620777,2,2,0,0,-1,0,1,0,0,0,-1,0,Left,5.524099999964237
20,R_2YLMsaYyl8kHR8l,19,j,2,0,6061,Mandatory vaccinations,Defund the police,1,1,-3,8,1,-1.4347420270544315,-2,3,1,-0.899105003620777,-3,-2,1,1,-5,1,5,-1,1,-1,5,1,Right,6.061
20,R_2YLMsaYyl8kHR8l,20,j,2,0,2053.899999976158,Increased Gun regulations,"Boycott, Divest, and Sanction Israel",1,1,-2,4,1,-0.899105003620777,0,4,1,0.1721690432465319,-2,0,2,2,0,2,0,-2,2,-2,0,1,Right,2.0538999999761582
20,R_2YLMsaYyl8kHR8l,21,f,1,1,13000.900000035763,Lift COVID lockdowns,Defund the police,-1,1,3,6,1,1.7790801135474952,-2,3,1,-0.899105003620777,-3,-2,-1,5,3,1,3,-1,1,5,3,0,Left,13.000900000035763
20,R_2YLMsaYyl8kHR8l,22,f,1,1,6843.199999988079,Increased Gun regulations,Build southern border wall,1,-1,-2,4,1,-0.899105003620777,3,6,1,1.7790801135474952,-2,-3,1,-5,-2,1,2,1,-1,-5,-2,0,Left,6.843199999988079
20,R_2YLMsaYyl8kHR8l,23,j,2,0,2095.300000011921,Defund the police,Increased Gun regulations,1,-1,-2,3,1,-0.899105003620777,-2,4,1,-0.899105003620777,-2,2,4,0,1,4,1,-4,4,0,-1,1,Right,2.095300000011921
20,R_2YLMsaYyl8kHR8l,24,j,2,0,3144.800000011921,Increased Gun regulations,Mandatory drug tests for welfare recipients,-1,1,-2,4,1,-0.899105003620777,3,6,1,1.7790801135474952,2,3,1,5,2,1,2,-1,1,-5,-2,1,Right,3.1448000000119207
20,R_2YLMsaYyl8kHR8l,25,f,1,1,1745.5,Build southern border wall,Legalization of marijuana,1,1,3,6,1,1.7790801135474952,-2,6,1,-0.899105003620777,3,-2,5,5,0,5,0,5,-5,5,0,0,Left,1.7455
20,R_2YLMsaYyl8kHR8l,26,f,1,1,7232.600000023842,Mandatory vaccinations,Lift COVID lockdowns,-1,1,-3,8,1,-1.4347420270544315,3,6,1,1.7790801135474952,3,3,0,-6,2,0,2,0,0,-6,2,0,Left,7.232600000023842
20,R_2YLMsaYyl8kHR8l,27,f,1,1,1920.1000000238419,Mandatory vaccinations,Defund the police,1,-1,-3,8,1,-1.4347420270544315,-2,3,1,-0.899105003620777,-3,2,-5,-1,5,5,5,-5,5,-1,5,0,Left,1.920100000023842
20,R_2YLMsaYyl8kHR8l,28,f,1,1,5099.699999988079,"Boycott, Divest, and Sanction Israel",Mandatory vaccinations,-1,-1,0,4,1,0.1721690432465319,-3,8,1,-1.4347420270544315,-0,3,-3,3,-4,3,4,-3,3,3,-4,0,Left,5.099699999988079
20,R_2YLMsaYyl8kHR8l,29,j,2,0,2713.399999976158,Hardening schools/Arming teachers,Mandatory vaccinations,1,1,1,6,1,0.7078060666801863,-3,8,1,-1.4347420270544315,1,-3,-4,-4,2,4,2,4,-4,4,-2,1,Right,2.713399999976158
20,R_2YLMsaYyl8kHR8l,30,j,2,0,3186,War on Drugs,Black Lives Matter,-1,1,1,6,1,0.7078060666801863,-3,6,1,-1.4347420270544315,-1,-3,-2,-4,0,2,0,2,-2,4,0,1,Right,3.186
20,R_2YLMsaYyl8kHR8l,31,f,1,1,2967.699999988079,Black Lives Matter,Defund the police,-1,-1,-3,6,1,-1.4347420270544315,-2,3,1,-0.899105003620777,3,2,1,-1,3,1,3,1,-1,-1,3,0,Left,2.967699999988079
20,R_2YLMsaYyl8kHR8l,32,f,1,1,5935,Lift COVID lockdowns,Lift COVID lockdowns,1,-1,3,6,1,1.7790801135474952,3,6,1,1.7790801135474952,3,-3,6,0,0,6,0,6,-6,0,0,0,Left,5.935
20,R_2YLMsaYyl8kHR8l,33,j,2,0,3525.699999988079,Mandatory drug tests for welfare recipients,Defund the police,-1,-1,3,6,1,1.7790801135474952,-2,3,1,-0.899105003620777,-3,2,5,-5,-3,5,3,-5,5,5,3,1,Right,3.525699999988079
20,R_2YLMsaYyl8kHR8l,34,j,2,0,3743.099999964237,Hardening schools/Arming teachers,Mandatory vaccinations,-1,1,1,6,1,0.7078060666801863,-3,8,1,-1.4347420270544315,-1,-3,-2,-4,2,2,2,2,-2,4,-2,1,Right,3.743099999964237
20,R_2YLMsaYyl8kHR8l,35,f,1,1,5055,Mandatory drug tests for welfare recipients,Bathrooms restricted based on biological sex,1,-1,3,6,1,1.7790801135474952,1,6,1,0.7078060666801863,3,-1,4,2,0,4,0,4,-4,2,0,0,Left,5.055
20,R_2YLMsaYyl8kHR8l,36,j,2,0,4600,Defund the police,Raise the minimum wage,-1,1,-2,3,1,-0.899105003620777,-2,6,1,-0.899105003620777,2,-2,-4,0,3,4,3,4,-4,0,-3,1,Right,4.6
20,R_2YLMsaYyl8kHR8l,37,f,1,1,2958.100000023842,Defund the police,Legalization of marijuana,1,-1,-2,3,1,-0.899105003620777,-2,6,1,-0.899105003620777,-2,2,-4,0,-3,4,3,-4,4,0,-3,0,Left,2.9581000000238418
20,R_2YLMsaYyl8kHR8l,38,f,1,1,5520.600000023842,Mandatory vaccinations,War on Drugs,-1,1,-3,8,1,-1.4347420270544315,1,6,1,0.7078060666801863,3,1,2,-4,2,2,2,2,-2,-4,2,0,Left,5.520600000023842
20,R_2YLMsaYyl8kHR8l,39,f,1,1,2256.400000035763,Mandatory vaccinations,Bathrooms restricted based on biological sex,-1,-1,-3,8,1,-1.4347420270544315,1,6,1,0.7078060666801863,3,-1,4,-4,2,4,2,4,-4,-4,2,0,Left,2.2564000000357627
20,R_2YLMsaYyl8kHR8l,40,f,1,1,4189,Increased Gun regulations,Lift COVID lockdowns,-1,-1,-2,4,1,-0.899105003620777,3,6,1,1.7790801135474952,2,-3,5,-5,-2,5,2,5,-5,-5,-2,0,Left,4.189
20,R_2YLMsaYyl8kHR8l,41,j,2,0,11393.199999988079,Hardening schools/Arming teachers,Ban on ethnic Halloween costumes,-1,-1,1,6,1,0.7078060666801863,-2,6,1,-0.899105003620777,-1,2,3,-3,0,3,0,-3,3,3,0,1,Right,11.393199999988079
20,R_2YLMsaYyl8kHR8l,42,f,1,1,2951,Build southern border wall,War on Drugs,-1,1,3,6,1,1.7790801135474952,1,6,1,0.7078060666801863,-3,1,-4,2,0,4,0,-4,4,2,0,0,Left,2.951
20,R_2YLMsaYyl8kHR8l,43,j,2,0,3200.699999988079,Mask mandates,Mandatory vaccinations,1,1,-2,6,1,-0.899105003620777,-3,8,1,-1.4347420270544315,-2,-3,-1,-1,2,1,2,1,-1,1,-2,1,Right,3.200699999988079
20,R_2YLMsaYyl8kHR8l,44,j,2,0,6417.100000023842,Physician-assisted suicide,Build southern border wall,-1,-1,0,4,1,0.1721690432465319,3,6,1,1.7790801135474952,-0,-3,-3,3,2,3,2,3,-3,-3,-2,1,Right,6.417100000023842
20,R_2YLMsaYyl8kHR8l,45,j,2,0,1002.7000000476837,Lift COVID lockdowns,Mandatory vaccinations,-1,1,3,6,1,1.7790801135474952,-3,8,1,-1.4347420270544315,-3,-3,0,-6,2,0,2,0,0,6,-2,1,Right,1.0027000000476838
20,R_2YLMsaYyl8kHR8l,46,j,2,0,2558.100000023842,Lift COVID lockdowns,Mandatory vaccinations,1,1,3,6,1,1.7790801135474952,-3,8,1,-1.4347420270544315,3,-3,-6,-6,2,6,2,6,-6,6,-2,1,Right,2.558100000023842
20,R_2YLMsaYyl8kHR8l,47,j,2,0,3686,Black Lives Matter,Increased Gun regulations,1,1,-3,6,1,-1.4347420270544315,-2,4,1,-0.899105003620777,-3,-2,1,1,-2,1,2,-1,1,-1,2,1,Right,3.686
20,R_2YLMsaYyl8kHR8l,48,f,1,1,9970.399999976158,Mandatory vaccinations,Mandatory vaccinations,-1,1,-3,8,1,-1.4347420270544315,-3,8,1,-1.4347420270544315,3,-3,6,0,0,6,0,6,-6,0,0,0,Left,9.970399999976157
20,R_2YLMsaYyl8kHR8l,49,j,2,0,7479.899999976158,Mandatory drug tests for welfare recipients,Abolishing fraternities,1,-1,3,6,1,1.7790801135474952,0,4,1,0.1721690432465319,3,-0,-3,-3,-2,3,2,3,-3,3,2,1,Right,7.479899999976158
20,R_2YLMsaYyl8kHR8l,50,j,2,0,2415.900000035763,Increased Gun regulations,Mandatory vaccinations,-1,1,-2,4,1,-0.899105003620777,-3,8,1,-1.4347420270544315,2,-3,-5,-1,4,5,4,5,-5,1,-4,1,Right,2.4159000000357627
20,R_2YLMsaYyl8kHR8l,51,j,2,0,3906.100000023842,Bathrooms restricted based on biological sex,Black Lives Matter,-1,-1,1,6,1,0.7078060666801863,-3,6,1,-1.4347420270544315,-1,3,4,-4,0,4,0,-4,4,4,0,1,Right,3.9061000000238417
20,R_2YLMsaYyl8kHR8l,52,f,1,1,2541.400000035763,Black Lives Matter,Defund the police,-1,1,-3,6,1,-1.4347420270544315,-2,3,1,-0.899105003620777,3,-2,5,-1,3,5,3,5,-5,-1,3,0,Left,2.541400000035763
20,R_2YLMsaYyl8kHR8l,53,j,2,0,6579.199999988079,Increased Gun regulations,Build southern border wall,-1,1,-2,4,1,-0.899105003620777,3,6,1,1.7790801135474952,2,3,1,5,2,1,2,-1,1,-5,-2,1,Right,6.579199999988079
20,R_2YLMsaYyl8kHR8l,54,f,1,1,1551.4000000357628,Black Lives Matter,Mandatory vaccinations,-1,1,-3,6,1,-1.4347420270544315,-3,8,1,-1.4347420270544315,3,-3,6,0,-2,6,2,6,-6,0,-2,0,Left,1.5514000000357628
20,R_2YLMsaYyl8kHR8l,55,f,1,1,4480.300000011921,Increased Gun regulations,Mandatory vaccinations,-1,-1,-2,4,1,-0.899105003620777,-3,8,1,-1.4347420270544315,2,3,-1,1,-4,1,4,-1,1,1,-4,0,Left,4.480300000011921
20,R_2YLMsaYyl8kHR8l,56,f,1,1,5187.599999964237,Lift COVID lockdowns,War on Drugs,-1,1,3,6,1,1.7790801135474952,1,6,1,0.7078060666801863,-3,1,-4,2,0,4,0,-4,4,2,0,0,Left,5.187599999964237
20,R_2YLMsaYyl8kHR8l,57,j,2,0,3404.199999988079,Gun-free campus police,Defund the police,-1,-1,-2,6,1,-0.899105003620777,-2,3,1,-0.899105003620777,2,2,0,0,-3,0,3,0,0,0,3,1,Right,3.404199999988079
20,R_2YLMsaYyl8kHR8l,58,f,1,1,3868.699999988079,Remove public Confederate memorials,Mandatory vaccinations,-1,-1,-2,6,1,-0.899105003620777,-3,8,1,-1.4347420270544315,2,3,-1,1,-2,1,2,-1,1,1,-2,0,Left,3.868699999988079
20,R_2YLMsaYyl8kHR8l,59,f,1,1,2606.599999964237,Hardening schools/Arming teachers,Mandatory drug tests for welfare recipients,1,1,1,6,1,0.7078060666801863,3,6,1,1.7790801135474952,1,3,-2,-2,0,2,0,-2,2,-2,0,0,Left,2.6065999999642373
20,R_2YLMsaYyl8kHR8l,60,f,1,1,2408.2000000476837,Lift COVID lockdowns,Abortion rights,1,1,3,6,1,1.7790801135474952,-2,6,1,-0.899105003620777,3,-2,5,5,0,5,0,5,-5,5,0,0,Left,2.4082000000476835
20,R_2YLMsaYyl8kHR8l,61,j,2,0,4927.900000035763,Build southern border wall,Detention of migrant children,-1,-1,3,6,1,1.7790801135474952,1,6,1,0.7078060666801863,-3,-1,2,-2,0,2,0,-2,2,2,0,1,Right,4.927900000035763
20,R_2YLMsaYyl8kHR8l,62,f,1,1,6783.5,Increased Gun regulations,Build southern border wall,1,1,-2,4,1,-0.899105003620777,3,6,1,1.7790801135474952,-2,3,-5,-5,-2,5,2,-5,5,-5,-2,0,Left,6.7835
20,R_2YLMsaYyl8kHR8l,63,j,2,0,2033.8999999761581,Mandatory vaccinations,Increased Gun regulations,-1,1,-3,8,1,-1.4347420270544315,-2,4,1,-0.899105003620777,3,-2,-5,1,-4,5,4,5,-5,-1,4,1,Right,2.0338999999761582
20,R_2YLMsaYyl8kHR8l,64,f,1,1,3253.600000023842,Detention of migrant children,Bathrooms restricted based on biological sex,1,-1,1,6,1,0.7078060666801863,1,6,1,0.7078060666801863,1,-1,2,0,0,2,0,2,-2,0,0,0,Left,3.253600000023842
20,R_2YLMsaYyl8kHR8l,65,f,1,1,4229.199999988079,Mandatory vaccinations,Mandatory drug tests for welfare recipients,-1,-1,-3,8,1,-1.4347420270544315,3,6,1,1.7790801135474952,3,-3,6,-6,2,6,2,6,-6,-6,2,0,Left,4.229199999988079
20,R_2YLMsaYyl8kHR8l,66,j,2,0,4463.899999976158,Build southern border wall,Gun-free campus police,-1,-1,3,6,1,1.7790801135474952,-2,6,1,-0.899105003620777,-3,2,5,-5,0,5,0,-5,5,5,0,1,Right,4.463899999976158
20,R_2YLMsaYyl8kHR8l,67,f,1,1,2640,"Boycott, Divest, and Sanction Israel",Hardening schools/Arming teachers,-1,1,0,4,1,0.1721690432465319,1,6,1,0.7078060666801863,-0,1,-1,-1,-2,1,2,-1,1,-1,-2,0,Left,2.64
20,R_2YLMsaYyl8kHR8l,68,j,2,0,2375.300000011921,War on Drugs,Defund the police,-1,1,1,6,1,0.7078060666801863,-2,3,1,-0.899105003620777,-1,-2,-1,-3,-3,1,3,1,-1,3,3,1,Right,2.375300000011921
20,R_2YLMsaYyl8kHR8l,69,j,2,0,2233.5,Detention of migrant children,Defund the police,1,-1,1,6,1,0.7078060666801863,-2,3,1,-0.899105003620777,1,2,1,-3,-3,1,3,-1,1,3,3,1,Right,2.2335
20,R_2YLMsaYyl8kHR8l,70,f,1,1,3951.900000035763,Lift COVID lockdowns,Black Lives Matter,1,1,3,6,1,1.7790801135474952,-3,6,1,-1.4347420270544315,3,-3,6,6,0,6,0,6,-6,6,0,0,Left,3.9519000000357627
20,R_2YLMsaYyl8kHR8l,71,j,2,0,2710.199999988079,Black Lives Matter,Mandatory vaccinations,-1,-1,-3,6,1,-1.4347420270544315,-3,8,1,-1.4347420270544315,3,3,0,0,2,0,2,0,0,0,-2,1,Right,2.7101999999880793
20,R_2YLMsaYyl8kHR8l,72,f,1,1,4104.699999988079,Detention of migrant children,Abortion rights,1,1,1,6,1,0.7078060666801863,-2,6,1,-0.899105003620777,1,-2,3,3,0,3,0,3,-3,3,0,0,Left,4.104699999988079
20,R_2YLMsaYyl8kHR8l,73,f,1,1,2387.300000011921,Increased Gun regulations,"Boycott, Divest, and Sanction Israel",-1,1,-2,4,1,-0.899105003620777,0,4,1,0.1721690432465319,2,0,2,-2,0,2,0,2,-2,-2,0,0,Left,2.387300000011921
20,R_2YLMsaYyl8kHR8l,74,f,1,1,5818.100000023842,Black Lives Matter,Defund the police,-1,1,-3,6,1,-1.4347420270544315,-2,3,1,-0.899105003620777,3,-2,5,-1,3,5,3,5,-5,-1,3,0,Left,5.818100000023842
20,R_2YLMsaYyl8kHR8l,75,j,2,0,4545.600000023842,Detention of migrant children,Increased Gun regulations,-1,-1,1,6,1,0.7078060666801863,-2,4,1,-0.899105003620777,-1,2,3,-3,-2,3,2,-3,3,3,2,1,Right,4.545600000023842
20,R_2YLMsaYyl8kHR8l,76,j,2,0,2775.100000023842,Mandatory vaccinations,Increased Gun regulations,1,1,-3,8,1,-1.4347420270544315,-2,4,1,-0.899105003620777,-3,-2,1,1,-4,1,4,-1,1,-1,4,1,Right,2.775100000023842
20,R_2YLMsaYyl8kHR8l,77,j,2,0,2606.600000023842,Mandatory vaccinations,Raise the minimum wage,-1,1,-3,8,1,-1.4347420270544315,-2,6,1,-0.899105003620777,3,-2,-5,1,-2,5,2,5,-5,-1,2,1,Right,2.606600000023842
20,R_2YLMsaYyl8kHR8l,78,f,1,1,2996.300000011921,Ban on research with animals,Mandatory vaccinations,-1,1,0,4,1,0.1721690432465319,-3,8,1,-1.4347420270544315,-0,-3,3,3,-4,3,4,3,-3,3,-4,0,Left,2.996300000011921
20,R_2YLMsaYyl8kHR8l,79,j,2,0,5112.300000011921,Increased Gun regulations,Legalization of marijuana,1,-1,-2,4,1,-0.899105003620777,-2,6,1,-0.899105003620777,-2,2,4,0,2,4,2,-4,4,0,-2,1,Right,5.1123000000119205
20,R_2YLMsaYyl8kHR8l,80,j,2,0,1767.800000011921,Increased Gun regulations,Increased Gun regulations,-1,1,-2,4,1,-0.899105003620777,-2,4,1,-0.899105003620777,2,-2,-4,0,0,4,0,4,-4,0,0,1,Right,1.767800000011921
20,R_2YLMsaYyl8kHR8l,81,j,2,0,3766.099999964237,Defund the police,Gun-free campus police,1,1,-2,3,1,-0.899105003620777,-2,6,1,-0.899105003620777,-2,-2,0,0,3,0,3,0,0,0,-3,1,Right,3.7660999999642373
20,R_2YLMsaYyl8kHR8l,82,f,1,1,2722.199999988079,Raise the minimum wage,Increased Gun regulations,-1,-1,-2,6,1,-0.899105003620777,-2,4,1,-0.899105003620777,2,2,0,0,2,0,2,0,0,0,2,0,Left,2.7221999999880793
20,R_2YLMsaYyl8kHR8l,83,j,2,0,2245.899999976158,Defund the police,Ban on research with animals,1,-1,-2,3,1,-0.899105003620777,0,4,1,0.1721690432465319,-2,-0,2,2,1,2,1,-2,2,-2,-1,1,Right,2.245899999976158
20,R_2YLMsaYyl8kHR8l,84,f,1,1,3372.400000035763,Black Lives Matter,Gun-free campus police,-1,-1,-3,6,1,-1.4347420270544315,-2,6,1,-0.899105003620777,3,2,1,-1,0,1,0,1,-1,-1,0,0,Left,3.372400000035763
20,R_2YLMsaYyl8kHR8l,85,f,1,1,4561,Remove Christopher Columbus statues,Build southern border wall,-1,-1,-2,6,1,-0.899105003620777,3,6,1,1.7790801135474952,2,-3,5,-5,0,5,0,5,-5,-5,0,0,Left,4.561
20,R_2YLMsaYyl8kHR8l,86,j,2,0,3508,Increased Gun regulations,Detention of migrant children,-1,1,-2,4,1,-0.899105003620777,1,6,1,0.7078060666801863,2,1,-1,3,2,1,2,1,-1,-3,-2,1,Right,3.508
20,R_2YLMsaYyl8kHR8l,87,j,2,0,3595.600000023842,Defund the police,War on Drugs,1,1,-2,3,1,-0.899105003620777,1,6,1,0.7078060666801863,-2,1,3,3,3,3,3,-3,3,-3,-3,1,Right,3.595600000023842
20,R_2YLMsaYyl8kHR8l,88,f,1,1,4522,Defund the police,Abolishing fraternities,-1,-1,-2,3,1,-0.899105003620777,0,4,1,0.1721690432465319,2,-0,2,-2,-1,2,1,2,-2,-2,-1,0,Left,4.522
20,R_2YLMsaYyl8kHR8l,89,f,1,1,4205.900000035763,Legalization of marijuana,Cuts to National Parks budget,-1,1,-2,6,1,-0.899105003620777,0,4,1,0.1721690432465319,2,0,2,-2,2,2,2,2,-2,-2,2,0,Left,4.205900000035763
20,R_2YLMsaYyl8kHR8l,90,j,2,0,3926.199999988079,Gun-free campus police,Mask mandates,1,-1,-2,6,1,-0.899105003620777,-2,6,1,-0.899105003620777,-2,2,4,0,0,4,0,-4,4,0,0,1,Right,3.926199999988079
20,R_2YLMsaYyl8kHR8l,91,j,2,0,5488.699999988079,Increased Gun regulations,Hardening schools/Arming teachers,1,1,-2,4,1,-0.899105003620777,1,6,1,0.7078060666801863,-2,1,3,3,2,3,2,-3,3,-3,-2,1,Right,5.4886999999880794
20,R_2YLMsaYyl8kHR8l,92,j,2,0,5038.800000011921,Increased Gun regulations,Mask mandates,1,1,-2,4,1,-0.899105003620777,-2,6,1,-0.899105003620777,-2,-2,0,0,2,0,2,0,0,0,-2,1,Right,5.038800000011921
20,R_2YLMsaYyl8kHR8l,93,j,2,0,1241.800000011921,Increased Gun regulations,Defund the police,1,1,-2,4,1,-0.899105003620777,-2,3,1,-0.899105003620777,-2,-2,0,0,-1,0,1,0,0,0,1,1,Right,1.241800000011921
20,R_2YLMsaYyl8kHR8l,94,j,2,0,2076.699999988079,Increased Gun regulations,Mandatory drug tests for welfare recipients,1,1,-2,4,1,-0.899105003620777,3,6,1,1.7790801135474952,-2,3,5,5,2,5,2,-5,5,-5,-2,1,Right,2.076699999988079
20,R_2YLMsaYyl8kHR8l,95,j,2,0,3796,Detention of migrant children,Abortion rights,-1,1,1,6,1,0.7078060666801863,-2,6,1,-0.899105003620777,-1,-2,-1,-3,0,1,0,1,-1,3,0,1,Right,3.796
20,R_2YLMsaYyl8kHR8l,96,j,2,0,8713.900000035763,Lift COVID lockdowns,Mandatory vaccinations,-1,1,3,6,1,1.7790801135474952,-3,8,1,-1.4347420270544315,-3,-3,0,-6,2,0,2,0,0,6,-2,1,Right,8.713900000035762
20,R_2YLMsaYyl8kHR8l,97,j,2,0,4529.200000047684,Bathrooms restricted based on biological sex,Defund the police,-1,-1,1,6,1,0.7078060666801863,-2,3,1,-0.899105003620777,-1,2,3,-3,-3,3,3,-3,3,3,3,1,Right,4.529200000047684
20,R_2YLMsaYyl8kHR8l,98,j,2,0,2306.5,Gun-free campus police,Increased Gun regulations,1,-1,-2,6,1,-0.899105003620777,-2,4,1,-0.899105003620777,-2,2,4,0,-2,4,2,-4,4,0,2,1,Right,2.3065
20,R_2YLMsaYyl8kHR8l,99,j,2,0,7498.5,Remove public Confederate memorials,Mandatory vaccinations,-1,1,-2,6,1,-0.899105003620777,-3,8,1,-1.4347420270544315,2,-3,-5,-1,2,5,2,5,-5,1,-2,1,Right,7.4985
20,R_2YLMsaYyl8kHR8l,100,f,1,1,4546.699999988079,Build southern border wall,Defund the police,1,-1,3,6,1,1.7790801135474952,-2,3,1,-0.899105003620777,3,2,1,5,3,1,3,1,-1,5,3,0,Left,4.546699999988079
19,R_2Y3xhhEY8bXJ7tV,2,f,1,1,5795.200000047684,Gun-free campus police,Tuition increases,1,-1,3,7,4,0.7268282360195432,3,5,3,0.7268282360195432,3,-3,6,0,2,6,2,6,-6,0,2,0,Left,5.795200000047684
19,R_2Y3xhhEY8bXJ7tV,3,j,2,0,3363,Defund the police,War on Drugs,1,-1,2,3,3,-0.27688694705506356,3,7,4,0.7268282360195432,2,-3,-5,1,4,5,4,5,-5,-1,-4,1,Right,3.363
19,R_2Y3xhhEY8bXJ7tV,4,f,1,1,11167.399999976158,Remove public Confederate memorials,Lift COVID lockdowns,1,1,2,5,4,-0.27688694705506356,3,5,4,0.7268282360195432,2,3,-1,-1,0,1,0,-1,1,-1,0,0,Left,11.167399999976158
19,R_2Y3xhhEY8bXJ7tV,5,f,1,1,2210.5,Gun-free campus police,Hardening schools/Arming teachers,1,-1,3,7,4,0.7268282360195432,2,6,4,-0.27688694705506356,3,-2,5,1,1,5,1,5,-5,1,1,0,Left,2.2105
19,R_2Y3xhhEY8bXJ7tV,6,j,2,0,2473,Build southern border wall,Hardening schools/Arming teachers,1,-1,3,8,4,0.7268282360195432,2,6,4,-0.27688694705506356,3,-2,-5,-1,-2,5,2,5,-5,1,2,1,Right,2.473
19,R_2Y3xhhEY8bXJ7tV,7,j,2,0,2585.600000023842,Bathrooms restricted based on biological sex,Tuition increases,1,1,3,6,4,0.7268282360195432,3,5,3,0.7268282360195432,3,3,0,0,-1,0,1,0,0,0,1,1,Right,2.5856000000238417
19,R_2Y3xhhEY8bXJ7tV,8,f,1,1,2517.2999999523163,Black Lives Matter,Ban on research with animals,-1,-1,3,8,4,0.7268282360195432,1,6,4,-1.2806021301296704,-3,-1,-2,2,2,2,2,-2,2,2,2,0,Left,2.5172999999523165
19,R_2Y3xhhEY8bXJ7tV,9,f,1,1,9432.099999904633,Defund the police,University Campus should be a Sanctuary,-1,-1,2,3,3,-0.27688694705506356,3,7,4,0.7268282360195432,-2,-3,1,-1,-4,1,4,1,-1,-1,-4,0,Left,9.432099999904633
19,R_2Y3xhhEY8bXJ7tV,10,f,1,1,2969,Remove police from schools,Defund the police,-1,1,3,8,4,0.7268282360195432,2,3,3,-0.27688694705506356,-3,2,-5,1,5,5,5,-5,5,1,5,0,Left,2.969
19,R_2Y3xhhEY8bXJ7tV,11,f,1,1,4578.699999928474,Ban on research with animals,Mask mandates,1,1,1,6,4,-1.2806021301296704,3,8,4,0.7268282360195432,1,3,-2,-2,-2,2,2,-2,2,-2,-2,0,Left,4.5786999999284745
19,R_2Y3xhhEY8bXJ7tV,12,f,1,1,1926.0999999046326,Gun-free campus police,Bathrooms restricted based on biological sex,1,-1,3,7,4,0.7268282360195432,3,6,4,0.7268282360195432,3,-3,6,0,1,6,1,6,-6,0,1,0,Left,1.9260999999046327
19,R_2Y3xhhEY8bXJ7tV,13,f,1,1,622.2999999523163,Ban on research with animals,Lift COVID lockdowns,-1,-1,1,6,4,-1.2806021301296704,3,5,4,0.7268282360195432,-1,-3,2,-2,1,2,1,2,-2,-2,1,0,Left,0.6222999999523163
19,R_2Y3xhhEY8bXJ7tV,14,f,1,1,1574,Lift COVID lockdowns,Raise the minimum wage,1,-1,3,5,4,0.7268282360195432,-2,0,1,-4.291747679353491,3,2,1,5,5,1,5,1,-1,5,5,0,Left,1.574
19,R_2Y3xhhEY8bXJ7tV,15,f,1,1,2668.100000023842,University Campus should be a Sanctuary,Abolishing fraternities,1,-1,3,7,4,0.7268282360195432,2,7,4,-0.27688694705506356,3,-2,5,1,0,5,0,5,-5,1,0,0,Left,2.6681000000238417
19,R_2Y3xhhEY8bXJ7tV,16,f,1,1,1883.5999999046326,Black Lives Matter,Raise the minimum wage,1,1,3,8,4,0.7268282360195432,-2,0,1,-4.291747679353491,3,-2,5,5,8,5,8,5,-5,5,8,0,Left,1.8835999999046327
19,R_2Y3xhhEY8bXJ7tV,17,j,2,0,1270.5,Hardening schools/Arming teachers,War on Drugs,1,1,2,6,4,-0.27688694705506356,3,7,4,0.7268282360195432,2,3,1,1,1,1,1,-1,1,-1,-1,1,Right,1.2705
19,R_2Y3xhhEY8bXJ7tV,18,f,1,1,2171.7000000476837,Remove police from schools,War on Drugs,1,-1,3,8,4,0.7268282360195432,3,7,4,0.7268282360195432,3,-3,6,0,1,6,1,6,-6,0,1,0,Left,2.1717000000476836
19,R_2Y3xhhEY8bXJ7tV,19,f,1,1,1150.3999999761581,Tuition increases,Raise the minimum wage,1,1,3,5,3,0.7268282360195432,-2,0,1,-4.291747679353491,3,-2,5,5,5,5,5,5,-5,5,5,0,Left,1.150399999976158
19,R_2Y3xhhEY8bXJ7tV,20,f,1,1,2824.399999976158,Defund the police,Tuition increases,1,-1,2,3,3,-0.27688694705506356,3,5,3,0.7268282360195432,2,-3,5,-1,-2,5,2,5,-5,-1,-2,0,Left,2.824399999976158
19,R_2Y3xhhEY8bXJ7tV,21,f,1,1,1943.0999999046326,Hardening schools/Arming teachers,Tuition increases,-1,1,2,6,4,-0.27688694705506356,3,5,3,0.7268282360195432,-2,3,-5,-1,1,5,1,-5,5,-1,1,0,Left,1.9430999999046326
19,R_2Y3xhhEY8bXJ7tV,22,j,2,0,2715.5,Gun-free campus police,Ban on research with animals,-1,1,3,7,4,0.7268282360195432,1,6,4,-1.2806021301296704,-3,1,4,-2,-1,4,1,-4,4,2,1,1,Right,2.7155
19,R_2Y3xhhEY8bXJ7tV,23,j,2,0,2509,Mandatory drug tests for welfare recipients,Ban on research with animals,1,1,3,7,4,0.7268282360195432,1,6,4,-1.2806021301296704,3,1,-2,-2,-1,2,1,2,-2,2,1,1,Right,2.509
19,R_2Y3xhhEY8bXJ7tV,24,j,2,0,1369.2000000476837,Build southern border wall,Detention of migrant children,1,1,3,8,4,0.7268282360195432,2,6,4,-0.27688694705506356,3,2,-1,-1,-2,1,2,1,-1,1,2,1,Right,1.3692000000476836
19,R_2Y3xhhEY8bXJ7tV,25,j,2,0,2443.7999999523163,Raise the minimum wage,Remove police from schools,-1,1,-2,0,1,-4.291747679353491,3,8,4,0.7268282360195432,2,3,1,5,8,1,8,-1,1,-5,-8,1,Right,2.4437999999523163
19,R_2Y3xhhEY8bXJ7tV,26,f,1,1,2600.8000000715256,Bathrooms restricted based on biological sex,Student worker unionization,1,-1,3,6,4,0.7268282360195432,3,6,4,0.7268282360195432,3,-3,6,0,0,6,0,6,-6,0,0,0,Left,2.6008000000715255
19,R_2Y3xhhEY8bXJ7tV,27,f,1,1,5033.299999952316,Ban on research with animals,Gun-free campus police,-1,1,1,6,4,-1.2806021301296704,3,7,4,0.7268282360195432,-1,3,-4,-2,-1,4,1,-4,4,-2,-1,0,Left,5.033299999952316
19,R_2Y3xhhEY8bXJ7tV,28,j,2,0,6817.699999928474,Lift COVID lockdowns,Black Lives Matter,-1,-1,3,5,4,0.7268282360195432,3,8,4,0.7268282360195432,-3,-3,0,0,3,0,3,0,0,0,-3,1,Right,6.817699999928474
19,R_2Y3xhhEY8bXJ7tV,29,j,2,0,4237.699999928474,Black Lives Matter,Detention of migrant children,-1,-1,3,8,4,0.7268282360195432,2,6,4,-0.27688694705506356,-3,-2,1,-1,-2,1,2,-1,1,1,2,1,Right,4.237699999928474
19,R_2Y3xhhEY8bXJ7tV,30,j,2,0,2428.100000023842,Mask mandates,Raise the minimum wage,-1,1,3,8,4,0.7268282360195432,-2,0,1,-4.291747679353491,-3,-2,1,-5,-8,1,8,-1,1,5,8,1,Right,2.428100000023842
19,R_2Y3xhhEY8bXJ7tV,31,f,1,1,2039.1999999284744,University Campus should be a Sanctuary,Raise the minimum wage,-1,1,3,7,4,0.7268282360195432,-2,0,1,-4.291747679353491,-3,-2,-1,5,7,1,7,-1,1,5,7,0,Left,2.0391999999284742
19,R_2Y3xhhEY8bXJ7tV,32,j,2,0,2024.1000000238419,Mask mandates,Affirmative action,-1,1,3,8,4,0.7268282360195432,2,5,4,-0.27688694705506356,-3,2,5,-1,-3,5,3,-5,5,1,3,1,Right,2.024100000023842
19,R_2Y3xhhEY8bXJ7tV,33,j,2,0,2062.7000000476837,Lift COVID lockdowns,Ban on research with animals,-1,1,3,5,4,0.7268282360195432,1,6,4,-1.2806021301296704,-3,1,4,-2,1,4,1,-4,4,2,-1,1,Right,2.0627000000476836
19,R_2Y3xhhEY8bXJ7tV,34,j,2,0,2183.7000000476837,Defund the police,War on Drugs,-1,1,2,3,3,-0.27688694705506356,3,7,4,0.7268282360195432,-2,3,5,1,4,5,4,-5,5,-1,-4,1,Right,2.1837000000476836
19,R_2Y3xhhEY8bXJ7tV,35,f,1,1,1432.2999999523163,Student worker unionization,Lift COVID lockdowns,1,-1,3,6,4,0.7268282360195432,3,5,4,0.7268282360195432,3,-3,6,0,1,6,1,6,-6,0,1,0,Left,1.4322999999523163
19,R_2Y3xhhEY8bXJ7tV,36,f,1,1,2194.7000000476837,Gun-free campus police,Raise the minimum wage,1,-1,3,7,4,0.7268282360195432,-2,0,1,-4.291747679353491,3,2,1,5,7,1,7,1,-1,5,7,0,Left,2.1947000000476837
19,R_2Y3xhhEY8bXJ7tV,37,j,2,0,1539.6999999284744,Build southern border wall,Abolishing fraternities,-1,1,3,8,4,0.7268282360195432,2,7,4,-0.27688694705506356,-3,2,5,-1,-1,5,1,-5,5,1,1,1,Right,1.5396999999284744
19,R_2Y3xhhEY8bXJ7tV,38,j,2,0,2524.600000023842,Lift COVID lockdowns,Lift COVID lockdowns,-1,1,3,5,4,0.7268282360195432,3,5,4,0.7268282360195432,-3,3,6,0,0,6,0,-6,6,0,0,1,Right,2.5246000000238418
19,R_2Y3xhhEY8bXJ7tV,39,f,1,1,7737.399999976158,Mask mandates,Defund the police,1,-1,3,8,4,0.7268282360195432,2,3,3,-0.27688694705506356,3,-2,5,1,5,5,5,5,-5,1,5,0,Left,7.737399999976158
19,R_2Y3xhhEY8bXJ7tV,40,j,2,0,14130.399999976158,Remove public Confederate memorials,Mask mandates,1,1,2,5,4,-0.27688694705506356,3,8,4,0.7268282360195432,2,3,1,1,3,1,3,-1,1,-1,-3,1,Right,14.130399999976158
19,R_2Y3xhhEY8bXJ7tV,41,f,1,1,1527.1000000238419,University Campus should be a Sanctuary,Black Lives Matter,1,-1,3,7,4,0.7268282360195432,3,8,4,0.7268282360195432,3,-3,6,0,-1,6,1,6,-6,0,-1,0,Left,1.527100000023842
19,R_2Y3xhhEY8bXJ7tV,42,f,1,1,2604.100000023842,Gun-free campus police,On campus concealed carry,1,1,3,7,4,0.7268282360195432,2,5,3,-0.27688694705506356,3,2,1,1,2,1,2,1,-1,1,2,0,Left,2.6041000000238417
19,R_2Y3xhhEY8bXJ7tV,43,f,1,1,3118.4000000953674,Mask mandates,University Campus should be a Sanctuary,-1,-1,3,8,4,0.7268282360195432,3,7,4,0.7268282360195432,-3,-3,0,0,1,0,1,0,0,0,1,0,Left,3.1184000000953676
19,R_2Y3xhhEY8bXJ7tV,44,j,2,0,3874.899999976158,Tuition increases,Ban on research with animals,1,1,3,5,3,0.7268282360195432,1,6,4,-1.2806021301296704,3,1,-2,-2,1,2,1,2,-2,2,-1,1,Right,3.874899999976158
19,R_2Y3xhhEY8bXJ7tV,45,j,2,0,5905.599999904633,Lift COVID lockdowns,Increased Gun regulations,1,1,3,5,4,0.7268282360195432,3,7,4,0.7268282360195432,3,3,0,0,2,0,2,0,0,0,-2,1,Right,5.9055999999046325
19,R_2Y3xhhEY8bXJ7tV,46,f,1,1,3013.2999999523163,Raise the minimum wage,Mandatory drug tests for welfare recipients,-1,-1,-2,0,1,-4.291747679353491,3,7,4,0.7268282360195432,2,-3,5,-5,-7,5,7,5,-5,-5,-7,0,Left,3.0132999999523165
19,R_2Y3xhhEY8bXJ7tV,47,j,2,0,2496.2000000476837,Lift COVID lockdowns,Ban on research with animals,1,-1,3,5,4,0.7268282360195432,1,6,4,-1.2806021301296704,3,-1,-4,-2,1,4,1,4,-4,2,-1,1,Right,2.4962000000476836
19,R_2Y3xhhEY8bXJ7tV,48,j,2,0,4786.899999976158,Cuts to National Parks budget,Remove police from schools,-1,1,2,5,4,-0.27688694705506356,3,8,4,0.7268282360195432,-2,3,5,1,3,5,3,-5,5,-1,-3,1,Right,4.786899999976158
19,R_2Y3xhhEY8bXJ7tV,49,f,1,1,3628.7000000476837,Raise the minimum wage,Lift COVID lockdowns,1,-1,-2,0,1,-4.291747679353491,3,5,4,0.7268282360195432,-2,-3,1,-5,-5,1,5,1,-1,-5,-5,0,Left,3.628700000047684
19,R_2Y3xhhEY8bXJ7tV,50,f,1,1,2876.399999976158,Mask mandates,Remove police from schools,1,-1,3,8,4,0.7268282360195432,3,8,4,0.7268282360195432,3,-3,6,0,0,6,0,6,-6,0,0,0,Left,2.876399999976158
19,R_2Y3xhhEY8bXJ7tV,51,f,1,1,2496,Build southern border wall,Religious exemptions for discrimination laws,-1,-1,3,8,4,0.7268282360195432,2,5,4,-0.27688694705506356,-3,-2,-1,1,3,1,3,-1,1,1,3,0,Left,2.496
19,R_2Y3xhhEY8bXJ7tV,52,f,1,1,3440,Tuition increases,Remove police from schools,-1,1,3,5,3,0.7268282360195432,3,8,4,0.7268282360195432,-3,3,-6,0,-3,6,3,-6,6,0,-3,0,Left,3.44
19,R_2Y3xhhEY8bXJ7tV,53,j,2,0,2763.899999976158,Tuition increases,Mask mandates,1,-1,3,5,3,0.7268282360195432,3,8,4,0.7268282360195432,3,-3,-6,0,3,6,3,6,-6,0,-3,1,Right,2.763899999976158
19,R_2Y3xhhEY8bXJ7tV,54,j,2,0,2741.1999999284744,Abolishing fraternities,Increased Gun regulations,1,1,2,7,4,-0.27688694705506356,3,7,4,0.7268282360195432,2,3,1,1,0,1,0,-1,1,-1,0,1,Right,2.7411999999284746
19,R_2Y3xhhEY8bXJ7tV,55,f,1,1,4094.5,Remove police from schools,Student worker unionization,1,-1,3,8,4,0.7268282360195432,3,6,4,0.7268282360195432,3,-3,6,0,2,6,2,6,-6,0,2,0,Left,4.0945
19,R_2Y3xhhEY8bXJ7tV,56,j,2,0,4805.100000023842,Student worker unionization,Mask mandates,1,1,3,6,4,0.7268282360195432,3,8,4,0.7268282360195432,3,3,0,0,2,0,2,0,0,0,-2,1,Right,4.805100000023842
19,R_2Y3xhhEY8bXJ7tV,57,j,2,0,2282.399999976158,On campus concealed carry,War on Drugs,1,-1,2,5,3,-0.27688694705506356,3,7,4,0.7268282360195432,2,-3,-5,1,2,5,2,5,-5,-1,-2,1,Right,2.282399999976158
19,R_2Y3xhhEY8bXJ7tV,58,j,2,0,6124.299999952316,Abolishing fraternities,Remove police from schools,1,1,2,7,4,-0.27688694705506356,3,8,4,0.7268282360195432,2,3,1,1,1,1,1,-1,1,-1,-1,1,Right,6.124299999952316
19,R_2Y3xhhEY8bXJ7tV,59,j,2,0,426,Tuition increases,Allow alt-right speakers on campus,-1,-1,3,5,3,0.7268282360195432,2,5,3,-0.27688694705506356,-3,-2,1,-1,0,1,0,-1,1,1,0,1,Right,0.426
19,R_2Y3xhhEY8bXJ7tV,60,j,2,0,3024.7000000476837,Ban on research with animals,Black Lives Matter,1,-1,1,6,4,-1.2806021301296704,3,8,4,0.7268282360195432,1,-3,-4,2,2,4,2,4,-4,-2,-2,1,Right,3.024700000047684
19,R_2Y3xhhEY8bXJ7tV,61,f,1,1,1546.2000000476837,Ban on ethnic Halloween costumes,Mandatory drug tests for welfare recipients,-1,1,2,5,4,-0.27688694705506356,3,7,4,0.7268282360195432,-2,3,-5,-1,-2,5,2,-5,5,-1,-2,0,Left,1.5462000000476837
19,R_2Y3xhhEY8bXJ7tV,63,f,1,1,4317.300000071526,Gun-free campus police,Bathrooms restricted based on biological sex,-1,-1,3,7,4,0.7268282360195432,3,6,4,0.7268282360195432,-3,-3,0,0,1,0,1,0,0,0,1,0,Left,4.317300000071525
19,R_2Y3xhhEY8bXJ7tV,64,f,1,1,1062.2000000476837,Gun-free campus police,Student worker unionization,-1,1,3,7,4,0.7268282360195432,3,6,4,0.7268282360195432,-3,3,-6,0,1,6,1,-6,6,0,1,0,Left,1.0622000000476837
19,R_2Y3xhhEY8bXJ7tV,65,j,2,0,8742.799999952316,Tuition increases,Student worker unionization,1,-1,3,5,3,0.7268282360195432,3,6,4,0.7268282360195432,3,-3,-6,0,1,6,1,6,-6,0,-1,1,Right,8.742799999952316
19,R_2Y3xhhEY8bXJ7tV,66,f,1,1,2925.7999999523163,Black Lives Matter,Student worker unionization,-1,1,3,8,4,0.7268282360195432,3,6,4,0.7268282360195432,-3,3,-6,0,2,6,2,-6,6,0,2,0,Left,2.925799999952316
19,R_2Y3xhhEY8bXJ7tV,67,f,1,1,3935.2999999523163,War on Drugs,Abolishing fraternities,-1,1,3,7,4,0.7268282360195432,2,7,4,-0.27688694705506356,-3,2,-5,1,0,5,0,-5,5,1,0,0,Left,3.935299999952316
19,R_2Y3xhhEY8bXJ7tV,68,f,1,1,2573.899999976158,War on Drugs,Detention of migrant children,-1,1,3,7,4,0.7268282360195432,2,6,4,-0.27688694705506356,-3,2,-5,1,1,5,1,-5,5,1,1,0,Left,2.5738999999761583
19,R_2Y3xhhEY8bXJ7tV,69,j,2,0,4129.399999976158,Lift COVID lockdowns,Gun-free campus police,-1,-1,3,5,4,0.7268282360195432,3,7,4,0.7268282360195432,-3,-3,0,0,2,0,2,0,0,0,-2,1,Right,4.129399999976158
19,R_2Y3xhhEY8bXJ7tV,70,j,2,0,5626.399999976158,Raise the minimum wage,War on Drugs,1,1,-2,0,1,-4.291747679353491,3,7,4,0.7268282360195432,-2,3,5,5,7,5,7,-5,5,-5,-7,1,Right,5.626399999976158
19,R_2Y3xhhEY8bXJ7tV,71,j,2,0,3138,Raise the minimum wage,Remove police from schools,-1,-1,-2,0,1,-4.291747679353491,3,8,4,0.7268282360195432,2,-3,-5,5,8,5,8,5,-5,-5,-8,1,Right,3.138
19,R_2Y3xhhEY8bXJ7tV,72,j,2,0,3658.399999976158,Abolishing fraternities,Lift COVID lockdowns,1,1,2,7,4,-0.27688694705506356,3,5,4,0.7268282360195432,2,3,1,1,-2,1,2,-1,1,-1,2,1,Right,3.658399999976158
19,R_2Y3xhhEY8bXJ7tV,73,f,1,1,3433,Defund the police,Tuition increases,1,1,2,3,3,-0.27688694705506356,3,5,3,0.7268282360195432,2,3,-1,-1,-2,1,2,-1,1,-1,-2,0,Left,3.433
19,R_2Y3xhhEY8bXJ7tV,74,j,2,0,2287.100000023842,Build southern border wall,Abolishing fraternities,-1,-1,3,8,4,0.7268282360195432,2,7,4,-0.27688694705506356,-3,-2,1,-1,-1,1,1,-1,1,1,1,1,Right,2.287100000023842
19,R_2Y3xhhEY8bXJ7tV,75,f,1,1,2241.7999999523163,Mask mandates,Bathrooms restricted based on biological sex,-1,-1,3,8,4,0.7268282360195432,3,6,4,0.7268282360195432,-3,-3,0,0,2,0,2,0,0,0,2,0,Left,2.2417999999523164
19,R_2Y3xhhEY8bXJ7tV,76,j,2,0,4477.100000023842,Lift COVID lockdowns,Detention of migrant children,-1,1,3,5,4,0.7268282360195432,2,6,4,-0.27688694705506356,-3,2,5,-1,1,5,1,-5,5,1,-1,1,Right,4.4771000000238415
19,R_2Y3xhhEY8bXJ7tV,77,j,2,0,4622.100000023842,Mandatory drug tests for welfare recipients,Mandatory drug tests for welfare recipients,1,-1,3,7,4,0.7268282360195432,3,7,4,0.7268282360195432,3,-3,-6,0,0,6,0,6,-6,0,0,1,Right,4.622100000023842
19,R_2Y3xhhEY8bXJ7tV,78,f,1,1,5517.399999976158,Raise the minimum wage,Tuition increases,-1,-1,-2,0,1,-4.291747679353491,3,5,3,0.7268282360195432,2,-3,5,-5,-5,5,5,5,-5,-5,-5,0,Left,5.517399999976158
19,R_2Y3xhhEY8bXJ7tV,79,j,2,0,2912.3000000715256,Abolishing fraternities,Lift COVID lockdowns,1,-1,2,7,4,-0.27688694705506356,3,5,4,0.7268282360195432,2,-3,-5,1,-2,5,2,5,-5,-1,2,1,Right,2.9123000000715256
19,R_2Y3xhhEY8bXJ7tV,80,f,1,1,3514.899999976158,Mask mandates,Abolishing fraternities,1,-1,3,8,4,0.7268282360195432,2,7,4,-0.27688694705506356,3,-2,5,1,1,5,1,5,-5,1,1,0,Left,3.514899999976158
19,R_2Y3xhhEY8bXJ7tV,81,j,2,0,3793.7000000476837,Lift COVID lockdowns,Defund the police,-1,-1,3,5,4,0.7268282360195432,2,3,3,-0.27688694705506356,-3,-2,1,-1,-2,1,2,-1,1,1,2,1,Right,3.793700000047684
19,R_2Y3xhhEY8bXJ7tV,82,f,1,1,1864.3000000715256,Gun-free campus police,Abolishing fraternities,-1,-1,3,7,4,0.7268282360195432,2,7,4,-0.27688694705506356,-3,-2,-1,1,0,1,0,-1,1,1,0,0,Left,1.8643000000715255
19,R_2Y3xhhEY8bXJ7tV,83,f,1,1,2892.2999999523163,Mask mandates,Ban on research with animals,1,-1,3,8,4,0.7268282360195432,1,6,4,-1.2806021301296704,3,-1,4,2,2,4,2,4,-4,2,2,0,Left,2.8922999999523165
19,R_2Y3xhhEY8bXJ7tV,84,j,2,0,4372,Defund the police,University Campus should be a Sanctuary,1,1,2,3,3,-0.27688694705506356,3,7,4,0.7268282360195432,2,3,1,1,4,1,4,-1,1,-1,-4,1,Right,4.372
19,R_2Y3xhhEY8bXJ7tV,85,j,2,0,3343.600000023842,Student worker unionization,Mandatory drug tests for welfare recipients,1,1,3,6,4,0.7268282360195432,3,7,4,0.7268282360195432,3,3,0,0,1,0,1,0,0,0,-1,1,Right,3.3436000000238417
19,R_2Y3xhhEY8bXJ7tV,86,f,1,1,5032.200000047684,Mandatory drug tests for welfare recipients,Ban on research with animals,-1,-1,3,7,4,0.7268282360195432,1,6,4,-1.2806021301296704,-3,-1,-2,2,1,2,1,-2,2,2,1,0,Left,5.032200000047684
19,R_2Y3xhhEY8bXJ7tV,87,f,1,1,5561.700000047684,Mask mandates,Defund the police,1,1,3,8,4,0.7268282360195432,2,3,3,-0.27688694705506356,3,2,1,1,5,1,5,1,-1,1,5,0,Left,5.561700000047684
19,R_2Y3xhhEY8bXJ7tV,88,j,2,0,5519.700000047684,Student worker unionization,Tuition increases,-1,-1,3,6,4,0.7268282360195432,3,5,3,0.7268282360195432,-3,-3,0,0,-1,0,1,0,0,0,1,1,Right,5.519700000047684
19,R_2Y3xhhEY8bXJ7tV,89,f,1,1,2650.600000023842,Mask mandates,Hardening schools/Arming teachers,-1,1,3,8,4,0.7268282360195432,2,6,4,-0.27688694705506356,-3,2,-5,1,2,5,2,-5,5,1,2,0,Left,2.6506000000238417
19,R_2Y3xhhEY8bXJ7tV,90,f,1,1,4190,Hardening schools/Arming teachers,University Campus should be a Sanctuary,-1,-1,2,6,4,-0.27688694705506356,3,7,4,0.7268282360195432,-2,-3,1,-1,-1,1,1,1,-1,-1,-1,0,Left,4.19
19,R_2Y3xhhEY8bXJ7tV,91,j,2,0,2588.6999999284744,Lift COVID lockdowns,Religious exemptions for discrimination laws,-1,1,3,5,4,0.7268282360195432,2,5,4,-0.27688694705506356,-3,2,5,-1,0,5,0,-5,5,1,0,1,Right,2.5886999999284743
19,R_2Y3xhhEY8bXJ7tV,92,j,2,0,5202.5,University Campus should be a Sanctuary,Mask mandates,1,1,3,7,4,0.7268282360195432,3,8,4,0.7268282360195432,3,3,0,0,1,0,1,0,0,0,-1,1,Right,5.2025
19,R_2Y3xhhEY8bXJ7tV,93,j,2,0,3490,Lift COVID lockdowns,Defund the police,1,-1,3,5,4,0.7268282360195432,2,3,3,-0.27688694705506356,3,-2,-5,-1,-2,5,2,5,-5,1,2,1,Right,3.49
19,R_2Y3xhhEY8bXJ7tV,94,f,1,1,3763.899999976158,Remove police from schools,Defund the police,-1,-1,3,8,4,0.7268282360195432,2,3,3,-0.27688694705506356,-3,-2,-1,1,5,1,5,-1,1,1,5,0,Left,3.763899999976158
19,R_2Y3xhhEY8bXJ7tV,95,f,1,1,558.8999999761581,Lift COVID lockdowns,Hardening schools/Arming teachers,1,1,3,5,4,0.7268282360195432,2,6,4,-0.27688694705506356,3,2,1,1,-1,1,1,1,-1,1,-1,0,Left,0.5588999999761581
19,R_2Y3xhhEY8bXJ7tV,96,f,1,1,5188.700000047684,Hardening schools/Arming teachers,Tuition increases,-1,-1,2,6,4,-0.27688694705506356,3,5,3,0.7268282360195432,-2,-3,1,-1,1,1,1,1,-1,-1,1,0,Left,5.1887000000476835
19,R_2Y3xhhEY8bXJ7tV,97,j,2,0,1951.9000000953674,Lift COVID lockdowns,University Campus should be a Sanctuary,1,-1,3,5,4,0.7268282360195432,3,7,4,0.7268282360195432,3,-3,-6,0,2,6,2,6,-6,0,-2,1,Right,1.9519000000953675
19,R_2Y3xhhEY8bXJ7tV,98,j,2,0,3029.8000000715256,Abolishing fraternities,Tuition increases,-1,-1,2,7,4,-0.27688694705506356,3,5,3,0.7268282360195432,-2,-3,-1,1,-2,1,2,1,-1,-1,2,1,Right,3.0298000000715257
19,R_2Y3xhhEY8bXJ7tV,99,f,1,1,5040.800000071526,Tuition increases,Remove police from schools,1,1,3,5,3,0.7268282360195432,3,8,4,0.7268282360195432,3,3,0,0,-3,0,3,0,0,0,-3,0,Left,5.040800000071526
19,R_2Y3xhhEY8bXJ7tV,100,f,1,1,417.39999997615814,Lift COVID lockdowns,Abolishing fraternities,1,-1,3,5,4,0.7268282360195432,2,7,4,-0.27688694705506356,3,-2,5,1,-2,5,2,5,-5,1,-2,0,Left,0.4173999999761581
26,R_3dF9DVlTfnEZYVi,1,f,1,1,37817,Tuition increases,Safe injection locations,-1,-1,1,6,3,0.2863528795078443,2,7,2,0.9817813011697523,-1,-2,1,-1,-1,1,1,1,-1,-1,-1,0,Left,37.817
26,R_3dF9DVlTfnEZYVi,2,j,2,0,16632,Mandatory vaccinations,Physician-assisted suicide,-1,-1,3,7,4,1.6772097228316603,-1,2,3,-1.1045039638159715,-3,1,4,-4,-5,4,5,-4,4,4,5,1,Right,16.632
26,R_3dF9DVlTfnEZYVi,3,f,1,1,12698,Safe injection locations,Mandatory trigger warnings,1,1,2,7,2,0.9817813011697523,1,2,2,0.2863528795078443,2,1,1,1,5,1,5,1,-1,1,5,0,Left,12.698
26,R_3dF9DVlTfnEZYVi,4,f,1,1,12338,Detention of migrant children,Remove public Confederate memorials,-1,-1,2,7,3,0.9817813011697523,-2,2,1,-1.7999323854778795,-2,2,-4,4,5,4,5,-4,4,4,5,0,Left,12.338
26,R_3dF9DVlTfnEZYVi,5,j,2,0,7188,Climate change legislation,Safe injection locations,1,-1,2,6,2,0.9817813011697523,2,7,2,0.9817813011697523,2,-2,-4,0,1,4,1,4,-4,0,-1,1,Right,7.188
26,R_3dF9DVlTfnEZYVi,6,f,1,1,8893,Mandatory vaccinations,Physician-assisted suicide,1,-1,3,7,4,1.6772097228316603,-1,2,3,-1.1045039638159715,3,1,2,4,5,2,5,2,-2,4,5,0,Left,8.893
26,R_3dF9DVlTfnEZYVi,7,j,2,0,6102,Defund Planned Parenthood,Safe injection locations,1,-1,0,3,1,-0.40907554215406355,2,7,2,0.9817813011697523,0,-2,-2,2,4,2,4,2,-2,-2,-4,1,Right,6.102
26,R_3dF9DVlTfnEZYVi,8,f,1,1,11977,Safe injection locations,U.S. drone strikes in Afghanistan,1,-1,2,7,2,0.9817813011697523,-1,4,1,-1.1045039638159715,2,1,1,3,3,1,3,1,-1,3,3,0,Left,11.977
26,R_3dF9DVlTfnEZYVi,9,j,2,0,7554,Remove public Confederate memorials,Raise the minimum wage,1,1,-2,2,1,-1.7999323854778795,3,7,3,1.6772097228316603,-2,3,5,5,5,5,5,-5,5,-5,-5,1,Right,7.554
26,R_3dF9DVlTfnEZYVi,10,f,1,1,7574,Raise the minimum wage,Student worker unionization,1,1,3,7,3,1.6772097228316603,-1,7,2,-1.1045039638159715,3,-1,4,4,0,4,0,4,-4,4,0,0,Left,7.574
26,R_3dF9DVlTfnEZYVi,11,j,2,0,12021,Detention of migrant children,Detention of migrant children,-1,1,2,7,3,0.9817813011697523,2,7,3,0.9817813011697523,-2,2,4,0,0,4,0,-4,4,0,0,1,Right,12.021
26,R_3dF9DVlTfnEZYVi,12,j,2,0,7748,Recognize Jerusalem as capital of Israel,Mandatory vaccinations,1,1,-2,5,2,-1.7999323854778795,3,7,4,1.6772097228316603,-2,3,5,5,2,5,2,-5,5,-5,-2,1,Right,7.748
26,R_3dF9DVlTfnEZYVi,13,f,1,1,11054,Raise the minimum wage,Abolishing private prisons,-1,1,3,7,3,1.6772097228316603,2,5,1,0.9817813011697523,-3,2,-5,1,2,5,2,-5,5,1,2,0,Left,11.054
26,R_3dF9DVlTfnEZYVi,14,f,1,1,7363,Detention of migrant children,Tuition increases,-1,1,2,7,3,0.9817813011697523,1,6,3,0.2863528795078443,-2,1,-3,1,1,3,1,-3,3,1,1,0,Left,7.363
26,R_3dF9DVlTfnEZYVi,15,f,1,1,7120,Raise the minimum wage,Cuts to National Parks budget,1,1,3,7,3,1.6772097228316603,1,4,3,0.2863528795078443,3,1,2,2,3,2,3,2,-2,2,3,0,Left,7.12
26,R_3dF9DVlTfnEZYVi,16,j,2,0,10224,Mandatory training on sexual consent,Safe injection locations,-1,1,2,4,3,0.9817813011697523,2,7,2,0.9817813011697523,-2,2,4,0,3,4,3,-4,4,0,-3,1,Right,10.224
26,R_3dF9DVlTfnEZYVi,17,f,1,1,5844,Mandatory vaccinations,Abortion rights,1,-1,3,7,4,1.6772097228316603,-1,3,2,-1.1045039638159715,3,1,2,4,4,2,4,2,-2,4,4,0,Left,5.844
26,R_3dF9DVlTfnEZYVi,18,f,1,1,4575,Mandatory vaccinations,Hardening schools/Arming teachers,1,1,3,7,4,1.6772097228316603,2,5,3,0.9817813011697523,3,2,1,1,2,1,2,1,-1,1,2,0,Left,4.575
26,R_3dF9DVlTfnEZYVi,19,f,1,1,7284,Raise the minimum wage,Physician-assisted suicide,-1,1,3,7,3,1.6772097228316603,-1,2,3,-1.1045039638159715,-3,-1,-2,4,5,2,5,-2,2,4,5,0,Left,7.284
26,R_3dF9DVlTfnEZYVi,20,j,2,0,3232,Student worker unionization,Detention of migrant children,1,1,-1,7,2,-1.1045039638159715,2,7,3,0.9817813011697523,-1,2,3,3,0,3,0,-3,3,-3,0,1,Right,3.232
26,R_3dF9DVlTfnEZYVi,21,j,2,0,3865,Student worker unionization,Safe injection locations,-1,1,-1,7,2,-1.1045039638159715,2,7,2,0.9817813011697523,1,2,1,3,0,1,0,-1,1,-3,0,1,Right,3.865
26,R_3dF9DVlTfnEZYVi,22,j,2,0,9098,Student worker unionization,Mandatory vaccinations,-1,-1,-1,7,2,-1.1045039638159715,3,7,4,1.6772097228316603,1,-3,-4,4,0,4,0,4,-4,-4,0,1,Right,9.098
26,R_3dF9DVlTfnEZYVi,23,j,2,0,5184,Ban on ethnic Halloween costumes,Raise the minimum wage,1,1,0,3,3,-0.40907554215406355,3,7,3,1.6772097228316603,0,3,3,3,4,3,4,-3,3,-3,-4,1,Right,5.184
26,R_3dF9DVlTfnEZYVi,24,j,2,0,4807,Mask mandates,Safe injection locations,-1,-1,1,3,3,0.2863528795078443,2,7,2,0.9817813011697523,-1,-2,-1,1,4,1,4,1,-1,-1,-4,1,Right,4.807
26,R_3dF9DVlTfnEZYVi,25,j,2,0,2044,Defund the police,Mandatory vaccinations,1,1,-2,3,2,-1.7999323854778795,3,7,4,1.6772097228316603,-2,3,5,5,4,5,4,-5,5,-5,-4,1,Right,2.044
26,R_3dF9DVlTfnEZYVi,26,f,1,1,6084,Mandatory drug tests for welfare recipients,Detention of migrant children,-1,-1,0,4,3,-0.40907554215406355,2,7,3,0.9817813011697523,-0,-2,2,-2,-3,2,3,2,-2,-2,-3,0,Left,6.084
26,R_3dF9DVlTfnEZYVi,27,j,2,0,3642,Tuition increases,Raise the minimum wage,1,1,1,6,3,0.2863528795078443,3,7,3,1.6772097228316603,1,3,2,2,1,2,1,-2,2,-2,-1,1,Right,3.642
26,R_3dF9DVlTfnEZYVi,28,f,1,1,3429,Raise the minimum wage,"Boycott, Divest, and Sanction Israel",1,-1,3,7,3,1.6772097228316603,0,1,3,-0.40907554215406355,3,-0,3,3,6,3,6,3,-3,3,6,0,Left,3.429
26,R_3dF9DVlTfnEZYVi,29,j,2,0,3951,Physician-assisted suicide,Detention of migrant children,1,-1,-1,2,3,-1.1045039638159715,2,7,3,0.9817813011697523,-1,-2,-1,3,5,1,5,1,-1,-3,-5,1,Right,3.951
26,R_3dF9DVlTfnEZYVi,30,f,1,1,4157,Mandatory vaccinations,Remove public Confederate memorials,-1,-1,3,7,4,1.6772097228316603,-2,2,1,-1.7999323854778795,-3,2,-5,5,5,5,5,-5,5,5,5,0,Left,4.157
26,R_3dF9DVlTfnEZYVi,31,j,2,0,3043,Defund the police,Detention of migrant children,1,1,-2,3,2,-1.7999323854778795,2,7,3,0.9817813011697523,-2,2,4,4,4,4,4,-4,4,-4,-4,1,Right,3.043
26,R_3dF9DVlTfnEZYVi,32,j,2,0,3098,Student worker unionization,Detention of migrant children,1,-1,-1,7,2,-1.1045039638159715,2,7,3,0.9817813011697523,-1,-2,-1,3,0,1,0,1,-1,-3,0,1,Right,3.098
26,R_3dF9DVlTfnEZYVi,33,j,2,0,1870,Mandatory trigger warnings,Raise the minimum wage,-1,1,1,2,2,0.2863528795078443,3,7,3,1.6772097228316603,-1,3,4,2,5,4,5,-4,4,-2,-5,1,Right,1.87
26,R_3dF9DVlTfnEZYVi,34,j,2,0,1960,Gun-free campus police,Mandatory vaccinations,1,-1,1,6,2,0.2863528795078443,3,7,4,1.6772097228316603,1,-3,-4,2,1,4,1,4,-4,-2,-1,1,Right,1.96
26,R_3dF9DVlTfnEZYVi,35,f,1,1,2165,Mandatory vaccinations,Remove police from schools,-1,-1,3,7,4,1.6772097228316603,2,3,1,0.9817813011697523,-3,-2,-1,1,4,1,4,-1,1,1,4,0,Left,2.165
26,R_3dF9DVlTfnEZYVi,36,j,2,0,2916,Detention of migrant children,Mandatory vaccinations,-1,1,2,7,3,0.9817813011697523,3,7,4,1.6772097228316603,-2,3,5,1,0,5,0,-5,5,-1,0,1,Right,2.916
26,R_3dF9DVlTfnEZYVi,37,j,2,0,2135,Gun-free campus police,Safe injection locations,-1,1,1,6,2,0.2863528795078443,2,7,2,0.9817813011697523,-1,2,3,1,1,3,1,-3,3,-1,-1,1,Right,2.135
26,R_3dF9DVlTfnEZYVi,38,f,1,1,2115,Raise the minimum wage,Student worker unionization,1,-1,3,7,3,1.6772097228316603,-1,7,2,-1.1045039638159715,3,1,2,4,0,2,0,2,-2,4,0,0,Left,2.115
26,R_3dF9DVlTfnEZYVi,39,f,1,1,3420,Raise the minimum wage,Remove police from schools,1,1,3,7,3,1.6772097228316603,2,3,1,0.9817813011697523,3,2,1,1,4,1,4,1,-1,1,4,0,Left,3.42
26,R_3dF9DVlTfnEZYVi,40,j,2,0,3877,Remove police from schools,Raise the minimum wage,1,-1,2,3,1,0.9817813011697523,3,7,3,1.6772097228316603,2,-3,-5,1,4,5,4,5,-5,-1,-4,1,Right,3.877
26,R_3dF9DVlTfnEZYVi,41,j,2,0,1933,Safe injection locations,Mandatory vaccinations,1,-1,2,7,2,0.9817813011697523,3,7,4,1.6772097228316603,2,-3,-5,1,0,5,0,5,-5,-1,0,1,Right,1.933
26,R_3dF9DVlTfnEZYVi,42,j,2,0,1886,Abortion rights,Mandatory vaccinations,-1,-1,-1,3,2,-1.1045039638159715,3,7,4,1.6772097228316603,1,-3,-4,4,4,4,4,4,-4,-4,-4,1,Right,1.886
26,R_3dF9DVlTfnEZYVi,43,f,1,1,1749,Mandatory vaccinations,Student worker unionization,-1,1,3,7,4,1.6772097228316603,-1,7,2,-1.1045039638159715,-3,-1,-2,4,0,2,0,-2,2,4,0,0,Left,1.749
26,R_3dF9DVlTfnEZYVi,44,f,1,1,2449,Mandatory vaccinations,Climate change legislation,-1,-1,3,7,4,1.6772097228316603,2,6,2,0.9817813011697523,-3,-2,-1,1,1,1,1,-1,1,1,1,0,Left,2.449
26,R_3dF9DVlTfnEZYVi,45,j,2,0,2223,Cuts to National Parks budget,Mandatory vaccinations,-1,1,1,4,3,0.2863528795078443,3,7,4,1.6772097228316603,-1,3,4,2,3,4,3,-4,4,-2,-3,1,Right,2.223
26,R_3dF9DVlTfnEZYVi,46,j,2,0,2117,Stop police brutality,Raise the minimum wage,-1,-1,2,4,2,0.9817813011697523,3,7,3,1.6772097228316603,-2,-3,-1,1,3,1,3,1,-1,-1,-3,1,Right,2.117
26,R_3dF9DVlTfnEZYVi,47,j,2,0,1827,Religious exemptions for discrimination laws,Raise the minimum wage,-1,-1,0,4,3,-0.40907554215406355,3,7,3,1.6772097228316603,-0,-3,-3,3,3,3,3,3,-3,-3,-3,1,Right,1.827
26,R_3dF9DVlTfnEZYVi,48,f,1,1,4253,Mandatory vaccinations,War on Drugs,-1,-1,3,7,4,1.6772097228316603,-1,4,2,-1.1045039638159715,-3,1,-4,4,3,4,3,-4,4,4,3,0,Left,4.253
26,R_3dF9DVlTfnEZYVi,49,f,1,1,5117,Detention of migrant children,Mask mandates,1,-1,2,7,3,0.9817813011697523,1,3,3,0.2863528795078443,2,-1,3,1,4,3,4,3,-3,1,4,0,Left,5.117
26,R_3dF9DVlTfnEZYVi,50,f,1,1,3138,Safe injection locations,Mandatory trigger warnings,-1,1,2,7,2,0.9817813011697523,1,2,2,0.2863528795078443,-2,1,-3,1,5,3,5,-3,3,1,5,0,Left,3.138
26,R_3dF9DVlTfnEZYVi,51,j,2,0,3831,Mask mandates,Safe injection locations,1,1,1,3,3,0.2863528795078443,2,7,2,0.9817813011697523,1,2,1,1,4,1,4,-1,1,-1,-4,1,Right,3.831
26,R_3dF9DVlTfnEZYVi,52,f,1,1,3334,Mandatory vaccinations,"Boycott, Divest, and Sanction Israel",-1,-1,3,7,4,1.6772097228316603,0,1,3,-0.40907554215406355,-3,-0,-3,3,6,3,6,-3,3,3,6,0,Left,3.334
26,R_3dF9DVlTfnEZYVi,53,f,1,1,2242,Mandatory vaccinations,Climate change legislation,-1,1,3,7,4,1.6772097228316603,2,6,2,0.9817813011697523,-3,2,-5,1,1,5,1,-5,5,1,1,0,Left,2.242
26,R_3dF9DVlTfnEZYVi,54,f,1,1,1775,Raise the minimum wage,Mask mandates,1,-1,3,7,3,1.6772097228316603,1,3,3,0.2863528795078443,3,-1,4,2,4,4,4,4,-4,2,4,0,Left,1.775
26,R_3dF9DVlTfnEZYVi,55,j,2,0,2304,Detention of migrant children,Remove Christopher Columbus statues,1,-1,2,7,3,0.9817813011697523,0,3,2,-0.40907554215406355,2,-0,-2,-2,-4,2,4,2,-2,2,4,1,Right,2.304
26,R_3dF9DVlTfnEZYVi,56,f,1,1,2914,Detention of migrant children,Defund the police,-1,-1,2,7,3,0.9817813011697523,-2,3,2,-1.7999323854778795,-2,2,-4,4,4,4,4,-4,4,4,4,0,Left,2.914
26,R_3dF9DVlTfnEZYVi,57,f,1,1,3724,Safe injection locations,Remove public Confederate memorials,1,1,2,7,2,0.9817813011697523,-2,2,1,-1.7999323854778795,2,-2,4,4,5,4,5,4,-4,4,5,0,Left,3.724
26,R_3dF9DVlTfnEZYVi,58,f,1,1,7140,Raise the minimum wage,Black Lives Matter,1,1,3,7,3,1.6772097228316603,0,4,2,-0.40907554215406355,3,0,3,3,3,3,3,3,-3,3,3,0,Left,7.14
26,R_3dF9DVlTfnEZYVi,59,f,1,1,2092,Detention of migrant children,War on Drugs,-1,-1,2,7,3,0.9817813011697523,-1,4,2,-1.1045039638159715,-2,1,-3,3,3,3,3,-3,3,3,3,0,Left,2.092
26,R_3dF9DVlTfnEZYVi,60,j,2,0,7466,Detention of migrant children,Abolishing private prisons,-1,-1,2,7,3,0.9817813011697523,2,5,1,0.9817813011697523,-2,-2,0,0,-2,0,2,0,0,0,2,1,Right,7.466
26,R_3dF9DVlTfnEZYVi,61,j,2,0,7587,Stop police brutality,Stop police brutality,1,-1,2,4,2,0.9817813011697523,2,4,2,0.9817813011697523,2,-2,-4,0,0,4,0,4,-4,0,0,1,Right,7.587
26,R_3dF9DVlTfnEZYVi,62,j,2,0,4158,Allow alt-right speakers on campus,Raise the minimum wage,-1,-1,2,2,2,0.9817813011697523,3,7,3,1.6772097228316603,-2,-3,-1,1,5,1,5,1,-1,-1,-5,1,Right,4.158
26,R_3dF9DVlTfnEZYVi,63,f,1,1,5714,Mandatory vaccinations,Safe injection locations,-1,-1,3,7,4,1.6772097228316603,2,7,2,0.9817813011697523,-3,-2,-1,1,0,1,0,-1,1,1,0,0,Left,5.714
26,R_3dF9DVlTfnEZYVi,64,f,1,1,4497,Safe injection locations,Defund the police,1,-1,2,7,2,0.9817813011697523,-2,3,2,-1.7999323854778795,2,2,0,4,4,0,4,0,0,4,4,0,Left,4.497
26,R_3dF9DVlTfnEZYVi,65,f,1,1,3569,Safe injection locations,Climate change legislation,1,1,2,7,2,0.9817813011697523,2,6,2,0.9817813011697523,2,2,0,0,1,0,1,0,0,0,1,0,Left,3.569
26,R_3dF9DVlTfnEZYVi,66,j,2,0,3142,Hardening schools/Arming teachers,Detention of migrant children,-1,1,2,5,3,0.9817813011697523,2,7,3,0.9817813011697523,-2,2,4,0,2,4,2,-4,4,0,-2,1,Right,3.142
26,R_3dF9DVlTfnEZYVi,67,j,2,0,4304,Remove public Confederate memorials,Detention of migrant children,-1,1,-2,2,1,-1.7999323854778795,2,7,3,0.9817813011697523,2,2,0,4,5,0,5,0,0,-4,-5,1,Right,4.304
26,R_3dF9DVlTfnEZYVi,68,j,2,0,3378,Remove public Confederate memorials,Safe injection locations,1,-1,-2,2,1,-1.7999323854778795,2,7,2,0.9817813011697523,-2,-2,0,4,5,0,5,0,0,-4,-5,1,Right,3.378
26,R_3dF9DVlTfnEZYVi,69,j,2,0,1927,Tuition increases,Raise the minimum wage,-1,1,1,6,3,0.2863528795078443,3,7,3,1.6772097228316603,-1,3,4,2,1,4,1,-4,4,-2,-1,1,Right,1.927
26,R_3dF9DVlTfnEZYVi,70,f,1,1,3087,Safe injection locations,Gun-free campus police,1,1,2,7,2,0.9817813011697523,1,6,2,0.2863528795078443,2,1,1,1,1,1,1,1,-1,1,1,0,Left,3.087
26,R_3dF9DVlTfnEZYVi,71,j,2,0,3348,Remove Christopher Columbus statues,Mandatory vaccinations,1,-1,0,3,2,-0.40907554215406355,3,7,4,1.6772097228316603,0,-3,-3,3,4,3,4,3,-3,-3,-4,1,Right,3.348
26,R_3dF9DVlTfnEZYVi,72,f,1,1,5320,Safe injection locations,Mask mandates,-1,1,2,7,2,0.9817813011697523,1,3,3,0.2863528795078443,-2,1,-3,1,4,3,4,-3,3,1,4,0,Left,5.32
26,R_3dF9DVlTfnEZYVi,73,f,1,1,1382,"Boycott, Divest, and Sanction Israel",Detention of migrant children,1,-1,0,1,3,-0.40907554215406355,2,7,3,0.9817813011697523,0,-2,2,-2,-6,2,6,2,-2,-2,-6,0,Left,1.382
26,R_3dF9DVlTfnEZYVi,74,j,2,0,9425,Ban on research with animals,Detention of migrant children,1,1,2,4,2,0.9817813011697523,2,7,3,0.9817813011697523,2,2,0,0,3,0,3,0,0,0,-3,1,Right,9.425
26,R_3dF9DVlTfnEZYVi,75,f,1,1,2639,Detention of migrant children,Climate change legislation,1,-1,2,7,3,0.9817813011697523,2,6,2,0.9817813011697523,2,-2,4,0,1,4,1,4,-4,0,1,0,Left,2.639
26,R_3dF9DVlTfnEZYVi,76,j,2,0,2059,Gun-free campus police,Mandatory vaccinations,-1,-1,1,6,2,0.2863528795078443,3,7,4,1.6772097228316603,-1,-3,-2,2,1,2,1,2,-2,-2,-1,1,Right,2.059
26,R_3dF9DVlTfnEZYVi,77,j,2,0,4584,Remove public Confederate memorials,Raise the minimum wage,-1,1,-2,2,1,-1.7999323854778795,3,7,3,1.6772097228316603,2,3,1,5,5,1,5,-1,1,-5,-5,1,Right,4.584
26,R_3dF9DVlTfnEZYVi,78,f,1,1,2210,Safe injection locations,Remove police from schools,-1,-1,2,7,2,0.9817813011697523,2,3,1,0.9817813011697523,-2,-2,0,0,4,0,4,0,0,0,4,0,Left,2.21
26,R_3dF9DVlTfnEZYVi,79,f,1,1,5163,Detention of migrant children,U.S. drone strikes in Afghanistan,1,1,2,7,3,0.9817813011697523,-1,4,1,-1.1045039638159715,2,-1,3,3,3,3,3,3,-3,3,3,0,Left,5.163
26,R_3dF9DVlTfnEZYVi,80,f,1,1,2300,Mandatory vaccinations,Ban on research with animals,-1,1,3,7,4,1.6772097228316603,2,4,2,0.9817813011697523,-3,2,-5,1,3,5,3,-5,5,1,3,0,Left,2.3
26,R_3dF9DVlTfnEZYVi,81,f,1,1,2428,Safe injection locations,Physician-assisted suicide,1,1,2,7,2,0.9817813011697523,-1,2,3,-1.1045039638159715,2,-1,3,3,5,3,5,3,-3,3,5,0,Left,2.428
26,R_3dF9DVlTfnEZYVi,82,f,1,1,2792,Mandatory vaccinations,Mandatory training on sexual consent,1,1,3,7,4,1.6772097228316603,2,4,3,0.9817813011697523,3,2,1,1,3,1,3,1,-1,1,3,0,Left,2.792
26,R_3dF9DVlTfnEZYVi,83,j,2,0,6068,Ban on research with animals,Safe injection locations,-1,-1,2,4,2,0.9817813011697523,2,7,2,0.9817813011697523,-2,-2,0,0,3,0,3,0,0,0,-3,1,Right,6.068
26,R_3dF9DVlTfnEZYVi,84,j,2,0,2642,Safe injection locations,Mandatory vaccinations,1,1,2,7,2,0.9817813011697523,3,7,4,1.6772097228316603,2,3,1,1,0,1,0,-1,1,-1,0,1,Right,2.642
26,R_3dF9DVlTfnEZYVi,85,j,2,0,3333,Mandatory training on sexual consent,Raise the minimum wage,-1,1,2,4,3,0.9817813011697523,3,7,3,1.6772097228316603,-2,3,5,1,3,5,3,-5,5,-1,-3,1,Right,3.333
26,R_3dF9DVlTfnEZYVi,86,j,2,0,5780,Defund the police,Stop police brutality,-1,1,-2,3,2,-1.7999323854778795,2,4,2,0.9817813011697523,2,2,0,4,1,0,1,0,0,-4,-1,1,Right,5.78
26,R_3dF9DVlTfnEZYVi,87,f,1,1,5014,Raise the minimum wage,Abolishing private prisons,-1,-1,3,7,3,1.6772097228316603,2,5,1,0.9817813011697523,-3,-2,-1,1,2,1,2,-1,1,1,2,0,Left,5.014
26,R_3dF9DVlTfnEZYVi,88,f,1,1,4591,Raise the minimum wage,Abortion rights,-1,1,3,7,3,1.6772097228316603,-1,3,2,-1.1045039638159715,-3,-1,-2,4,4,2,4,-2,2,4,4,0,Left,4.591
26,R_3dF9DVlTfnEZYVi,89,f,1,1,1832,Mandatory vaccinations,Raise the minimum wage,-1,1,3,7,4,1.6772097228316603,3,7,3,1.6772097228316603,-3,3,-6,0,0,6,0,-6,6,0,0,0,Left,1.832
26,R_3dF9DVlTfnEZYVi,90,f,1,1,4302,Safe injection locations,Abolishing private prisons,-1,1,2,7,2,0.9817813011697523,2,5,1,0.9817813011697523,-2,2,-4,0,2,4,2,-4,4,0,2,0,Left,4.302
26,R_3dF9DVlTfnEZYVi,91,f,1,1,3867,Detention of migrant children,Student worker unionization,-1,-1,2,7,3,0.9817813011697523,-1,7,2,-1.1045039638159715,-2,1,-3,3,0,3,0,-3,3,3,0,0,Left,3.867
26,R_3dF9DVlTfnEZYVi,92,f,1,1,2684,Mandatory vaccinations,Climate change legislation,1,1,3,7,4,1.6772097228316603,2,6,2,0.9817813011697523,3,2,1,1,1,1,1,1,-1,1,1,0,Left,2.684
26,R_3dF9DVlTfnEZYVi,93,j,2,0,5749,Black Lives Matter,Safe injection locations,1,1,0,4,2,-0.40907554215406355,2,7,2,0.9817813011697523,0,2,2,2,3,2,3,-2,2,-2,-3,1,Right,5.749
26,R_3dF9DVlTfnEZYVi,94,j,2,0,2976,Abolishing private prisons,Safe injection locations,1,1,2,5,1,0.9817813011697523,2,7,2,0.9817813011697523,2,2,0,0,2,0,2,0,0,0,-2,1,Right,2.976
26,R_3dF9DVlTfnEZYVi,95,j,2,0,3197,Climate change legislation,Detention of migrant children,-1,-1,2,6,2,0.9817813011697523,2,7,3,0.9817813011697523,-2,-2,0,0,1,0,1,0,0,0,-1,1,Right,3.197
26,R_3dF9DVlTfnEZYVi,96,f,1,1,3687,Raise the minimum wage,U.S. drone strikes in Afghanistan,-1,1,3,7,3,1.6772097228316603,-1,4,1,-1.1045039638159715,-3,-1,-2,4,3,2,3,-2,2,4,3,0,Left,3.687
26,R_3dF9DVlTfnEZYVi,97,f,1,1,2246,Mandatory vaccinations,Climate change legislation,1,-1,3,7,4,1.6772097228316603,2,6,2,0.9817813011697523,3,-2,5,1,1,5,1,5,-5,1,1,0,Left,2.246
26,R_3dF9DVlTfnEZYVi,98,f,1,1,3380,Detention of migrant children,"Boycott, Divest, and Sanction Israel",1,-1,2,7,3,0.9817813011697523,0,1,3,-0.40907554215406355,2,-0,2,2,6,2,6,2,-2,2,6,0,Left,3.38
26,R_3dF9DVlTfnEZYVi,99,f,1,1,4897,Detention of migrant children,Ban on research with animals,-1,1,2,7,3,0.9817813011697523,2,4,2,0.9817813011697523,-2,2,-4,0,3,4,3,-4,4,0,3,0,Left,4.897
26,R_3dF9DVlTfnEZYVi,100,j,2,0,3361,U.S. drone strikes in Afghanistan,Safe injection locations,1,-1,-1,4,1,-1.1045039638159715,2,7,2,0.9817813011697523,-1,-2,-1,3,3,1,3,1,-1,-3,-3,1,Right,3.361
39,R_s57TZFBr4uUPGh3,1,j,2,0,11291.5,Climate change legislation,Ban on research with animals,-1,-1,3,8,4,1.074544183924087,-1,5,4,-0.47634432895603857,-3,1,4,-4,-3,4,3,-4,4,4,3,1,Right,11.2915
39,R_s57TZFBr4uUPGh3,2,f,1,1,5083,Remove Christopher Columbus statues,Lift COVID lockdowns,1,1,-1,3,4,-0.47634432895603857,-3,6,4,-1.2517885853961013,-1,-3,2,2,-3,2,3,2,-2,2,-3,0,Left,5.083
39,R_s57TZFBr4uUPGh3,3,f,1,1,12213.600000023842,Gun-free campus police,Increased Gun regulations,-1,-1,2,5,4,0.6868220557040555,3,8,4,1.074544183924087,-2,-3,1,-1,-3,1,3,1,-1,-1,-3,0,Left,12.213600000023842
39,R_s57TZFBr4uUPGh3,4,f,1,1,3615.5,Safe injection locations,Mandatory vaccinations,-1,-1,3,5,4,1.074544183924087,3,8,4,1.074544183924087,-3,-3,0,0,-3,0,3,0,0,0,-3,0,Left,3.6155
39,R_s57TZFBr4uUPGh3,5,j,2,0,3408.100000023842,Lift COVID lockdowns,Dorms determined by gender identity,-1,1,-3,6,4,-1.2517885853961013,0,2,1,-0.0886222007360072,3,0,-3,3,-4,3,4,3,-3,-3,4,1,Right,3.408100000023842
39,R_s57TZFBr4uUPGh3,6,j,2,0,4022,Safe injection locations,Gun-free campus police,1,1,3,5,4,1.074544183924087,2,5,4,0.6868220557040555,3,2,-1,-1,0,1,0,1,-1,1,0,1,Right,4.022
39,R_s57TZFBr4uUPGh3,7,j,2,0,2249.2999999523163,Remove Christopher Columbus statues,Remove public Confederate memorials,1,1,-1,3,4,-0.47634432895603857,3,6,4,1.074544183924087,-1,3,4,4,3,4,3,-4,4,-4,-3,1,Right,2.249299999952316
39,R_s57TZFBr4uUPGh3,8,j,2,0,7051,Bathrooms restricted based on biological sex,U.S. drone strikes in Afghanistan,-1,-1,-3,8,4,-1.2517885853961013,-1,7,4,-0.47634432895603857,3,1,-2,2,-1,2,1,2,-2,-2,1,1,Right,7.051
39,R_s57TZFBr4uUPGh3,9,j,2,0,3068.5,Safe injection locations,Safe injection locations,-1,1,3,5,4,1.074544183924087,3,5,4,1.074544183924087,-3,3,6,0,0,6,0,-6,6,0,0,1,Right,3.0685
39,R_s57TZFBr4uUPGh3,10,j,2,0,8816,War on Drugs,Remove Christopher Columbus statues,1,-1,-3,8,4,-1.2517885853961013,-1,3,4,-0.47634432895603857,-3,1,4,2,-5,4,5,-4,4,-2,5,1,Right,8.816
39,R_s57TZFBr4uUPGh3,11,j,2,0,7770.700000047684,Mandatory trigger warnings,Lift COVID lockdowns,-1,-1,-2,4,4,-0.86406645717607,-3,6,4,-1.2517885853961013,2,3,1,-1,2,1,2,-1,1,1,-2,1,Right,7.770700000047683
39,R_s57TZFBr4uUPGh3,12,f,1,1,2504.7999999523163,Remove Christopher Columbus statues,Lift COVID lockdowns,-1,1,-1,3,4,-0.47634432895603857,-3,6,4,-1.2517885853961013,1,-3,4,2,-3,4,3,4,-4,2,-3,0,Left,2.5047999999523163
39,R_s57TZFBr4uUPGh3,13,j,2,0,3512.5,Lift COVID lockdowns,Ban on research with animals,-1,-1,-3,6,4,-1.2517885853961013,-1,5,4,-0.47634432895603857,3,1,-2,2,-1,2,1,2,-2,-2,1,1,Right,3.5125
39,R_s57TZFBr4uUPGh3,14,f,1,1,2241.100000023842,Affirmative action,Gun-free campus police,1,-1,3,8,4,1.074544183924087,2,5,4,0.6868220557040555,3,-2,5,1,3,5,3,5,-5,1,3,0,Left,2.2411000000238417
39,R_s57TZFBr4uUPGh3,15,j,2,0,2179,Mandatory trigger warnings,Safe injection locations,-1,1,-2,4,4,-0.86406645717607,3,5,4,1.074544183924087,2,3,1,5,1,1,1,-1,1,-5,-1,1,Right,2.179
39,R_s57TZFBr4uUPGh3,16,j,2,0,2799.7000000476837,Lift COVID lockdowns,Build southern border wall,1,-1,-3,6,4,-1.2517885853961013,-3,7,4,-1.2517885853961013,-3,3,6,0,1,6,1,-6,6,0,-1,1,Right,2.7997000000476837
39,R_s57TZFBr4uUPGh3,17,j,2,0,5303.799999952316,Ban on research with animals,Safe injection locations,-1,1,-1,5,4,-0.47634432895603857,3,5,4,1.074544183924087,1,3,2,4,0,2,0,-2,2,-4,0,1,Right,5.303799999952316
39,R_s57TZFBr4uUPGh3,18,j,2,0,3981.100000023842,Lift COVID lockdowns,Cuts to National Parks budget,1,1,-3,6,4,-1.2517885853961013,-3,4,4,-1.2517885853961013,-3,-3,0,0,-2,0,2,0,0,0,2,1,Right,3.981100000023842
39,R_s57TZFBr4uUPGh3,19,f,1,1,6816.399999976158,Build southern border wall,Mandatory training on sexual consent,-1,1,-3,7,4,-1.2517885853961013,3,8,4,1.074544183924087,3,3,0,-6,-1,0,1,0,0,-6,-1,0,Left,6.816399999976158
39,R_s57TZFBr4uUPGh3,20,f,1,1,2763.8000000715256,Remove public Confederate memorials,Raise the minimum wage,1,-1,3,6,4,1.074544183924087,3,8,4,1.074544183924087,3,-3,6,0,-2,6,2,6,-6,0,-2,0,Left,2.7638000000715257
39,R_s57TZFBr4uUPGh3,21,f,1,1,4225,Defund Planned Parenthood,Remove Christopher Columbus statues,-1,-1,-3,8,4,-1.2517885853961013,-1,3,4,-0.47634432895603857,3,1,2,-2,5,2,5,2,-2,-2,5,0,Left,4.225
39,R_s57TZFBr4uUPGh3,22,j,2,0,4111.399999976158,Build southern border wall,War on Drugs,1,1,-3,7,4,-1.2517885853961013,-3,8,4,-1.2517885853961013,-3,-3,0,0,1,0,1,0,0,0,-1,1,Right,4.111399999976158
39,R_s57TZFBr4uUPGh3,23,j,2,0,6256.600000023842,Lift COVID lockdowns,Build southern border wall,1,1,-3,6,4,-1.2517885853961013,-3,7,4,-1.2517885853961013,-3,-3,0,0,1,0,1,0,0,0,-1,1,Right,6.256600000023842
39,R_s57TZFBr4uUPGh3,24,j,2,0,2293.600000023842,Remove public Confederate memorials,Remove public Confederate memorials,-1,1,3,6,4,1.074544183924087,3,6,4,1.074544183924087,-3,3,6,0,0,6,0,-6,6,0,0,1,Right,2.293600000023842
39,R_s57TZFBr4uUPGh3,25,j,2,0,2384.7999999523163,Safe injection locations,Lift COVID lockdowns,1,-1,3,5,4,1.074544183924087,-3,6,4,-1.2517885853961013,3,3,0,-6,1,0,1,0,0,6,-1,1,Right,2.384799999952316
39,R_s57TZFBr4uUPGh3,26,j,2,0,2175.3000000715256,Safe injection locations,Detention of migrant children,-1,-1,3,5,4,1.074544183924087,-3,8,4,-1.2517885853961013,-3,3,6,-6,3,6,3,-6,6,6,-3,1,Right,2.1753000000715255
39,R_s57TZFBr4uUPGh3,27,f,1,1,2834,U.S. drone strikes in Afghanistan,Mask mandates,-1,-1,-1,7,4,-0.47634432895603857,3,8,4,1.074544183924087,1,-3,4,-4,-1,4,1,4,-4,-4,-1,0,Left,2.834
39,R_s57TZFBr4uUPGh3,28,j,2,0,4679.699999928474,Mandatory drug tests for welfare recipients,Ban on ethnic Halloween costumes,-1,1,-3,8,4,-1.2517885853961013,0,4,4,-0.0886222007360072,3,0,-3,3,-4,3,4,3,-3,-3,4,1,Right,4.6796999999284745
39,R_s57TZFBr4uUPGh3,29,f,1,1,2720,Physician-assisted suicide,Lift COVID lockdowns,1,1,1,5,4,0.2990999274840242,-3,6,4,-1.2517885853961013,1,-3,4,4,-1,4,1,4,-4,4,-1,0,Left,2.72
39,R_s57TZFBr4uUPGh3,30,f,1,1,2523.9000000953674,Build southern border wall,Raise the minimum wage,-1,-1,-3,7,4,-1.2517885853961013,3,8,4,1.074544183924087,3,-3,6,-6,-1,6,1,6,-6,-6,-1,0,Left,2.5239000000953675
39,R_s57TZFBr4uUPGh3,31,j,2,0,1991.7000000476837,Safe injection locations,Gun-free campus police,-1,1,3,5,4,1.074544183924087,2,5,4,0.6868220557040555,-3,2,5,-1,0,5,0,-5,5,1,0,1,Right,1.9917000000476837
39,R_s57TZFBr4uUPGh3,32,f,1,1,2583.5,Safe injection locations,Build southern border wall,-1,1,3,5,4,1.074544183924087,-3,7,4,-1.2517885853961013,-3,-3,0,6,-2,0,2,0,0,6,-2,0,Left,2.5835
39,R_s57TZFBr4uUPGh3,33,j,2,0,3034.899999976158,Remove public Confederate memorials,Cuts to National Parks budget,-1,-1,3,6,4,1.074544183924087,-3,4,4,-1.2517885853961013,-3,3,6,-6,-2,6,2,-6,6,6,2,1,Right,3.034899999976158
39,R_s57TZFBr4uUPGh3,34,j,2,0,2355.600000023842,Ban on research with animals,Mandatory training on sexual consent,-1,1,-1,5,4,-0.47634432895603857,3,8,4,1.074544183924087,1,3,2,4,3,2,3,-2,2,-4,-3,1,Right,2.3556000000238417
39,R_s57TZFBr4uUPGh3,35,j,2,0,2590,Remove public Confederate memorials,Build southern border wall,1,-1,3,6,4,1.074544183924087,-3,7,4,-1.2517885853961013,3,3,0,-6,1,0,1,0,0,6,-1,1,Right,2.59
39,R_s57TZFBr4uUPGh3,36,j,2,0,2436.6999999284744,Gun-free campus police,Remove public Confederate memorials,1,1,2,5,4,0.6868220557040555,3,6,4,1.074544183924087,2,3,1,1,1,1,1,-1,1,-1,-1,1,Right,2.4366999999284746
39,R_s57TZFBr4uUPGh3,37,f,1,1,2223.600000023842,Tuition increases,Bathrooms restricted based on biological sex,-1,1,-3,8,4,-1.2517885853961013,-3,8,4,-1.2517885853961013,3,-3,6,0,0,6,0,6,-6,0,0,0,Left,2.223600000023842
39,R_s57TZFBr4uUPGh3,38,j,2,0,2067.7000000476837,Ban on ethnic Halloween costumes,Safe injection locations,-1,1,0,4,4,-0.0886222007360072,3,5,4,1.074544183924087,-0,3,3,3,1,3,1,-3,3,-3,-1,1,Right,2.0677000000476835
39,R_s57TZFBr4uUPGh3,39,j,2,0,4147.199999928474,Gun-free campus police,Remove public Confederate memorials,-1,1,2,5,4,0.6868220557040555,3,6,4,1.074544183924087,-2,3,5,1,1,5,1,-5,5,-1,-1,1,Right,4.147199999928475
39,R_s57TZFBr4uUPGh3,40,f,1,1,2127.600000023842,Black Lives Matter,Cuts to National Parks budget,1,-1,3,8,4,1.074544183924087,-3,4,4,-1.2517885853961013,3,3,0,6,4,0,4,0,0,6,4,0,Left,2.127600000023842
39,R_s57TZFBr4uUPGh3,41,f,1,1,4485.399999976158,Remove public Confederate memorials,Ban on research with animals,1,1,3,6,4,1.074544183924087,-1,5,4,-0.47634432895603857,3,-1,4,4,1,4,1,4,-4,4,1,0,Left,4.485399999976158
39,R_s57TZFBr4uUPGh3,42,j,2,0,2440.5,Dorms determined by gender identity,Safe injection locations,1,1,0,2,1,-0.0886222007360072,3,5,4,1.074544183924087,0,3,3,3,3,3,3,-3,3,-3,-3,1,Right,2.4405
39,R_s57TZFBr4uUPGh3,43,f,1,1,3473.2000000476837,Cuts to National Parks budget,Increased Gun regulations,-1,-1,-3,4,4,-1.2517885853961013,3,8,4,1.074544183924087,3,-3,6,-6,-4,6,4,6,-6,-6,-4,0,Left,3.473200000047684
39,R_s57TZFBr4uUPGh3,44,j,2,0,2269.600000023842,Safe injection locations,U.S. drone strikes in Afghanistan,1,-1,3,5,4,1.074544183924087,-1,7,4,-0.47634432895603857,3,1,-2,-4,2,2,2,2,-2,4,-2,1,Right,2.269600000023842
39,R_s57TZFBr4uUPGh3,45,j,2,0,1674.2000000476837,Cuts to National Parks budget,Remove public Confederate memorials,-1,1,-3,4,4,-1.2517885853961013,3,6,4,1.074544183924087,3,3,0,6,2,0,2,0,0,-6,-2,1,Right,1.6742000000476838
39,R_s57TZFBr4uUPGh3,46,j,2,0,2043.1999999284744,Dorms determined by gender identity,Mandatory training on sexual consent,-1,1,0,2,1,-0.0886222007360072,3,8,4,1.074544183924087,-0,3,3,3,6,3,6,-3,3,-3,-6,1,Right,2.0431999999284742
39,R_s57TZFBr4uUPGh3,47,j,2,0,1699.8000000715256,Defund Planned Parenthood,Gun-free campus police,-1,1,-3,8,4,-1.2517885853961013,2,5,4,0.6868220557040555,3,2,-1,5,-3,1,3,1,-1,-5,3,1,Right,1.6998000000715257
39,R_s57TZFBr4uUPGh3,48,f,1,1,3640.5,Mandatory trigger warnings,Stop police brutality,1,-1,-2,4,4,-0.86406645717607,3,8,4,1.074544183924087,-2,-3,1,-5,-4,1,4,1,-1,-5,-4,0,Left,3.6405
39,R_s57TZFBr4uUPGh3,49,j,2,0,2248.899999976158,Ban on research with animals,Mask mandates,1,1,-1,5,4,-0.47634432895603857,3,8,4,1.074544183924087,-1,3,4,4,3,4,3,-4,4,-4,-3,1,Right,2.248899999976158
39,R_s57TZFBr4uUPGh3,50,j,2,0,4518.800000071526,Lift COVID lockdowns,U.S. drone strikes in Afghanistan,1,1,-3,6,4,-1.2517885853961013,-1,7,4,-0.47634432895603857,-3,-1,2,2,1,2,1,-2,2,-2,-1,1,Right,4.518800000071526
39,R_s57TZFBr4uUPGh3,51,f,1,1,3188.100000023842,Safe injection locations,Cuts to National Parks budget,-1,1,3,5,4,1.074544183924087,-3,4,4,-1.2517885853961013,-3,-3,0,6,1,0,1,0,0,6,1,0,Left,3.1881000000238418
39,R_s57TZFBr4uUPGh3,52,f,1,1,4166.199999928474,Abolishing fraternities,Remove public Confederate memorials,-1,-1,0,4,4,-0.0886222007360072,3,6,4,1.074544183924087,-0,-3,3,-3,-2,3,2,3,-3,-3,-2,0,Left,4.166199999928474
39,R_s57TZFBr4uUPGh3,53,j,2,0,1987.1999999284744,Raise the minimum wage,Remove Christopher Columbus statues,-1,1,3,8,4,1.074544183924087,-1,3,4,-0.47634432895603857,-3,-1,2,-4,-5,2,5,-2,2,4,5,1,Right,1.9871999999284744
39,R_s57TZFBr4uUPGh3,54,j,2,0,3984.5,U.S. drone strikes in Afghanistan,Safe injection locations,1,1,-1,7,4,-0.47634432895603857,3,5,4,1.074544183924087,-1,3,4,4,-2,4,2,-4,4,-4,2,1,Right,3.9845
39,R_s57TZFBr4uUPGh3,55,j,2,0,1878.5,Abolishing fraternities,Remove public Confederate memorials,-1,1,0,4,4,-0.0886222007360072,3,6,4,1.074544183924087,-0,3,3,3,2,3,2,-3,3,-3,-2,1,Right,1.8785
39,R_s57TZFBr4uUPGh3,56,j,2,0,3525.600000023842,Remove public Confederate memorials,University Campus should be a Sanctuary,-1,-1,3,6,4,1.074544183924087,1,5,4,0.2990999274840242,-3,-1,2,-2,-1,2,1,-2,2,2,1,1,Right,3.5256000000238417
39,R_s57TZFBr4uUPGh3,57,f,1,1,3951.8000000715256,Recognize Jerusalem as capital of Israel,Lift COVID lockdowns,1,1,-2,4,4,-0.86406645717607,-3,6,4,-1.2517885853961013,-2,-3,1,1,-2,1,2,1,-1,1,-2,0,Left,3.9518000000715254
39,R_s57TZFBr4uUPGh3,58,j,2,0,9177,Tuition increases,Cuts to National Parks budget,1,1,-3,8,4,-1.2517885853961013,-3,4,4,-1.2517885853961013,-3,-3,0,0,-4,0,4,0,0,0,4,1,Right,9.177
39,R_s57TZFBr4uUPGh3,59,j,2,0,1765,Build southern border wall,Safe injection locations,1,1,-3,7,4,-1.2517885853961013,3,5,4,1.074544183924087,-3,3,6,6,-2,6,2,-6,6,-6,2,1,Right,1.765
39,R_s57TZFBr4uUPGh3,60,j,2,0,2588.399999976158,Safe injection locations,Build southern border wall,-1,-1,3,5,4,1.074544183924087,-3,7,4,-1.2517885853961013,-3,3,6,-6,2,6,2,-6,6,6,-2,1,Right,2.588399999976158
39,R_s57TZFBr4uUPGh3,61,f,1,1,2738.2999999523163,Cuts to National Parks budget,Safe injection locations,-1,-1,-3,4,4,-1.2517885853961013,3,5,4,1.074544183924087,3,-3,6,-6,-1,6,1,6,-6,-6,-1,0,Left,2.738299999952316
39,R_s57TZFBr4uUPGh3,62,j,2,0,2137.1999999284744,Remove Christopher Columbus statues,Safe injection locations,-1,1,-1,3,4,-0.47634432895603857,3,5,4,1.074544183924087,1,3,2,4,2,2,2,-2,2,-4,-2,1,Right,2.1371999999284745
39,R_s57TZFBr4uUPGh3,63,j,2,0,2291.399999976158,Lift COVID lockdowns,Climate change legislation,1,1,-3,6,4,-1.2517885853961013,3,8,4,1.074544183924087,-3,3,6,6,2,6,2,-6,6,-6,-2,1,Right,2.291399999976158
39,R_s57TZFBr4uUPGh3,64,j,2,0,1925.2000000476837,U.S. drone strikes in Afghanistan,Mask mandates,1,1,-1,7,4,-0.47634432895603857,3,8,4,1.074544183924087,-1,3,4,4,1,4,1,-4,4,-4,-1,1,Right,1.9252000000476837
39,R_s57TZFBr4uUPGh3,65,j,2,0,2072.399999976158,Lift COVID lockdowns,Safe injection locations,1,-1,-3,6,4,-1.2517885853961013,3,5,4,1.074544183924087,-3,-3,0,6,-1,0,1,0,0,-6,1,1,Right,2.072399999976158
39,R_s57TZFBr4uUPGh3,66,f,1,1,1752.3999999761581,Cuts to National Parks budget,Safe injection locations,-1,1,-3,4,4,-1.2517885853961013,3,5,4,1.074544183924087,3,3,0,-6,-1,0,1,0,0,-6,-1,0,Left,1.7523999999761581
39,R_s57TZFBr4uUPGh3,67,f,1,1,1814.6999999284744,Safe injection locations,Remove Christopher Columbus statues,1,1,3,5,4,1.074544183924087,-1,3,4,-0.47634432895603857,3,-1,4,4,2,4,2,4,-4,4,2,0,Left,1.8146999999284745
39,R_s57TZFBr4uUPGh3,68,j,2,0,1987.9000000953674,U.S. drone strikes in Afghanistan,Remove public Confederate memorials,-1,1,-1,7,4,-0.47634432895603857,3,6,4,1.074544183924087,1,3,2,4,-1,2,1,-2,2,-4,1,1,Right,1.9879000000953675
39,R_s57TZFBr4uUPGh3,69,j,2,0,2095.600000023842,Mandatory drug tests for welfare recipients,Gun-free campus police,1,1,-3,8,4,-1.2517885853961013,2,5,4,0.6868220557040555,-3,2,5,5,-3,5,3,-5,5,-5,3,1,Right,2.095600000023842
39,R_s57TZFBr4uUPGh3,70,j,2,0,2032.7000000476837,Cuts to National Parks budget,Mask mandates,1,1,-3,4,4,-1.2517885853961013,3,8,4,1.074544183924087,-3,3,6,6,4,6,4,-6,6,-6,-4,1,Right,2.032700000047684
39,R_s57TZFBr4uUPGh3,71,f,1,1,1451.1999999284744,Gun-free campus police,Lift COVID lockdowns,1,1,2,5,4,0.6868220557040555,-3,6,4,-1.2517885853961013,2,-3,5,5,-1,5,1,5,-5,5,-1,0,Left,1.4511999999284744
39,R_s57TZFBr4uUPGh3,72,j,2,0,4131.699999928474,Remove Christopher Columbus statues,Remove public Confederate memorials,-1,1,-1,3,4,-0.47634432895603857,3,6,4,1.074544183924087,1,3,2,4,3,2,3,-2,2,-4,-3,1,Right,4.1316999999284745
39,R_s57TZFBr4uUPGh3,73,j,2,0,5222.5,Remove public Confederate memorials,Mandatory trigger warnings,-1,-1,3,6,4,1.074544183924087,-2,4,4,-0.86406645717607,-3,2,5,-5,-2,5,2,-5,5,5,2,1,Right,5.2225
39,R_s57TZFBr4uUPGh3,74,j,2,0,1943.2999999523163,Gun-free campus police,Safe injection locations,-1,1,2,5,4,0.6868220557040555,3,5,4,1.074544183924087,-2,3,5,1,0,5,0,-5,5,-1,0,1,Right,1.9432999999523164
39,R_s57TZFBr4uUPGh3,75,f,1,1,2958.5,War on Drugs,Lift COVID lockdowns,1,1,-3,8,4,-1.2517885853961013,-3,6,4,-1.2517885853961013,-3,-3,0,0,2,0,2,0,0,0,2,0,Left,2.9585
39,R_s57TZFBr4uUPGh3,76,j,2,0,1956.8999999761581,Safe injection locations,Build southern border wall,1,-1,3,5,4,1.074544183924087,-3,7,4,-1.2517885853961013,3,3,0,-6,2,0,2,0,0,6,-2,1,Right,1.956899999976158
39,R_s57TZFBr4uUPGh3,77,f,1,1,1529.3999999761581,Remove public Confederate memorials,Safe injection locations,1,-1,3,6,4,1.074544183924087,3,5,4,1.074544183924087,3,-3,6,0,1,6,1,6,-6,0,1,0,Left,1.529399999976158
39,R_s57TZFBr4uUPGh3,78,f,1,1,2442.7999999523163,Lift COVID lockdowns,Build southern border wall,-1,1,-3,6,4,-1.2517885853961013,-3,7,4,-1.2517885853961013,3,-3,6,0,-1,6,1,6,-6,0,-1,0,Left,2.4427999999523164
39,R_s57TZFBr4uUPGh3,79,j,2,0,4778.799999952316,Increased Gun regulations,U.S. drone strikes in Afghanistan,-1,1,3,8,4,1.074544183924087,-1,7,4,-0.47634432895603857,-3,-1,2,-4,-1,2,1,-2,2,4,1,1,Right,4.778799999952316
39,R_s57TZFBr4uUPGh3,80,j,2,0,2900.100000023842,Remove police from schools,Legalization of marijuana,1,1,2,4,4,0.6868220557040555,3,8,4,1.074544183924087,2,3,1,1,4,1,4,-1,1,-1,-4,1,Right,2.900100000023842
39,R_s57TZFBr4uUPGh3,81,j,2,0,1570.5,Safe injection locations,Affirmative action,1,1,3,5,4,1.074544183924087,3,8,4,1.074544183924087,3,3,0,0,3,0,3,0,0,0,-3,1,Right,1.5705
39,R_s57TZFBr4uUPGh3,82,f,1,1,2632.5,Remove public Confederate memorials,Remove police from schools,1,-1,3,6,4,1.074544183924087,2,4,4,0.6868220557040555,3,-2,5,1,2,5,2,5,-5,1,2,0,Left,2.6325
39,R_s57TZFBr4uUPGh3,83,f,1,1,3106.6999999284744,Dorms determined by gender identity,Legalization of marijuana,-1,-1,0,2,1,-0.0886222007360072,3,8,4,1.074544183924087,-0,-3,3,-3,-6,3,6,3,-3,-3,-6,0,Left,3.1066999999284746
39,R_s57TZFBr4uUPGh3,84,j,2,0,2064.7000000476837,U.S. drone strikes in Afghanistan,Remove public Confederate memorials,1,1,-1,7,4,-0.47634432895603857,3,6,4,1.074544183924087,-1,3,4,4,-1,4,1,-4,4,-4,1,1,Right,2.064700000047684
39,R_s57TZFBr4uUPGh3,85,f,1,1,2718.8000000715256,Ban on research with animals,Safe injection locations,1,1,-1,5,4,-0.47634432895603857,3,5,4,1.074544183924087,-1,3,-4,-4,0,4,0,-4,4,-4,0,0,Left,2.718800000071526
39,R_s57TZFBr4uUPGh3,86,f,1,1,3171.100000023842,University Campus should be a Sanctuary,Climate change legislation,-1,-1,1,5,4,0.2990999274840242,3,8,4,1.074544183924087,-1,-3,2,-2,-3,2,3,2,-2,-2,-3,0,Left,3.171100000023842
39,R_s57TZFBr4uUPGh3,87,j,2,0,5791.600000023842,Remove public Confederate memorials,Gun-free campus police,-1,-1,3,6,4,1.074544183924087,2,5,4,0.6868220557040555,-3,-2,1,-1,-1,1,1,-1,1,1,1,1,Right,5.791600000023842
39,R_s57TZFBr4uUPGh3,88,f,1,1,3094.600000023842,Dorms determined by gender identity,Lift COVID lockdowns,1,1,0,2,1,-0.0886222007360072,-3,6,4,-1.2517885853961013,0,-3,3,3,-4,3,4,3,-3,3,-4,0,Left,3.094600000023842
39,R_s57TZFBr4uUPGh3,89,f,1,1,2304.899999976158,Safe injection locations,Abortion rights,1,-1,3,5,4,1.074544183924087,3,8,4,1.074544183924087,3,-3,6,0,-3,6,3,6,-6,0,-3,0,Left,2.304899999976158
39,R_s57TZFBr4uUPGh3,90,j,2,0,2640,Cuts to National Parks budget,Safe injection locations,1,1,-3,4,4,-1.2517885853961013,3,5,4,1.074544183924087,-3,3,6,6,1,6,1,-6,6,-6,-1,1,Right,2.64
39,R_s57TZFBr4uUPGh3,91,j,2,0,1712.1000000238419,Lift COVID lockdowns,Safe injection locations,1,1,-3,6,4,-1.2517885853961013,3,5,4,1.074544183924087,-3,3,6,6,-1,6,1,-6,6,-6,1,1,Right,1.7121000000238418
39,R_s57TZFBr4uUPGh3,92,f,1,1,2576.399999976158,Lift COVID lockdowns,Cuts to National Parks budget,-1,1,-3,6,4,-1.2517885853961013,-3,4,4,-1.2517885853961013,3,-3,6,0,2,6,2,6,-6,0,2,0,Left,2.576399999976158
39,R_s57TZFBr4uUPGh3,93,j,2,0,2488.6999999284744,Remove Christopher Columbus statues,Mandatory vaccinations,1,1,-1,3,4,-0.47634432895603857,3,8,4,1.074544183924087,-1,3,4,4,5,4,5,-4,4,-4,-5,1,Right,2.4886999999284742
39,R_s57TZFBr4uUPGh3,94,f,1,1,2244.100000023842,Bathrooms restricted based on biological sex,Remove public Confederate memorials,-1,1,-3,8,4,-1.2517885853961013,3,6,4,1.074544183924087,3,3,0,-6,2,0,2,0,0,-6,2,0,Left,2.244100000023842
39,R_s57TZFBr4uUPGh3,95,f,1,1,6923.299999952316,Abolishing fraternities,Expel students with white nationlist views,1,1,0,4,4,-0.0886222007360072,-3,8,2,-1.2517885853961013,0,-3,3,3,-4,3,4,3,-3,3,-4,0,Left,6.923299999952317
39,R_s57TZFBr4uUPGh3,96,j,2,0,2855,Lift COVID lockdowns,U.S. drone strikes in Afghanistan,1,-1,-3,6,4,-1.2517885853961013,-1,7,4,-0.47634432895603857,-3,1,4,2,1,4,1,-4,4,-2,-1,1,Right,2.855
39,R_s57TZFBr4uUPGh3,97,f,1,1,2645.7999999523163,Mandatory trigger warnings,Increased Gun regulations,-1,-1,-2,4,4,-0.86406645717607,3,8,4,1.074544183924087,2,-3,5,-5,-4,5,4,5,-5,-5,-4,0,Left,2.6457999999523163
39,R_s57TZFBr4uUPGh3,98,j,2,0,2253.399999976158,Remove police from schools,Safe injection locations,-1,1,2,4,4,0.6868220557040555,3,5,4,1.074544183924087,-2,3,5,1,1,5,1,-5,5,-1,-1,1,Right,2.2533999999761583
39,R_s57TZFBr4uUPGh3,99,j,2,0,2419.100000023842,Remove police from schools,Mandatory drug tests for welfare recipients,-1,-1,2,4,4,0.6868220557040555,-3,8,4,-1.2517885853961013,-2,3,5,-5,4,5,4,-5,5,5,-4,1,Right,2.419100000023842
39,R_s57TZFBr4uUPGh3,100,f,1,1,2174,Climate change legislation,Build southern border wall,1,1,3,8,4,1.074544183924087,-3,7,4,-1.2517885853961013,3,-3,6,6,1,6,1,6,-6,6,1,0,Left,2.174
16,R_2VwmTe7YrazGvqQ,1,f,1,1,10299.299999952316,Ban on research with animals,Defund Planned Parenthood,-1,-1,-2,8,1,-1.0518704374533916,-3,6,2,-1.66546152596787,2,3,-1,1,2,1,2,-1,1,1,2,0,Left,10.299299999952316
16,R_2VwmTe7YrazGvqQ,2,j,2,0,3301,Lift COVID lockdowns,Abortion rights,1,1,-2,5,3,-1.0518704374533916,3,4,3,2.0160850051190002,-2,3,5,5,-1,5,1,-5,5,-5,1,1,Right,3.301
16,R_2VwmTe7YrazGvqQ,3,j,2,0,3171.5,Defund Planned Parenthood,U.S. drone strikes in Afghanistan,-1,-1,-3,6,2,-1.66546152596787,-2,6,1,-1.0518704374533916,3,2,-1,1,0,1,0,1,-1,-1,0,1,Right,3.1715
16,R_2VwmTe7YrazGvqQ,4,j,2,0,4828.600000023842,Defund Planned Parenthood,War on Drugs,1,1,-3,6,2,-1.66546152596787,2,3,3,1.402493916604522,-3,2,5,5,-3,5,3,-5,5,-5,3,1,Right,4.828600000023842
16,R_2VwmTe7YrazGvqQ,5,j,2,0,3723.7000000476837,Legalization of marijuana,Abortion rights,1,1,1,2,3,0.7889028280900435,3,4,3,2.0160850051190002,1,3,2,2,2,2,2,-2,2,-2,-2,1,Right,3.7237000000476836
16,R_2VwmTe7YrazGvqQ,6,j,2,0,6384.199999928474,Legalization of marijuana,Abortion rights,-1,-1,1,2,3,0.7889028280900435,3,4,3,2.0160850051190002,-1,-3,-2,2,2,2,2,2,-2,-2,-2,1,Right,6.384199999928475
16,R_2VwmTe7YrazGvqQ,7,j,2,0,7979.300000071526,Detention of migrant children,Hardening schools/Arming teachers,1,1,-2,7,3,-1.0518704374533916,-3,6,2,-1.66546152596787,-2,-3,-1,-1,-1,1,1,1,-1,1,1,1,Right,7.979300000071525
16,R_2VwmTe7YrazGvqQ,8,f,1,1,2916.7000000476837,Abolishing private prisons,Hardening schools/Arming teachers,1,-1,1,4,2,0.7889028280900435,-3,6,2,-1.66546152596787,1,3,-2,4,-2,2,2,-2,2,4,-2,0,Left,2.9167000000476837
16,R_2VwmTe7YrazGvqQ,9,f,1,1,2942.100000023842,Ban on research with animals,Abortion rights,1,-1,-2,8,1,-1.0518704374533916,3,4,3,2.0160850051190002,-2,-3,1,-5,4,1,4,1,-1,-5,4,0,Left,2.9421000000238418
16,R_2VwmTe7YrazGvqQ,10,j,2,0,6259.800000071526,Abortion rights,Build southern border wall,-1,-1,3,4,3,2.0160850051190002,-1,3,3,-0.43827934893891324,-3,1,4,-4,-1,4,1,-4,4,4,1,1,Right,6.259800000071525
16,R_2VwmTe7YrazGvqQ,11,j,2,0,5809,Abortion rights,Mandatory vaccinations,-1,-1,3,4,3,2.0160850051190002,-1,5,3,-0.43827934893891324,-3,1,4,-4,1,4,1,-4,4,4,-1,1,Right,5.809
16,R_2VwmTe7YrazGvqQ,12,f,1,1,2006.1000000238419,Abortion rights,Abolishing fraternities,1,1,3,4,3,2.0160850051190002,1,5,1,0.7889028280900435,3,1,2,2,-1,2,1,2,-2,2,-1,0,Left,2.006100000023842
16,R_2VwmTe7YrazGvqQ,13,f,1,1,10474.399999976158,Black Lives Matter,Defund Planned Parenthood,-1,-1,1,6,4,0.7889028280900435,-3,6,2,-1.66546152596787,-1,3,-4,4,0,4,0,-4,4,4,0,0,Left,10.474399999976159
16,R_2VwmTe7YrazGvqQ,14,j,2,0,2978.2999999523163,Defund Planned Parenthood,Black Lives Matter,1,1,-3,6,2,-1.66546152596787,1,6,4,0.7889028280900435,-3,1,4,4,0,4,0,-4,4,-4,0,1,Right,2.9782999999523163
16,R_2VwmTe7YrazGvqQ,15,f,1,1,1399.1000000238419,Abortion rights,Black Lives Matter,1,1,3,4,3,2.0160850051190002,1,6,4,0.7889028280900435,3,1,2,2,-2,2,2,2,-2,2,-2,0,Left,1.3991000000238418
16,R_2VwmTe7YrazGvqQ,16,f,1,1,9552.600000023842,Lift COVID lockdowns,Abortion rights,-1,-1,-2,5,3,-1.0518704374533916,3,4,3,2.0160850051190002,2,-3,5,-5,1,5,1,5,-5,-5,1,0,Left,9.552600000023842
16,R_2VwmTe7YrazGvqQ,17,j,2,0,2976.600000023842,Religious exemptions for discrimination laws,Abortion rights,1,1,-1,4,1,-0.43827934893891324,3,4,3,2.0160850051190002,-1,3,4,4,0,4,0,-4,4,-4,0,1,Right,2.9766000000238417
16,R_2VwmTe7YrazGvqQ,18,j,2,0,2234.6999999284744,Defund Planned Parenthood,Abortion rights,-1,1,-3,6,2,-1.66546152596787,3,4,3,2.0160850051190002,3,3,0,6,-2,0,2,0,0,-6,2,1,Right,2.2346999999284742
16,R_2VwmTe7YrazGvqQ,19,f,1,1,5110.399999976158,Lift COVID lockdowns,Abortion rights,1,-1,-2,5,3,-1.0518704374533916,3,4,3,2.0160850051190002,-2,-3,1,-5,1,1,1,1,-1,-5,1,0,Left,5.110399999976158
16,R_2VwmTe7YrazGvqQ,20,j,2,0,6641.599999904633,Legalization of marijuana,Defund Planned Parenthood,-1,-1,1,2,3,0.7889028280900435,-3,6,2,-1.66546152596787,-1,3,4,-4,4,4,4,-4,4,4,-4,1,Right,6.641599999904632
16,R_2VwmTe7YrazGvqQ,21,f,1,1,5984.5,Defund the police,Abortion rights,-1,-1,-2,4,2,-1.0518704374533916,3,4,3,2.0160850051190002,2,-3,5,-5,0,5,0,5,-5,-5,0,0,Left,5.9845
16,R_2VwmTe7YrazGvqQ,22,f,1,1,5859.600000023842,Abortion rights,Detention of migrant children,-1,1,3,4,3,2.0160850051190002,-2,7,3,-1.0518704374533916,-3,-2,-1,5,-3,1,3,-1,1,5,-3,0,Left,5.859600000023842
16,R_2VwmTe7YrazGvqQ,23,f,1,1,4968.200000047684,Remove public Confederate memorials,Abortion rights,-1,-1,-1,4,3,-0.43827934893891324,3,4,3,2.0160850051190002,1,-3,4,-4,0,4,0,4,-4,-4,0,0,Left,4.968200000047684
16,R_2VwmTe7YrazGvqQ,24,f,1,1,4175.5,U.S. drone strikes in Afghanistan,Abortion rights,1,-1,-2,6,1,-1.0518704374533916,3,4,3,2.0160850051190002,-2,-3,1,-5,2,1,2,1,-1,-5,2,0,Left,4.1755
16,R_2VwmTe7YrazGvqQ,25,j,2,0,3442.600000023842,Raise the minimum wage,Abortion rights,-1,1,1,7,3,0.7889028280900435,3,4,3,2.0160850051190002,-1,3,4,2,-3,4,3,-4,4,-2,3,1,Right,3.442600000023842
16,R_2VwmTe7YrazGvqQ,26,j,2,0,2912.7999999523163,Raise the minimum wage,Abortion rights,1,1,1,7,3,0.7889028280900435,3,4,3,2.0160850051190002,1,3,2,2,-3,2,3,-2,2,-2,3,1,Right,2.912799999952316
16,R_2VwmTe7YrazGvqQ,27,j,2,0,1710.6000000238419,Mandatory trigger warnings,Abortion rights,-1,1,0,0,1,0.17531173957556517,3,4,3,2.0160850051190002,-0,3,3,3,4,3,4,-3,3,-3,-4,1,Right,1.710600000023842
16,R_2VwmTe7YrazGvqQ,28,f,1,1,2463.600000023842,Physician-assisted suicide,Abortion rights,-1,-1,1,4,2,0.7889028280900435,3,4,3,2.0160850051190002,-1,-3,2,-2,0,2,0,2,-2,-2,0,0,Left,2.463600000023842
16,R_2VwmTe7YrazGvqQ,29,f,1,1,4145.399999976158,Hardening schools/Arming teachers,Detention of migrant children,-1,1,-3,6,2,-1.66546152596787,-2,7,3,-1.0518704374533916,3,-2,5,-1,-1,5,1,5,-5,-1,-1,0,Left,4.145399999976158
16,R_2VwmTe7YrazGvqQ,30,f,1,1,3492.5999999046326,Recognize Jerusalem as capital of Israel,Abortion rights,1,-1,0,0,1,0.17531173957556517,3,4,3,2.0160850051190002,0,-3,3,-3,-4,3,4,3,-3,-3,-4,0,Left,3.4925999999046327
16,R_2VwmTe7YrazGvqQ,31,f,1,1,6504.600000023842,Hardening schools/Arming teachers,Defund the police,1,1,-3,6,2,-1.66546152596787,-2,4,2,-1.0518704374533916,-3,-2,-1,-1,2,1,2,-1,1,-1,2,0,Left,6.504600000023842
16,R_2VwmTe7YrazGvqQ,32,f,1,1,3700.5,Defund Planned Parenthood,Lift COVID lockdowns,-1,1,-3,6,2,-1.66546152596787,-2,5,3,-1.0518704374533916,3,-2,5,-1,1,5,1,5,-5,-1,1,0,Left,3.7005
16,R_2VwmTe7YrazGvqQ,33,f,1,1,2633.6999999284744,Abortion rights,Lift COVID lockdowns,1,-1,3,4,3,2.0160850051190002,-2,5,3,-1.0518704374533916,3,2,1,5,-1,1,1,1,-1,5,-1,0,Left,2.6336999999284743
16,R_2VwmTe7YrazGvqQ,34,j,2,0,1889,U.S. drone strikes in Afghanistan,Abortion rights,-1,1,-2,6,1,-1.0518704374533916,3,4,3,2.0160850051190002,2,3,1,5,-2,1,2,-1,1,-5,2,1,Right,1.889
16,R_2VwmTe7YrazGvqQ,35,f,1,1,1851.6000000238419,Abortion rights,Expel students with white nationlist views,1,1,3,4,3,2.0160850051190002,-1,1,1,-0.43827934893891324,3,-1,4,4,3,4,3,4,-4,4,3,0,Left,1.851600000023842
16,R_2VwmTe7YrazGvqQ,36,f,1,1,1568.9000000953674,Abortion rights,War on Drugs,1,1,3,4,3,2.0160850051190002,2,3,3,1.402493916604522,3,2,1,1,1,1,1,1,-1,1,1,0,Left,1.5689000000953675
16,R_2VwmTe7YrazGvqQ,37,j,2,0,1325,Allow alt-right speakers on campus,Abortion rights,1,1,1,3,1,0.7889028280900435,3,4,3,2.0160850051190002,1,3,2,2,1,2,1,-2,2,-2,-1,1,Right,1.325
16,R_2VwmTe7YrazGvqQ,38,f,1,1,2355.5,Defund Planned Parenthood,Allow alt-right speakers on campus,-1,1,-3,6,2,-1.66546152596787,1,3,1,0.7889028280900435,3,1,2,-4,3,2,3,2,-2,-4,3,0,Left,2.3555
16,R_2VwmTe7YrazGvqQ,39,f,1,1,7997.200000047684,Hardening schools/Arming teachers,Allow alt-right speakers on campus,-1,-1,-3,6,2,-1.66546152596787,1,3,1,0.7889028280900435,3,-1,4,-4,3,4,3,4,-4,-4,3,0,Left,7.997200000047684
16,R_2VwmTe7YrazGvqQ,40,f,1,1,2471,U.S. drone strikes in Afghanistan,Defund Planned Parenthood,-1,1,-2,6,1,-1.0518704374533916,-3,6,2,-1.66546152596787,2,-3,5,1,0,5,0,5,-5,1,0,0,Left,2.471
16,R_2VwmTe7YrazGvqQ,41,j,2,0,2459.600000023842,Hardening schools/Arming teachers,Increased Gun regulations,-1,1,-3,6,2,-1.66546152596787,2,3,2,1.402493916604522,3,2,-1,5,-3,1,3,1,-1,-5,3,1,Right,2.459600000023842
16,R_2VwmTe7YrazGvqQ,42,f,1,1,1893.5,Hardening schools/Arming teachers,Abortion rights,1,-1,-3,6,2,-1.66546152596787,3,4,3,2.0160850051190002,-3,-3,0,-6,2,0,2,0,0,-6,2,0,Left,1.8935
16,R_2VwmTe7YrazGvqQ,43,j,2,0,10625.200000047684,Hardening schools/Arming teachers,Lift COVID lockdowns,1,-1,-3,6,2,-1.66546152596787,-2,5,3,-1.0518704374533916,-3,2,5,1,-1,5,1,-5,5,-1,1,1,Right,10.625200000047684
16,R_2VwmTe7YrazGvqQ,44,f,1,1,4993.5,Cuts to National Parks budget,Hardening schools/Arming teachers,-1,1,-2,4,2,-1.0518704374533916,-3,6,2,-1.66546152596787,2,-3,5,1,-2,5,2,5,-5,1,-2,0,Left,4.9935
16,R_2VwmTe7YrazGvqQ,45,f,1,1,2624.7999999523163,Hardening schools/Arming teachers,U.S. drone strikes in Afghanistan,-1,1,-3,6,2,-1.66546152596787,-2,6,1,-1.0518704374533916,3,-2,5,-1,0,5,0,5,-5,-1,0,0,Left,2.6247999999523164
16,R_2VwmTe7YrazGvqQ,46,f,1,1,3070.6999999284744,Defund Planned Parenthood,Affirmative action,-1,1,-3,6,2,-1.66546152596787,1,5,3,0.7889028280900435,3,1,2,-4,1,2,1,2,-2,-4,1,0,Left,3.0706999999284745
16,R_2VwmTe7YrazGvqQ,47,j,2,0,2594.3000000715256,Abortion rights,U.S. drone strikes in Afghanistan,-1,-1,3,4,3,2.0160850051190002,-2,6,1,-1.0518704374533916,-3,2,5,-5,2,5,2,-5,5,5,-2,1,Right,2.5943000000715255
16,R_2VwmTe7YrazGvqQ,48,f,1,1,1200.2000000476837,Abortion rights,Increased Gun regulations,1,-1,3,4,3,2.0160850051190002,2,3,2,1.402493916604522,3,-2,5,1,1,5,1,5,-5,1,1,0,Left,1.2002000000476838
16,R_2VwmTe7YrazGvqQ,49,j,2,0,1114.3999999761581,Ban on research with animals,Abortion rights,1,1,-2,8,1,-1.0518704374533916,3,4,3,2.0160850051190002,-2,3,5,5,-4,5,4,-5,5,-5,4,1,Right,1.1143999999761582
16,R_2VwmTe7YrazGvqQ,50,j,2,0,5009.5,Black Lives Matter,Abortion rights,-1,-1,1,6,4,0.7889028280900435,3,4,3,2.0160850051190002,-1,-3,-2,2,-2,2,2,2,-2,-2,2,1,Right,5.0095
16,R_2VwmTe7YrazGvqQ,51,j,2,0,4351.899999976158,Hardening schools/Arming teachers,Defund the police,-1,-1,-3,6,2,-1.66546152596787,-2,4,2,-1.0518704374533916,3,2,-1,1,-2,1,2,1,-1,-1,2,1,Right,4.351899999976158
16,R_2VwmTe7YrazGvqQ,52,f,1,1,1079.1999999284744,Abortion rights,Abolishing fraternities,1,-1,3,4,3,2.0160850051190002,1,5,1,0.7889028280900435,3,-1,4,2,-1,4,1,4,-4,2,-1,0,Left,1.0791999999284745
16,R_2VwmTe7YrazGvqQ,53,j,2,0,2877.899999976158,Abolishing fraternities,Defund Planned Parenthood,-1,-1,1,5,1,0.7889028280900435,-3,6,2,-1.66546152596787,-1,3,4,-4,1,4,1,-4,4,4,-1,1,Right,2.877899999976158
16,R_2VwmTe7YrazGvqQ,54,f,1,1,2575.2000000476837,Abortion rights,Expel students with white nationlist views,1,-1,3,4,3,2.0160850051190002,-1,1,1,-0.43827934893891324,3,1,2,4,3,2,3,2,-2,4,3,0,Left,2.575200000047684
16,R_2VwmTe7YrazGvqQ,55,j,2,0,4918.5,Remove public Confederate memorials,Abortion rights,-1,1,-1,4,3,-0.43827934893891324,3,4,3,2.0160850051190002,1,3,2,4,0,2,0,-2,2,-4,0,1,Right,4.9185
16,R_2VwmTe7YrazGvqQ,56,f,1,1,3565.899999976158,Abortion rights,Mandatory drug tests for welfare recipients,1,-1,3,4,3,2.0160850051190002,1,2,1,0.7889028280900435,3,-1,4,2,2,4,2,4,-4,2,2,0,Left,3.5658999999761583
16,R_2VwmTe7YrazGvqQ,57,f,1,1,7960.199999928474,Hardening schools/Arming teachers,Religious exemptions for discrimination laws,-1,1,-3,6,2,-1.66546152596787,-1,4,1,-0.43827934893891324,3,-1,4,-2,2,4,2,4,-4,-2,2,0,Left,7.9601999999284745
16,R_2VwmTe7YrazGvqQ,58,j,2,0,7417.199999928474,Abortion rights,Expel students with white nationlist views,-1,1,3,4,3,2.0160850051190002,-1,1,1,-0.43827934893891324,-3,-1,2,-4,-3,2,3,-2,2,4,3,1,Right,7.417199999928474
16,R_2VwmTe7YrazGvqQ,59,f,1,1,2322.4000000953674,Hardening schools/Arming teachers,U.S. drone strikes in Afghanistan,1,1,-3,6,2,-1.66546152596787,-2,6,1,-1.0518704374533916,-3,-2,-1,-1,0,1,0,-1,1,-1,0,0,Left,2.3224000000953673
16,R_2VwmTe7YrazGvqQ,60,f,1,1,1218.8999999761581,Abortion rights,Ban on research with animals,1,-1,3,4,3,2.0160850051190002,-2,8,1,-1.0518704374533916,3,2,1,5,-4,1,4,1,-1,5,-4,0,Left,1.218899999976158
16,R_2VwmTe7YrazGvqQ,61,f,1,1,2697.1999999284744,Abortion rights,Detention of migrant children,1,1,3,4,3,2.0160850051190002,-2,7,3,-1.0518704374533916,3,-2,5,5,-3,5,3,5,-5,5,-3,0,Left,2.6971999999284746
16,R_2VwmTe7YrazGvqQ,62,f,1,1,3214.7999999523163,Defund Planned Parenthood,Legalization of marijuana,-1,1,-3,6,2,-1.66546152596787,1,2,3,0.7889028280900435,3,1,2,-4,4,2,4,2,-2,-4,4,0,Left,3.2147999999523162
16,R_2VwmTe7YrazGvqQ,63,j,2,0,8971.900000095367,Abortion rights,Ban on research with animals,-1,-1,3,4,3,2.0160850051190002,-2,8,1,-1.0518704374533916,-3,2,5,-5,4,5,4,-5,5,5,-4,1,Right,8.971900000095367
16,R_2VwmTe7YrazGvqQ,64,f,1,1,4565.799999952316,War on Drugs,Hardening schools/Arming teachers,-1,1,2,3,3,1.402493916604522,-3,6,2,-1.66546152596787,-2,-3,1,5,-3,1,3,1,-1,5,-3,0,Left,4.565799999952317
16,R_2VwmTe7YrazGvqQ,65,j,2,0,4340,Expel students with white nationlist views,Defund Planned Parenthood,-1,-1,-1,1,1,-0.43827934893891324,-3,6,2,-1.66546152596787,1,3,2,-2,5,2,5,-2,2,2,-5,1,Right,4.34
16,R_2VwmTe7YrazGvqQ,66,f,1,1,1118.2999999523163,Abortion rights,Black Lives Matter,1,-1,3,4,3,2.0160850051190002,1,6,4,0.7889028280900435,3,-1,4,2,-2,4,2,4,-4,2,-2,0,Left,1.1182999999523162
16,R_2VwmTe7YrazGvqQ,67,j,2,0,979.7999999523163,Abortion rights,Cuts to National Parks budget,-1,1,3,4,3,2.0160850051190002,-2,4,2,-1.0518704374533916,-3,-2,1,-5,0,1,0,-1,1,5,0,1,Right,0.9797999999523163
16,R_2VwmTe7YrazGvqQ,68,j,2,0,3195.6999999284744,Defund Planned Parenthood,Defund Planned Parenthood,1,-1,-3,6,2,-1.66546152596787,-3,6,2,-1.66546152596787,-3,3,6,0,0,6,0,-6,6,0,0,1,Right,3.1956999999284745
16,R_2VwmTe7YrazGvqQ,69,j,2,0,4848.5,Raise the minimum wage,Defund Planned Parenthood,1,-1,1,7,3,0.7889028280900435,-3,6,2,-1.66546152596787,1,3,2,-4,-1,2,1,-2,2,4,1,1,Right,4.8485
16,R_2VwmTe7YrazGvqQ,70,f,1,1,1333.0999999046326,Abortion rights,U.S. drone strikes in Afghanistan,1,1,3,4,3,2.0160850051190002,-2,6,1,-1.0518704374533916,3,-2,5,5,-2,5,2,5,-5,5,-2,0,Left,1.3330999999046325
16,R_2VwmTe7YrazGvqQ,71,j,2,0,3289.2000000476837,Hardening schools/Arming teachers,Detention of migrant children,1,-1,-3,6,2,-1.66546152596787,-2,7,3,-1.0518704374533916,-3,2,5,1,1,5,1,-5,5,-1,-1,1,Right,3.2892000000476838
16,R_2VwmTe7YrazGvqQ,72,f,1,1,3575,Defund Planned Parenthood,Abortion rights,-1,-1,-3,6,2,-1.66546152596787,3,4,3,2.0160850051190002,3,-3,6,-6,2,6,2,6,-6,-6,2,0,Left,3.575
16,R_2VwmTe7YrazGvqQ,73,f,1,1,4613.100000023842,Expel students with white nationlist views,Abortion rights,-1,-1,-1,1,1,-0.43827934893891324,3,4,3,2.0160850051190002,1,-3,4,-4,-3,4,3,4,-4,-4,-3,0,Left,4.613100000023842
16,R_2VwmTe7YrazGvqQ,74,j,2,0,4267.899999976158,Abortion rights,Raise the minimum wage,-1,1,3,4,3,2.0160850051190002,1,7,3,0.7889028280900435,-3,1,4,-2,3,4,3,-4,4,2,-3,1,Right,4.267899999976158
16,R_2VwmTe7YrazGvqQ,75,f,1,1,3857.7000000476837,Black Lives Matter,Abortion rights,1,-1,1,6,4,0.7889028280900435,3,4,3,2.0160850051190002,1,-3,4,-2,2,4,2,4,-4,-2,2,0,Left,3.8577000000476835
16,R_2VwmTe7YrazGvqQ,76,f,1,1,5939.299999952316,Abortion rights,Build southern border wall,1,1,3,4,3,2.0160850051190002,-1,3,3,-0.43827934893891324,3,-1,4,4,1,4,1,4,-4,4,1,0,Left,5.939299999952317
16,R_2VwmTe7YrazGvqQ,77,f,1,1,4019.7000000476837,Ban on research with animals,Defund Planned Parenthood,-1,1,-2,8,1,-1.0518704374533916,-3,6,2,-1.66546152596787,2,-3,5,1,2,5,2,5,-5,1,2,0,Left,4.019700000047684
16,R_2VwmTe7YrazGvqQ,78,f,1,1,4286.299999952316,Allow alt-right speakers on campus,Abortion rights,-1,-1,1,3,1,0.7889028280900435,3,4,3,2.0160850051190002,-1,-3,2,-2,-1,2,1,2,-2,-2,-1,0,Left,4.286299999952316
16,R_2VwmTe7YrazGvqQ,79,j,2,0,2579.8000000715256,Hardening schools/Arming teachers,Ban on research with animals,1,1,-3,6,2,-1.66546152596787,-2,8,1,-1.0518704374533916,-3,-2,1,1,2,1,2,-1,1,-1,-2,1,Right,2.5798000000715255
16,R_2VwmTe7YrazGvqQ,80,f,1,1,2326.2999999523163,Defund Planned Parenthood,Detention of migrant children,-1,-1,-3,6,2,-1.66546152596787,-2,7,3,-1.0518704374533916,3,2,1,-1,-1,1,1,1,-1,-1,-1,0,Left,2.326299999952316
16,R_2VwmTe7YrazGvqQ,81,j,2,0,1103.5,Abortion rights,Abortion rights,-1,1,3,4,3,2.0160850051190002,3,4,3,2.0160850051190002,-3,3,6,0,0,6,0,-6,6,0,0,1,Right,1.1035
16,R_2VwmTe7YrazGvqQ,82,f,1,1,2052.399999976158,Legalization of marijuana,Abortion rights,1,-1,1,2,3,0.7889028280900435,3,4,3,2.0160850051190002,1,-3,4,-2,-2,4,2,4,-4,-2,-2,0,Left,2.052399999976158
16,R_2VwmTe7YrazGvqQ,83,f,1,1,5282.699999928474,Hardening schools/Arming teachers,Raise the minimum wage,-1,-1,-3,6,2,-1.66546152596787,1,7,3,0.7889028280900435,3,-1,4,-4,-1,4,1,4,-4,-4,-1,0,Left,5.282699999928474
16,R_2VwmTe7YrazGvqQ,84,f,1,1,2990,Black Lives Matter,Hardening schools/Arming teachers,1,-1,1,6,4,0.7889028280900435,-3,6,2,-1.66546152596787,1,3,-2,4,0,2,0,-2,2,4,0,0,Left,2.99
16,R_2VwmTe7YrazGvqQ,85,f,1,1,1164.6000000238419,Abortion rights,Cuts to National Parks budget,1,1,3,4,3,2.0160850051190002,-2,4,2,-1.0518704374533916,3,-2,5,5,0,5,0,5,-5,5,0,0,Left,1.164600000023842
16,R_2VwmTe7YrazGvqQ,86,j,2,0,1560.3000000715256,Defund Planned Parenthood,Abortion rights,1,1,-3,6,2,-1.66546152596787,3,4,3,2.0160850051190002,-3,3,6,6,-2,6,2,-6,6,-6,2,1,Right,1.5603000000715255
16,R_2VwmTe7YrazGvqQ,87,f,1,1,1767.2000000476837,Abortion rights,Defund the police,1,-1,3,4,3,2.0160850051190002,-2,4,2,-1.0518704374533916,3,2,1,5,0,1,0,1,-1,5,0,0,Left,1.7672000000476837
16,R_2VwmTe7YrazGvqQ,88,j,2,0,4327.899999976158,Abortion rights,War on Drugs,-1,-1,3,4,3,2.0160850051190002,2,3,3,1.402493916604522,-3,-2,1,-1,-1,1,1,-1,1,1,1,1,Right,4.327899999976158
16,R_2VwmTe7YrazGvqQ,89,j,2,0,1760.2999999523163,Detention of migrant children,Abortion rights,-1,1,-2,7,3,-1.0518704374533916,3,4,3,2.0160850051190002,2,3,1,5,-3,1,3,-1,1,-5,3,1,Right,1.7602999999523163
16,R_2VwmTe7YrazGvqQ,90,f,1,1,2636.6999999284744,Detention of migrant children,Abortion rights,-1,-1,-2,7,3,-1.0518704374533916,3,4,3,2.0160850051190002,2,-3,5,-5,3,5,3,5,-5,-5,3,0,Left,2.6366999999284744
16,R_2VwmTe7YrazGvqQ,91,f,1,1,3467.399999976158,Defund Planned Parenthood,Recognize Jerusalem as capital of Israel,-1,1,-3,6,2,-1.66546152596787,0,0,1,0.17531173957556517,3,0,3,-3,6,3,6,3,-3,-3,6,0,Left,3.467399999976158
16,R_2VwmTe7YrazGvqQ,92,j,2,0,5817.699999928474,Abortion rights,Increased Gun regulations,-1,1,3,4,3,2.0160850051190002,2,3,2,1.402493916604522,-3,2,5,-1,-1,5,1,-5,5,1,1,1,Right,5.817699999928474
16,R_2VwmTe7YrazGvqQ,93,j,2,0,9710.900000095367,Expel students with white nationlist views,Hardening schools/Arming teachers,1,-1,-1,1,1,-0.43827934893891324,-3,6,2,-1.66546152596787,-1,3,4,-2,5,4,5,-4,4,2,-5,1,Right,9.710900000095368
16,R_2VwmTe7YrazGvqQ,94,f,1,1,2933.2000000476837,Defund Planned Parenthood,Lift COVID lockdowns,-1,-1,-3,6,2,-1.66546152596787,-2,5,3,-1.0518704374533916,3,2,1,-1,1,1,1,1,-1,-1,1,0,Left,2.933200000047684
16,R_2VwmTe7YrazGvqQ,95,j,2,0,3484.899999976158,Abortion rights,Abolishing fraternities,-1,-1,3,4,3,2.0160850051190002,1,5,1,0.7889028280900435,-3,-1,2,-2,1,2,1,-2,2,2,-1,1,Right,3.4848999999761583
16,R_2VwmTe7YrazGvqQ,96,f,1,1,2680,Defund Planned Parenthood,Ban on research with animals,-1,1,-3,6,2,-1.66546152596787,-2,8,1,-1.0518704374533916,3,-2,5,-1,-2,5,2,5,-5,-1,-2,0,Left,2.68
16,R_2VwmTe7YrazGvqQ,97,j,2,0,2329.600000023842,Abortion rights,Raise the minimum wage,-1,-1,3,4,3,2.0160850051190002,1,7,3,0.7889028280900435,-3,-1,2,-2,3,2,3,-2,2,2,-3,1,Right,2.329600000023842
16,R_2VwmTe7YrazGvqQ,98,j,2,0,2544.2999999523163,Hardening schools/Arming teachers,War on Drugs,-1,-1,-3,6,2,-1.66546152596787,2,3,3,1.402493916604522,3,-2,-5,5,-3,5,3,5,-5,-5,3,1,Right,2.544299999952316
16,R_2VwmTe7YrazGvqQ,99,f,1,1,1972.7000000476837,Defund Planned Parenthood,Cuts to National Parks budget,-1,1,-3,6,2,-1.66546152596787,-2,4,2,-1.0518704374533916,3,-2,5,-1,2,5,2,5,-5,-1,2,0,Left,1.9727000000476838
16,R_2VwmTe7YrazGvqQ,100,f,1,1,2391.899999976158,Lift COVID lockdowns,Hardening schools/Arming teachers,1,1,-2,5,3,-1.0518704374533916,-3,6,2,-1.66546152596787,-2,-3,1,1,-1,1,1,1,-1,1,-1,0,Left,2.3918999999761583
5,R_1mk4ApdNyC8nelL,1,f,1,1,891.1999999880791,Recognize Jerusalem as capital of Israel,Stop police brutality,-1,-1,1,5,3,-0.395992469426244,1,7,3,-0.395992469426244,-1,-1,0,0,-2,0,2,0,0,0,-2,0,Left,0.8911999999880791
5,R_1mk4ApdNyC8nelL,3,j,2,0,3202.400000035763,Safe injection locations,"Boycott, Divest, and Sanction Israel",-1,1,1,7,3,-0.395992469426244,2,6,3,2.455153310442705,-1,2,3,1,-1,3,1,-3,3,-1,1,1,Right,3.202400000035763
5,R_1mk4ApdNyC8nelL,4,f,1,1,1314.699999988079,Black Lives Matter,Stop police brutality,-1,-1,2,7,3,2.455153310442705,1,7,3,-0.395992469426244,-2,-1,-1,1,0,1,0,-1,1,1,0,0,Left,1.314699999988079
5,R_1mk4ApdNyC8nelL,5,j,2,0,1465.5999999642372,Recognize Jerusalem as capital of Israel,Black Lives Matter,1,-1,1,5,3,-0.395992469426244,2,7,3,2.455153310442705,1,-2,-3,1,2,3,2,3,-3,-1,-2,1,Right,1.4655999999642373
5,R_1mk4ApdNyC8nelL,6,f,1,1,602,Recognize Jerusalem as capital of Israel,Abolishing fraternities,1,1,1,5,3,-0.395992469426244,2,6,3,2.455153310442705,1,2,-1,-1,-1,1,1,-1,1,-1,-1,0,Left,0.602
5,R_1mk4ApdNyC8nelL,7,f,1,1,205.30000001192093,Stop police brutality,Stop police brutality,1,-1,1,7,3,-0.395992469426244,1,7,3,-0.395992469426244,1,-1,2,0,0,2,0,2,-2,0,0,0,Left,0.20530000001192092
5,R_1mk4ApdNyC8nelL,8,j,2,0,365.5,Gun-free campus police,Black Lives Matter,-1,1,1,6,3,-0.395992469426244,2,7,3,2.455153310442705,-1,2,3,1,1,3,1,-3,3,-1,-1,1,Right,0.3655
5,R_1mk4ApdNyC8nelL,9,j,2,0,1327.199999988079,On campus concealed carry,Black Lives Matter,-1,-1,1,6,3,-0.395992469426244,2,7,3,2.455153310442705,-1,-2,-1,1,1,1,1,1,-1,-1,-1,1,Right,1.327199999988079
5,R_1mk4ApdNyC8nelL,10,j,2,0,1475.9000000357628,Black Lives Matter,Stop police brutality,1,-1,2,7,3,2.455153310442705,1,7,3,-0.395992469426244,2,-1,-3,-1,0,3,0,3,-3,1,0,1,Right,1.4759000000357627
5,R_1mk4ApdNyC8nelL,11,j,2,0,1330.199999988079,"Boycott, Divest, and Sanction Israel",Black Lives Matter,1,1,2,6,3,2.455153310442705,2,7,3,2.455153310442705,2,2,0,0,1,0,1,0,0,0,-1,1,Right,1.3301999999880791
5,R_1mk4ApdNyC8nelL,12,j,2,0,1338.9000000357628,Stop police brutality,Cuts to National Parks budget,-1,-1,1,7,3,-0.395992469426244,1,6,3,-0.395992469426244,-1,-1,0,0,-1,0,1,0,0,0,1,1,Right,1.3389000000357627
5,R_1mk4ApdNyC8nelL,13,f,1,1,1415.300000011921,Mandatory trigger warnings,On campus concealed carry,-1,1,1,6,3,-0.395992469426244,1,6,3,-0.395992469426244,-1,1,-2,0,0,2,0,-2,2,0,0,0,Left,1.415300000011921
5,R_1mk4ApdNyC8nelL,14,j,2,0,1517.9000000357628,Recognize Jerusalem as capital of Israel,Raise the minimum wage,-1,1,1,5,3,-0.395992469426244,1,6,3,-0.395992469426244,-1,1,2,0,1,2,1,-2,2,0,-1,1,Right,1.5179000000357628
5,R_1mk4ApdNyC8nelL,15,j,2,0,1804.800000011921,Black Lives Matter,Stop police brutality,1,1,2,7,3,2.455153310442705,1,7,3,-0.395992469426244,2,1,-1,-1,0,1,0,1,-1,1,0,1,Right,1.8048000000119209
5,R_1mk4ApdNyC8nelL,16,f,1,1,1634.3999999761581,Mandatory training on sexual consent,Black Lives Matter,1,1,1,6,3,-0.395992469426244,2,7,3,2.455153310442705,1,2,-1,-1,-1,1,1,-1,1,-1,-1,0,Left,1.634399999976158
5,R_1mk4ApdNyC8nelL,17,j,2,0,1904.5999999642372,Recognize Jerusalem as capital of Israel,Stop police brutality,1,-1,1,5,3,-0.395992469426244,1,7,3,-0.395992469426244,1,-1,-2,0,2,2,2,2,-2,0,-2,1,Right,1.9045999999642371
5,R_1mk4ApdNyC8nelL,18,j,2,0,740.8000000119209,Stop police brutality,Mandatory vaccinations,-1,1,1,7,3,-0.395992469426244,2,6,3,2.455153310442705,-1,2,3,1,-1,3,1,-3,3,-1,1,1,Right,0.7408000000119209
5,R_1mk4ApdNyC8nelL,19,f,1,1,2758.099999964237,Build southern border wall,Raise the minimum wage,-1,-1,2,6,3,2.455153310442705,1,6,3,-0.395992469426244,-2,-1,-1,1,0,1,0,-1,1,1,0,0,Left,2.7580999999642373
5,R_1mk4ApdNyC8nelL,21,j,2,0,1234.699999988079,Black Lives Matter,Build southern border wall,1,-1,2,7,3,2.455153310442705,2,6,3,2.455153310442705,2,-2,-4,0,-1,4,1,4,-4,0,1,1,Right,1.234699999988079
5,R_1mk4ApdNyC8nelL,22,f,1,1,159.5,Recognize Jerusalem as capital of Israel,Safe injection locations,1,1,1,5,3,-0.395992469426244,1,7,3,-0.395992469426244,1,1,0,0,-2,0,2,0,0,0,-2,0,Left,0.1595
5,R_1mk4ApdNyC8nelL,23,j,2,0,172.29999995231628,Black Lives Matter,Recognize Jerusalem as capital of Israel,-1,1,2,7,3,2.455153310442705,1,5,3,-0.395992469426244,-2,1,3,-1,-2,3,2,-3,3,1,2,1,Right,0.1722999999523163
5,R_1mk4ApdNyC8nelL,25,f,1,1,514.8999999761581,Black Lives Matter,Recognize Jerusalem as capital of Israel,1,1,2,7,3,2.455153310442705,1,5,3,-0.395992469426244,2,1,1,1,2,1,2,1,-1,1,2,0,Left,0.5148999999761581
5,R_1mk4ApdNyC8nelL,26,j,2,0,935.0999999642372,Recognize Jerusalem as capital of Israel,Black Lives Matter,-1,1,1,5,3,-0.395992469426244,2,7,3,2.455153310442705,-1,2,3,1,2,3,2,-3,3,-1,-2,1,Right,0.9350999999642372
5,R_1mk4ApdNyC8nelL,27,f,1,1,588.3000000119209,Black Lives Matter,Recognize Jerusalem as capital of Israel,-1,-1,2,7,3,2.455153310442705,1,5,3,-0.395992469426244,-2,-1,-1,1,2,1,2,-1,1,1,2,0,Left,0.588300000011921
5,R_1mk4ApdNyC8nelL,28,j,2,0,438.30000001192093,Stop police brutality,Recognize Jerusalem as capital of Israel,1,-1,1,7,3,-0.395992469426244,1,5,3,-0.395992469426244,1,-1,-2,0,-2,2,2,2,-2,0,2,1,Right,0.43830000001192093
5,R_1mk4ApdNyC8nelL,30,j,2,0,429.10000002384186,"Boycott, Divest, and Sanction Israel",Recognize Jerusalem as capital of Israel,1,1,2,6,3,2.455153310442705,1,5,3,-0.395992469426244,2,1,-1,-1,-1,1,1,1,-1,1,1,1,Right,0.42910000002384185
5,R_1mk4ApdNyC8nelL,31,f,1,1,530.9000000357628,Black Lives Matter,Black Lives Matter,-1,1,2,7,3,2.455153310442705,2,7,3,2.455153310442705,-2,2,-4,0,0,4,0,-4,4,0,0,0,Left,0.5309000000357628
5,R_1mk4ApdNyC8nelL,32,j,2,0,478.80000001192093,Safe injection locations,Recognize Jerusalem as capital of Israel,1,1,1,7,3,-0.395992469426244,1,5,3,-0.395992469426244,1,1,0,0,-2,0,2,0,0,0,2,1,Right,0.4788000000119209
5,R_1mk4ApdNyC8nelL,33,j,2,0,361.80000001192093,Black Lives Matter,Defund Planned Parenthood,1,-1,2,7,3,2.455153310442705,1,6,3,-0.395992469426244,2,-1,-3,-1,-1,3,1,3,-3,1,1,1,Right,0.3618000000119209
5,R_1mk4ApdNyC8nelL,34,f,1,1,570.5,Recognize Jerusalem as capital of Israel,Mandatory vaccinations,1,-1,1,5,3,-0.395992469426244,2,6,3,2.455153310442705,1,-2,3,-1,-1,3,1,3,-3,-1,-1,0,Left,0.5705
5,R_1mk4ApdNyC8nelL,35,j,2,0,585.5,Black Lives Matter,Safe injection locations,-1,1,2,7,3,2.455153310442705,1,7,3,-0.395992469426244,-2,1,3,-1,0,3,0,-3,3,1,0,1,Right,0.5855
5,R_1mk4ApdNyC8nelL,36,f,1,1,1047.5,Black Lives Matter,Abolishing fraternities,1,-1,2,7,3,2.455153310442705,2,6,3,2.455153310442705,2,-2,4,0,1,4,1,4,-4,0,1,0,Left,1.0475
5,R_1mk4ApdNyC8nelL,38,f,1,1,212.69999998807907,Recognize Jerusalem as capital of Israel,Abolishing fraternities,1,-1,1,5,3,-0.395992469426244,2,6,3,2.455153310442705,1,-2,3,-1,-1,3,1,3,-3,-1,-1,0,Left,0.21269999998807906
5,R_1mk4ApdNyC8nelL,39,f,1,1,400.60000002384186,Safe injection locations,Abolishing fraternities,1,1,1,7,3,-0.395992469426244,2,6,3,2.455153310442705,1,2,-1,-1,1,1,1,-1,1,-1,1,0,Left,0.4006000000238419
5,R_1mk4ApdNyC8nelL,40,f,1,1,1016.8000000119209,Lift COVID lockdowns,Safe injection locations,-1,1,1,6,3,-0.395992469426244,1,7,3,-0.395992469426244,-1,1,-2,0,-1,2,1,-2,2,0,-1,0,Left,1.0168000000119208
5,R_1mk4ApdNyC8nelL,41,f,1,1,1130.5,Mandatory vaccinations,Black Lives Matter,1,1,2,6,3,2.455153310442705,2,7,3,2.455153310442705,2,2,0,0,-1,0,1,0,0,0,-1,0,Left,1.1305
5,R_1mk4ApdNyC8nelL,42,j,2,0,305.2999999523163,Expel students with white nationlist views,Black Lives Matter,1,1,1,6,3,-0.395992469426244,2,7,3,2.455153310442705,1,2,1,1,1,1,1,-1,1,-1,-1,1,Right,0.30529999995231627
5,R_1mk4ApdNyC8nelL,43,j,2,0,1527.5999999642372,Recognize Jerusalem as capital of Israel,"Boycott, Divest, and Sanction Israel",-1,-1,1,5,3,-0.395992469426244,2,6,3,2.455153310442705,-1,-2,-1,1,1,1,1,1,-1,-1,-1,1,Right,1.5275999999642371
5,R_1mk4ApdNyC8nelL,44,f,1,1,732.9000000357628,Mandatory vaccinations,Abolishing fraternities,1,-1,2,6,3,2.455153310442705,2,6,3,2.455153310442705,2,-2,4,0,0,4,0,4,-4,0,0,0,Left,0.7329000000357628
5,R_1mk4ApdNyC8nelL,45,f,1,1,816.1000000238419,Black Lives Matter,University Campus should be a Sanctuary,-1,1,2,7,3,2.455153310442705,1,6,3,-0.395992469426244,-2,1,-3,1,1,3,1,-3,3,1,1,0,Left,0.8161000000238419
5,R_1mk4ApdNyC8nelL,46,j,2,0,260.5,Stop police brutality,Safe injection locations,1,-1,1,7,3,-0.395992469426244,1,7,3,-0.395992469426244,1,-1,-2,0,0,2,0,2,-2,0,0,1,Right,0.2605
5,R_1mk4ApdNyC8nelL,47,f,1,1,1604.3999999761581,Dorms determined by gender identity,Build southern border wall,1,1,1,6,3,-0.395992469426244,2,6,3,2.455153310442705,1,2,-1,-1,0,1,0,-1,1,-1,0,0,Left,1.6043999999761582
5,R_1mk4ApdNyC8nelL,48,j,2,0,2106,Safe injection locations,Mandatory vaccinations,-1,-1,1,7,3,-0.395992469426244,2,6,3,2.455153310442705,-1,-2,-1,1,-1,1,1,1,-1,-1,1,1,Right,2.106
5,R_1mk4ApdNyC8nelL,49,f,1,1,2071.400000035763,Recognize Jerusalem as capital of Israel,Black Lives Matter,-1,-1,1,5,3,-0.395992469426244,2,7,3,2.455153310442705,-1,-2,1,-1,-2,1,2,1,-1,-1,-2,0,Left,2.0714000000357626
5,R_1mk4ApdNyC8nelL,50,j,2,0,684.0999999642372,Stop police brutality,Mandatory vaccinations,-1,-1,1,7,3,-0.395992469426244,2,6,3,2.455153310442705,-1,-2,-1,1,-1,1,1,1,-1,-1,1,1,Right,0.6840999999642372
5,R_1mk4ApdNyC8nelL,51,f,1,1,321.0999999642372,Black Lives Matter,Stop police brutality,1,-1,2,7,3,2.455153310442705,1,7,3,-0.395992469426244,2,-1,3,1,0,3,0,3,-3,1,0,0,Left,0.3210999999642372
5,R_1mk4ApdNyC8nelL,53,j,2,0,1772.4000000357628,Safe injection locations,"Boycott, Divest, and Sanction Israel",1,-1,1,7,3,-0.395992469426244,2,6,3,2.455153310442705,1,-2,-3,1,-1,3,1,3,-3,-1,1,1,Right,1.7724000000357627
5,R_1mk4ApdNyC8nelL,54,f,1,1,319.10000002384186,Safe injection locations,U.S. drone strikes in Afghanistan,1,1,1,7,3,-0.395992469426244,1,6,3,-0.395992469426244,1,1,0,0,1,0,1,0,0,0,1,0,Left,0.31910000002384187
5,R_1mk4ApdNyC8nelL,55,f,1,1,973.6999999880791,Stop police brutality,Recognize Jerusalem as capital of Israel,1,-1,1,7,3,-0.395992469426244,1,5,3,-0.395992469426244,1,-1,2,0,2,2,2,2,-2,0,2,0,Left,0.9736999999880791
5,R_1mk4ApdNyC8nelL,56,j,2,0,349.5,Build southern border wall,Recognize Jerusalem as capital of Israel,1,-1,2,6,3,2.455153310442705,1,5,3,-0.395992469426244,2,-1,-3,-1,-1,3,1,3,-3,1,1,1,Right,0.3495
5,R_1mk4ApdNyC8nelL,57,f,1,1,1408.3999999761581,Recognize Jerusalem as capital of Israel,Recognize Jerusalem as capital of Israel,-1,1,1,5,3,-0.395992469426244,1,5,3,-0.395992469426244,-1,1,-2,0,0,2,0,-2,2,0,0,0,Left,1.408399999976158
5,R_1mk4ApdNyC8nelL,58,f,1,1,1366.300000011921,Stop police brutality,Black Lives Matter,1,-1,1,7,3,-0.395992469426244,2,7,3,2.455153310442705,1,-2,3,-1,0,3,0,3,-3,-1,0,0,Left,1.366300000011921
5,R_1mk4ApdNyC8nelL,59,j,2,0,369.30000001192093,Physician-assisted suicide,Recognize Jerusalem as capital of Israel,-1,1,1,6,3,-0.395992469426244,1,5,3,-0.395992469426244,-1,1,2,0,-1,2,1,-2,2,0,1,1,Right,0.3693000000119209
5,R_1mk4ApdNyC8nelL,60,j,2,0,317.69999998807907,Recognize Jerusalem as capital of Israel,On campus concealed carry,-1,-1,1,5,3,-0.395992469426244,1,6,3,-0.395992469426244,-1,-1,0,0,1,0,1,0,0,0,-1,1,Right,0.3176999999880791
5,R_1mk4ApdNyC8nelL,61,f,1,1,1304,Recognize Jerusalem as capital of Israel,Climate change legislation,1,1,1,5,3,-0.395992469426244,1,6,3,-0.395992469426244,1,1,0,0,-1,0,1,0,0,0,-1,0,Left,1.304
5,R_1mk4ApdNyC8nelL,63,f,1,1,346.30000001192093,Stop police brutality,Raise the minimum wage,-1,1,1,7,3,-0.395992469426244,1,6,3,-0.395992469426244,-1,1,-2,0,1,2,1,-2,2,0,1,0,Left,0.3463000000119209
5,R_1mk4ApdNyC8nelL,64,j,2,0,671.4000000357628,Black Lives Matter,Safe injection locations,-1,-1,2,7,3,2.455153310442705,1,7,3,-0.395992469426244,-2,-1,1,-1,0,1,0,-1,1,1,0,1,Right,0.6714000000357628
5,R_1mk4ApdNyC8nelL,65,j,2,0,1862.199999988079,Black Lives Matter,Black Lives Matter,1,-1,2,7,3,2.455153310442705,2,7,3,2.455153310442705,2,-2,-4,0,0,4,0,4,-4,0,0,1,Right,1.8621999999880792
5,R_1mk4ApdNyC8nelL,66,j,2,0,278.5999999642372,Black Lives Matter,Black Lives Matter,1,-1,2,7,3,2.455153310442705,2,7,3,2.455153310442705,2,-2,-4,0,0,4,0,4,-4,0,0,1,Right,0.27859999996423723
5,R_1mk4ApdNyC8nelL,67,j,2,0,1198,Recognize Jerusalem as capital of Israel,Abolishing fraternities,-1,-1,1,5,3,-0.395992469426244,2,6,3,2.455153310442705,-1,-2,-1,1,1,1,1,1,-1,-1,-1,1,Right,1.198
5,R_1mk4ApdNyC8nelL,69,j,2,0,1494.800000011921,"Boycott, Divest, and Sanction Israel",Recognize Jerusalem as capital of Israel,1,-1,2,6,3,2.455153310442705,1,5,3,-0.395992469426244,2,-1,-3,-1,-1,3,1,3,-3,1,1,1,Right,1.494800000011921
5,R_1mk4ApdNyC8nelL,70,j,2,0,307.19999998807907,Physician-assisted suicide,Black Lives Matter,-1,1,1,6,3,-0.395992469426244,2,7,3,2.455153310442705,-1,2,3,1,1,3,1,-3,3,-1,-1,1,Right,0.30719999998807906
5,R_1mk4ApdNyC8nelL,71,f,1,1,1159.3999999761581,Black Lives Matter,Mandatory vaccinations,-1,1,2,7,3,2.455153310442705,2,6,3,2.455153310442705,-2,2,-4,0,1,4,1,-4,4,0,1,0,Left,1.1593999999761582
5,R_1mk4ApdNyC8nelL,72,f,1,1,1575,U.S. drone strikes in Afghanistan,Defund the police,1,-1,1,6,3,-0.395992469426244,1,6,3,-0.395992469426244,1,-1,2,0,0,2,0,2,-2,0,0,0,Left,1.575
5,R_1mk4ApdNyC8nelL,73,f,1,1,1230.8999999761581,"Boycott, Divest, and Sanction Israel",Black Lives Matter,1,1,2,6,3,2.455153310442705,2,7,3,2.455153310442705,2,2,0,0,-1,0,1,0,0,0,-1,0,Left,1.230899999976158
5,R_1mk4ApdNyC8nelL,74,f,1,1,654.3000000119209,Safe injection locations,Defund the police,1,1,1,7,3,-0.395992469426244,1,6,3,-0.395992469426244,1,1,0,0,1,0,1,0,0,0,1,0,Left,0.6543000000119209
5,R_1mk4ApdNyC8nelL,75,j,2,0,465.39999997615814,Black Lives Matter,Hardening schools/Arming teachers,-1,1,2,7,3,2.455153310442705,1,6,3,-0.395992469426244,-2,1,3,-1,-1,3,1,-3,3,1,1,1,Right,0.46539999997615816
5,R_1mk4ApdNyC8nelL,76,f,1,1,827.1000000238419,Physician-assisted suicide,Safe injection locations,-1,-1,1,6,3,-0.395992469426244,1,7,3,-0.395992469426244,-1,-1,0,0,-1,0,1,0,0,0,-1,0,Left,0.8271000000238419
5,R_1mk4ApdNyC8nelL,77,f,1,1,751.9000000357628,Build southern border wall,Black Lives Matter,1,-1,2,6,3,2.455153310442705,2,7,3,2.455153310442705,2,-2,4,0,-1,4,1,4,-4,0,-1,0,Left,0.7519000000357627
5,R_1mk4ApdNyC8nelL,78,f,1,1,1300.199999988079,Abolishing private prisons,"Boycott, Divest, and Sanction Israel",1,-1,1,6,3,-0.395992469426244,2,6,3,2.455153310442705,1,-2,3,-1,0,3,0,3,-3,-1,0,0,Left,1.3001999999880791
5,R_1mk4ApdNyC8nelL,79,j,2,0,889.3000000119209,Build southern border wall,Legalization of marijuana,-1,-1,2,6,3,2.455153310442705,1,6,3,-0.395992469426244,-2,-1,1,-1,0,1,0,-1,1,1,0,1,Right,0.8893000000119209
5,R_1mk4ApdNyC8nelL,80,f,1,1,335,Recognize Jerusalem as capital of Israel,Black Lives Matter,-1,1,1,5,3,-0.395992469426244,2,7,3,2.455153310442705,-1,2,-3,-1,-2,3,2,-3,3,-1,-2,0,Left,0.335
5,R_1mk4ApdNyC8nelL,81,f,1,1,1267.199999988079,Stop police brutality,Black Lives Matter,1,1,1,7,3,-0.395992469426244,2,7,3,2.455153310442705,1,2,-1,-1,0,1,0,-1,1,-1,0,0,Left,1.267199999988079
5,R_1mk4ApdNyC8nelL,82,j,2,0,753.0999999642372,Black Lives Matter,Recognize Jerusalem as capital of Israel,1,1,2,7,3,2.455153310442705,1,5,3,-0.395992469426244,2,1,-1,-1,-2,1,2,1,-1,1,2,1,Right,0.7530999999642373
5,R_1mk4ApdNyC8nelL,84,f,1,1,332.0999999642372,Climate change legislation,"Boycott, Divest, and Sanction Israel",-1,1,1,6,3,-0.395992469426244,2,6,3,2.455153310442705,-1,2,-3,-1,0,3,0,-3,3,-1,0,0,Left,0.3320999999642372
5,R_1mk4ApdNyC8nelL,85,f,1,1,1031.300000011921,Stop police brutality,Recognize Jerusalem as capital of Israel,-1,1,1,7,3,-0.395992469426244,1,5,3,-0.395992469426244,-1,1,-2,0,2,2,2,-2,2,0,2,0,Left,1.031300000011921
5,R_1mk4ApdNyC8nelL,86,j,2,0,1343.3999999761581,Black Lives Matter,Recognize Jerusalem as capital of Israel,1,-1,2,7,3,2.455153310442705,1,5,3,-0.395992469426244,2,-1,-3,-1,-2,3,2,3,-3,1,2,1,Right,1.343399999976158
5,R_1mk4ApdNyC8nelL,87,f,1,1,1400.5,Safe injection locations,Increased Gun regulations,-1,1,1,7,3,-0.395992469426244,1,6,3,-0.395992469426244,-1,1,-2,0,1,2,1,-2,2,0,1,0,Left,1.4005
5,R_1mk4ApdNyC8nelL,88,f,1,1,2724.399999976158,"Boycott, Divest, and Sanction Israel",Stop police brutality,1,1,2,6,3,2.455153310442705,1,7,3,-0.395992469426244,2,1,1,1,-1,1,1,1,-1,1,-1,0,Left,2.7243999999761583
5,R_1mk4ApdNyC8nelL,89,j,2,0,1220.199999988079,Black Lives Matter,Build southern border wall,1,-1,2,7,3,2.455153310442705,2,6,3,2.455153310442705,2,-2,-4,0,-1,4,1,4,-4,0,1,1,Right,1.220199999988079
5,R_1mk4ApdNyC8nelL,91,f,1,1,655.8000000119209,Black Lives Matter,Stop police brutality,1,1,2,7,3,2.455153310442705,1,7,3,-0.395992469426244,2,1,1,1,0,1,0,1,-1,1,0,0,Left,0.655800000011921
5,R_1mk4ApdNyC8nelL,92,f,1,1,1450.3999999761581,Recognize Jerusalem as capital of Israel,Recognize Jerusalem as capital of Israel,-1,1,1,5,3,-0.395992469426244,1,5,3,-0.395992469426244,-1,1,-2,0,0,2,0,-2,2,0,0,0,Left,1.450399999976158
5,R_1mk4ApdNyC8nelL,93,j,2,0,1139.9000000357628,Black Lives Matter,Abolishing fraternities,-1,1,2,7,3,2.455153310442705,2,6,3,2.455153310442705,-2,2,4,0,-1,4,1,-4,4,0,1,1,Right,1.1399000000357629
5,R_1mk4ApdNyC8nelL,94,j,2,0,659.0999999642372,Mandatory vaccinations,Abolishing fraternities,1,-1,2,6,3,2.455153310442705,2,6,3,2.455153310442705,2,-2,-4,0,0,4,0,4,-4,0,0,1,Right,0.6590999999642372
5,R_1mk4ApdNyC8nelL,96,f,1,1,765.1999999880791,Religious exemptions for discrimination laws,Recognize Jerusalem as capital of Israel,1,-1,1,6,3,-0.395992469426244,1,5,3,-0.395992469426244,1,-1,2,0,1,2,1,2,-2,0,1,0,Left,0.7651999999880791
5,R_1mk4ApdNyC8nelL,97,f,1,1,2418.899999976158,Black Lives Matter,Abolishing fraternities,-1,-1,2,7,3,2.455153310442705,2,6,3,2.455153310442705,-2,-2,0,0,1,0,1,0,0,0,1,0,Left,2.418899999976158
5,R_1mk4ApdNyC8nelL,98,f,1,1,1519.699999988079,Safe injection locations,Black Lives Matter,-1,1,1,7,3,-0.395992469426244,2,7,3,2.455153310442705,-1,2,-3,-1,0,3,0,-3,3,-1,0,0,Left,1.5196999999880791
5,R_1mk4ApdNyC8nelL,100,j,2,0,2333.699999988079,Black Lives Matter,Mandatory vaccinations,-1,-1,2,7,3,2.455153310442705,2,6,3,2.455153310442705,-2,-2,0,0,-1,0,1,0,0,0,1,1,Right,2.333699999988079
27,R_3hg2eQmMtJqkuk1,1,f,1,1,6260.600000023842,Mandatory training on sexual consent,Abolishing fraternities,-1,1,-1,3,2,-4.00693842672377,0,3,3,0.235702260395515,1,0,1,-1,0,1,0,1,-1,-1,0,0,Left,6.2606000000238415
27,R_3hg2eQmMtJqkuk1,6,j,2,0,272.09999990463257,Physician-assisted suicide,Mandatory training on sexual consent,1,-1,0,0,1,0.235702260395515,-1,3,2,-4.00693842672377,0,1,1,-1,3,1,3,-1,1,1,-3,1,Right,0.2720999999046326
27,R_3hg2eQmMtJqkuk1,7,f,1,1,195.40000009536743,On campus concealed carry,Bathrooms restricted based on biological sex,-1,-1,0,3,1,0.235702260395515,0,1,2,0.235702260395515,-0,-0,0,0,2,0,2,0,0,0,2,0,Left,0.19540000009536743
27,R_3hg2eQmMtJqkuk1,9,f,1,1,296,Gun-free campus police,Physician-assisted suicide,-1,-1,0,1,1,0.235702260395515,0,0,1,0.235702260395515,-0,-0,0,0,1,0,1,0,0,0,1,0,Left,0.296
27,R_3hg2eQmMtJqkuk1,11,j,2,0,151.90000009536743,Mandatory trigger warnings,Physician-assisted suicide,1,-1,0,5,1,0.235702260395515,0,0,1,0.235702260395515,0,-0,-0,0,-5,0,5,0,-0,0,5,1,Right,0.15190000009536744
27,R_3hg2eQmMtJqkuk1,12,f,1,1,192.80000007152557,Gun-free campus police,On campus concealed carry,-1,-1,0,1,1,0.235702260395515,0,3,1,0.235702260395515,-0,-0,0,0,-2,0,2,0,0,0,-2,0,Left,0.19280000007152556
27,R_3hg2eQmMtJqkuk1,13,j,2,0,1451.3999999761581,On campus concealed carry,"Boycott, Divest, and Sanction Israel",1,1,0,3,1,0.235702260395515,0,0,2,0.235702260395515,0,0,0,0,-3,0,3,0,0,0,3,1,Right,1.4513999999761582
27,R_3hg2eQmMtJqkuk1,14,f,1,1,207.59999990463257,Mandatory training on sexual consent,Mandatory trigger warnings,1,-1,-1,3,2,-4.00693842672377,0,5,1,0.235702260395515,-1,-0,-1,-1,-2,1,2,-1,1,-1,-2,0,Left,0.20759999990463257
27,R_3hg2eQmMtJqkuk1,15,f,1,1,256.5,Mandatory trigger warnings,Mandatory training on sexual consent,-1,-1,0,5,1,0.235702260395515,-1,3,2,-4.00693842672377,-0,1,-1,1,2,1,2,-1,1,1,2,0,Left,0.2565
27,R_3hg2eQmMtJqkuk1,16,j,2,0,246.10000002384186,Mandatory trigger warnings,Remove police from schools,-1,-1,0,5,1,0.235702260395515,0,1,3,0.235702260395515,-0,-0,0,0,-4,0,4,0,0,0,4,1,Right,0.24610000002384186
27,R_3hg2eQmMtJqkuk1,17,f,1,1,239.39999997615814,Remove police from schools,"Boycott, Divest, and Sanction Israel",-1,1,0,1,3,0.235702260395515,0,0,2,0.235702260395515,-0,0,-0,0,1,0,1,-0,0,0,1,0,Left,0.23939999997615813
27,R_3hg2eQmMtJqkuk1,18,f,1,1,152,Mandatory training on sexual consent,Expel students with white nationlist views,-1,-1,-1,3,2,-4.00693842672377,0,2,1,0.235702260395515,1,-0,1,-1,1,1,1,1,-1,-1,1,0,Left,0.152
27,R_3hg2eQmMtJqkuk1,20,f,1,1,556,Expel students with white nationlist views,Mandatory training on sexual consent,-1,-1,0,2,1,0.235702260395515,-1,3,2,-4.00693842672377,-0,1,-1,1,-1,1,1,-1,1,1,-1,0,Left,0.556
27,R_3hg2eQmMtJqkuk1,21,j,2,0,485.3000000715256,Mandatory trigger warnings,Climate change legislation,-1,1,0,5,1,0.235702260395515,0,2,3,0.235702260395515,-0,0,0,0,-3,0,3,-0,0,0,3,1,Right,0.4853000000715256
27,R_3hg2eQmMtJqkuk1,23,f,1,1,249.60000002384186,Mandatory trigger warnings,On campus concealed carry,1,-1,0,5,1,0.235702260395515,0,3,1,0.235702260395515,0,-0,0,0,2,0,2,0,-0,0,2,0,Left,0.24960000002384186
27,R_3hg2eQmMtJqkuk1,24,f,1,1,176,Mandatory training on sexual consent,Physician-assisted suicide,1,-1,-1,3,2,-4.00693842672377,0,0,1,0.235702260395515,-1,-0,-1,-1,3,1,3,-1,1,-1,3,0,Left,0.176
27,R_3hg2eQmMtJqkuk1,26,f,1,1,244.79999995231628,Mandatory training on sexual consent,Abolishing private prisons,1,1,-1,3,2,-4.00693842672377,0,1,2,0.235702260395515,-1,0,-1,-1,2,1,2,-1,1,-1,2,0,Left,0.24479999995231627
27,R_3hg2eQmMtJqkuk1,28,j,2,0,1695.7999999523163,Mandatory training on sexual consent,"Boycott, Divest, and Sanction Israel",-1,-1,-1,3,2,-4.00693842672377,0,0,2,0.235702260395515,1,-0,-1,1,-3,1,3,1,-1,-1,3,1,Right,1.6957999999523163
27,R_3hg2eQmMtJqkuk1,29,j,2,0,3413,On campus concealed carry,Allow alt-right speakers on campus,1,-1,0,3,1,0.235702260395515,0,2,1,0.235702260395515,0,-0,-0,0,-1,0,1,0,-0,0,1,1,Right,3.413
27,R_3hg2eQmMtJqkuk1,30,f,1,1,3954.399999976158,Mandatory trigger warnings,Mandatory training on sexual consent,-1,-1,0,5,1,0.235702260395515,-1,3,2,-4.00693842672377,-0,1,-1,1,2,1,2,-1,1,1,2,0,Left,3.9543999999761583
27,R_3hg2eQmMtJqkuk1,31,f,1,1,1815.8999999761581,Mandatory training on sexual consent,Climate change legislation,1,1,-1,3,2,-4.00693842672377,0,2,3,0.235702260395515,-1,0,-1,-1,1,1,1,-1,1,-1,1,0,Left,1.8158999999761583
27,R_3hg2eQmMtJqkuk1,32,j,2,0,6224.600000023842,Abortion rights,Mandatory trigger warnings,-1,-1,0,2,1,0.235702260395515,0,5,1,0.235702260395515,-0,-0,0,0,3,0,3,0,0,0,-3,1,Right,6.224600000023842
27,R_3hg2eQmMtJqkuk1,33,f,1,1,4357.600000023842,Abolishing fraternities,Abortion rights,1,-1,0,3,3,0.235702260395515,0,2,1,0.235702260395515,0,-0,0,0,1,0,1,0,-0,0,1,0,Left,4.357600000023842
27,R_3hg2eQmMtJqkuk1,34,f,1,1,2829,Mandatory trigger warnings,Stop police brutality,-1,1,0,5,1,0.235702260395515,0,2,1,0.235702260395515,-0,0,-0,0,3,0,3,-0,0,0,3,0,Left,2.829
27,R_3hg2eQmMtJqkuk1,35,f,1,1,2555.6999999284744,Mandatory training on sexual consent,Mandatory training on sexual consent,1,-1,-1,3,2,-4.00693842672377,-1,3,2,-4.00693842672377,-1,1,-2,0,0,2,0,-2,2,0,0,0,Left,2.5556999999284744
27,R_3hg2eQmMtJqkuk1,36,f,1,1,1546.6000000238419,Lift COVID lockdowns,"Boycott, Divest, and Sanction Israel",1,-1,0,2,1,0.235702260395515,0,0,2,0.235702260395515,0,-0,0,0,2,0,2,0,-0,0,2,0,Left,1.5466000000238418
27,R_3hg2eQmMtJqkuk1,38,j,2,0,14985.800000071526,Mandatory training on sexual consent,Climate change legislation,1,-1,-1,3,2,-4.00693842672377,0,2,3,0.235702260395515,-1,-0,1,1,-1,1,1,-1,1,-1,1,1,Right,14.985800000071526
27,R_3hg2eQmMtJqkuk1,39,j,2,0,42542.5,Mandatory training on sexual consent,On campus concealed carry,1,1,-1,3,2,-4.00693842672377,0,3,1,0.235702260395515,-1,0,1,1,0,1,0,-1,1,-1,0,1,Right,42.5425
27,R_3hg2eQmMtJqkuk1,40,f,1,1,2742.899999976158,Physician-assisted suicide,Mandatory trigger warnings,1,-1,0,0,1,0.235702260395515,0,5,1,0.235702260395515,0,-0,0,0,-5,0,5,0,-0,0,-5,0,Left,2.7428999999761583
27,R_3hg2eQmMtJqkuk1,41,f,1,1,1581.1000000238419,Bathrooms restricted based on biological sex,Mandatory training on sexual consent,-1,1,0,1,2,0.235702260395515,-1,3,2,-4.00693842672377,-0,-1,1,1,-2,1,2,1,-1,1,-2,0,Left,1.5811000000238418
27,R_3hg2eQmMtJqkuk1,42,f,1,1,888.6999999284744,Mandatory training on sexual consent,Mandatory trigger warnings,1,1,-1,3,2,-4.00693842672377,0,5,1,0.235702260395515,-1,0,-1,-1,-2,1,2,-1,1,-1,-2,0,Left,0.8886999999284744
27,R_3hg2eQmMtJqkuk1,43,f,1,1,349.5,Climate change legislation,"Boycott, Divest, and Sanction Israel",-1,-1,0,2,3,0.235702260395515,0,0,2,0.235702260395515,-0,-0,0,0,2,0,2,0,0,0,2,0,Left,0.3495
27,R_3hg2eQmMtJqkuk1,45,f,1,1,473.7999999523163,Lift COVID lockdowns,Dorms determined by gender identity,1,-1,0,2,1,0.235702260395515,0,1,2,0.235702260395515,0,-0,0,0,1,0,1,0,-0,0,1,0,Left,0.4737999999523163
27,R_3hg2eQmMtJqkuk1,46,f,1,1,1701.7999999523163,Climate change legislation,Mandatory trigger warnings,-1,1,0,2,3,0.235702260395515,0,5,1,0.235702260395515,-0,0,-0,0,-3,0,3,-0,0,0,-3,0,Left,1.7017999999523163
27,R_3hg2eQmMtJqkuk1,47,f,1,1,15193.200000047684,"Boycott, Divest, and Sanction Israel",Mandatory training on sexual consent,1,-1,0,0,2,0.235702260395515,-1,3,2,-4.00693842672377,0,1,-1,1,-3,1,3,-1,1,1,-3,0,Left,15.193200000047684
27,R_3hg2eQmMtJqkuk1,48,f,1,1,1021.7000000476837,Cuts to National Parks budget,Mandatory training on sexual consent,-1,1,0,3,3,0.235702260395515,-1,3,2,-4.00693842672377,-0,-1,1,1,0,1,0,1,-1,1,0,0,Left,1.0217000000476837
27,R_3hg2eQmMtJqkuk1,49,f,1,1,516,Gun-free campus police,Mandatory training on sexual consent,1,-1,0,1,1,0.235702260395515,-1,3,2,-4.00693842672377,0,1,-1,1,-2,1,2,-1,1,1,-2,0,Left,0.516
27,R_3hg2eQmMtJqkuk1,50,f,1,1,523.7999999523163,Physician-assisted suicide,Allow alt-right speakers on campus,-1,1,0,0,1,0.235702260395515,0,2,1,0.235702260395515,-0,0,-0,0,-2,0,2,-0,0,0,-2,0,Left,0.5237999999523163
27,R_3hg2eQmMtJqkuk1,51,f,1,1,249.39999997615814,Physician-assisted suicide,Abolishing private prisons,-1,1,0,0,1,0.235702260395515,0,1,2,0.235702260395515,-0,0,-0,0,-1,0,1,-0,0,0,-1,0,Left,0.24939999997615814
27,R_3hg2eQmMtJqkuk1,52,f,1,1,1106.3999999761581,Expel students with white nationlist views,Mandatory training on sexual consent,1,1,0,2,1,0.235702260395515,-1,3,2,-4.00693842672377,0,-1,1,1,-1,1,1,1,-1,1,-1,0,Left,1.1063999999761582
27,R_3hg2eQmMtJqkuk1,53,f,1,1,521.4000000953674,Physician-assisted suicide,Mandatory trigger warnings,1,-1,0,0,1,0.235702260395515,0,5,1,0.235702260395515,0,-0,0,0,-5,0,5,0,-0,0,-5,0,Left,0.5214000000953675
27,R_3hg2eQmMtJqkuk1,54,f,1,1,701.1000000238419,Mandatory training on sexual consent,Gun-free campus police,-1,1,-1,3,2,-4.00693842672377,0,1,1,0.235702260395515,1,0,1,-1,2,1,2,1,-1,-1,2,0,Left,0.7011000000238419
27,R_3hg2eQmMtJqkuk1,55,f,1,1,2773,Mandatory training on sexual consent,Climate change legislation,-1,1,-1,3,2,-4.00693842672377,0,2,3,0.235702260395515,1,0,1,-1,1,1,1,1,-1,-1,1,0,Left,2.773
27,R_3hg2eQmMtJqkuk1,56,f,1,1,638.8000000715256,Mandatory trigger warnings,Mandatory training on sexual consent,-1,-1,0,5,1,0.235702260395515,-1,3,2,-4.00693842672377,-0,1,-1,1,2,1,2,-1,1,1,2,0,Left,0.6388000000715256
27,R_3hg2eQmMtJqkuk1,57,f,1,1,700.7000000476837,Climate change legislation,Mandatory training on sexual consent,-1,1,0,2,3,0.235702260395515,-1,3,2,-4.00693842672377,-0,-1,1,1,-1,1,1,1,-1,1,-1,0,Left,0.7007000000476837
27,R_3hg2eQmMtJqkuk1,58,f,1,1,1101.5,Physician-assisted suicide,Mandatory training on sexual consent,1,-1,0,0,1,0.235702260395515,-1,3,2,-4.00693842672377,0,1,-1,1,-3,1,3,-1,1,1,-3,0,Left,1.1015
27,R_3hg2eQmMtJqkuk1,60,f,1,1,495.5,Mandatory trigger warnings,Remove police from schools,1,-1,0,5,1,0.235702260395515,0,1,3,0.235702260395515,0,-0,0,0,4,0,4,0,-0,0,4,0,Left,0.4955
27,R_3hg2eQmMtJqkuk1,61,f,1,1,417.2000000476837,On campus concealed carry,Mandatory trigger warnings,1,1,0,3,1,0.235702260395515,0,5,1,0.235702260395515,0,0,0,0,-2,0,2,0,0,0,-2,0,Left,0.4172000000476837
27,R_3hg2eQmMtJqkuk1,62,f,1,1,1179.4000000953674,Mandatory training on sexual consent,Abolishing private prisons,1,1,-1,3,2,-4.00693842672377,0,1,2,0.235702260395515,-1,0,-1,-1,2,1,2,-1,1,-1,2,0,Left,1.1794000000953675
27,R_3hg2eQmMtJqkuk1,63,f,1,1,814.2999999523163,Stop police brutality,Physician-assisted suicide,1,-1,0,2,1,0.235702260395515,0,0,1,0.235702260395515,0,-0,0,0,2,0,2,0,-0,0,2,0,Left,0.8142999999523163
27,R_3hg2eQmMtJqkuk1,64,f,1,1,991.7000000476837,"Boycott, Divest, and Sanction Israel",Mandatory training on sexual consent,1,1,0,0,2,0.235702260395515,-1,3,2,-4.00693842672377,0,-1,1,1,-3,1,3,1,-1,1,-3,0,Left,0.9917000000476837
27,R_3hg2eQmMtJqkuk1,65,f,1,1,452.10000002384186,Mandatory training on sexual consent,Cuts to National Parks budget,-1,-1,-1,3,2,-4.00693842672377,0,3,3,0.235702260395515,1,-0,1,-1,0,1,0,1,-1,-1,0,0,Left,0.4521000000238419
27,R_3hg2eQmMtJqkuk1,66,f,1,1,174.69999992847443,Bathrooms restricted based on biological sex,Mandatory training on sexual consent,-1,-1,0,1,2,0.235702260395515,-1,3,2,-4.00693842672377,-0,1,-1,1,-2,1,2,-1,1,1,-2,0,Left,0.17469999992847443
27,R_3hg2eQmMtJqkuk1,67,f,1,1,394,On campus concealed carry,"Boycott, Divest, and Sanction Israel",1,-1,0,3,1,0.235702260395515,0,0,2,0.235702260395515,0,-0,0,0,3,0,3,0,-0,0,3,0,Left,0.394
27,R_3hg2eQmMtJqkuk1,68,f,1,1,372.40000009536743,Mandatory training on sexual consent,Mandatory training on sexual consent,1,-1,-1,3,2,-4.00693842672377,-1,3,2,-4.00693842672377,-1,1,-2,0,0,2,0,-2,2,0,0,0,Left,0.37240000009536744
27,R_3hg2eQmMtJqkuk1,69,f,1,1,175.79999995231628,Gun-free campus police,Lift COVID lockdowns,1,-1,0,1,1,0.235702260395515,0,2,1,0.235702260395515,0,-0,0,0,-1,0,1,0,-0,0,-1,0,Left,0.1757999999523163
27,R_3hg2eQmMtJqkuk1,71,f,1,1,284,Mandatory trigger warnings,Abortion rights,-1,-1,0,5,1,0.235702260395515,0,2,1,0.235702260395515,-0,-0,0,0,3,0,3,0,0,0,3,0,Left,0.284
27,R_3hg2eQmMtJqkuk1,72,f,1,1,245.90000009536743,Stop police brutality,Dorms determined by gender identity,1,-1,0,2,1,0.235702260395515,0,1,2,0.235702260395515,0,-0,0,0,1,0,1,0,-0,0,1,0,Left,0.24590000009536744
27,R_3hg2eQmMtJqkuk1,73,f,1,1,530.6000000238419,Mandatory training on sexual consent,Mandatory trigger warnings,1,-1,-1,3,2,-4.00693842672377,0,5,1,0.235702260395515,-1,-0,-1,-1,-2,1,2,-1,1,-1,-2,0,Left,0.5306000000238419
27,R_3hg2eQmMtJqkuk1,74,f,1,1,499.39999997615814,Cuts to National Parks budget,"Boycott, Divest, and Sanction Israel",-1,1,0,3,3,0.235702260395515,0,0,2,0.235702260395515,-0,0,-0,0,3,0,3,-0,0,0,3,0,Left,0.49939999997615814
27,R_3hg2eQmMtJqkuk1,75,f,1,1,2028,Mandatory training on sexual consent,On campus concealed carry,-1,-1,-1,3,2,-4.00693842672377,0,3,1,0.235702260395515,1,-0,1,-1,0,1,0,1,-1,-1,0,0,Left,2.028
27,R_3hg2eQmMtJqkuk1,76,f,1,1,261.5,Mandatory trigger warnings,Dorms determined by gender identity,1,1,0,5,1,0.235702260395515,0,1,2,0.235702260395515,0,0,0,0,4,0,4,0,0,0,4,0,Left,0.2615
27,R_3hg2eQmMtJqkuk1,77,f,1,1,412.1999999284744,Mandatory trigger warnings,Abolishing fraternities,1,1,0,5,1,0.235702260395515,0,3,3,0.235702260395515,0,0,0,0,2,0,2,0,0,0,2,0,Left,0.41219999992847445
27,R_3hg2eQmMtJqkuk1,78,f,1,1,1440.3999999761581,Gun-free campus police,Abolishing fraternities,1,-1,0,1,1,0.235702260395515,0,3,3,0.235702260395515,0,-0,0,0,-2,0,2,0,-0,0,-2,0,Left,1.440399999976158
27,R_3hg2eQmMtJqkuk1,79,f,1,1,2116.2000000476837,On campus concealed carry,Mandatory training on sexual consent,1,1,0,3,1,0.235702260395515,-1,3,2,-4.00693842672377,0,-1,1,1,0,1,0,1,-1,1,0,0,Left,2.1162000000476837
27,R_3hg2eQmMtJqkuk1,80,f,1,1,883.7999999523163,Abolishing fraternities,Lift COVID lockdowns,-1,-1,0,3,3,0.235702260395515,0,2,1,0.235702260395515,-0,-0,0,0,1,0,1,0,0,0,1,0,Left,0.8837999999523163
27,R_3hg2eQmMtJqkuk1,81,f,1,1,1402,Allow alt-right speakers on campus,Mandatory training on sexual consent,-1,-1,0,2,1,0.235702260395515,-1,3,2,-4.00693842672377,-0,1,-1,1,-1,1,1,-1,1,1,-1,0,Left,1.402
27,R_3hg2eQmMtJqkuk1,82,f,1,1,1075.0999999046326,Mandatory training on sexual consent,Allow alt-right speakers on campus,1,-1,-1,3,2,-4.00693842672377,0,2,1,0.235702260395515,-1,-0,-1,-1,1,1,1,-1,1,-1,1,0,Left,1.0750999999046327
27,R_3hg2eQmMtJqkuk1,83,f,1,1,577.6000000238419,Allow alt-right speakers on campus,Cuts to National Parks budget,1,1,0,2,1,0.235702260395515,0,3,3,0.235702260395515,0,0,0,0,-1,0,1,0,0,0,-1,0,Left,0.5776000000238418
27,R_3hg2eQmMtJqkuk1,84,f,1,1,412.90000009536743,On campus concealed carry,Mandatory training on sexual consent,1,1,0,3,1,0.235702260395515,-1,3,2,-4.00693842672377,0,-1,1,1,0,1,0,1,-1,1,0,0,Left,0.4129000000953674
27,R_3hg2eQmMtJqkuk1,85,f,1,1,547,Abolishing fraternities,Mandatory training on sexual consent,1,1,0,3,3,0.235702260395515,-1,3,2,-4.00693842672377,0,-1,1,1,0,1,0,1,-1,1,0,0,Left,0.547
27,R_3hg2eQmMtJqkuk1,86,f,1,1,281.3000000715256,Bathrooms restricted based on biological sex,"Boycott, Divest, and Sanction Israel",-1,-1,0,1,2,0.235702260395515,0,0,2,0.235702260395515,-0,-0,0,0,1,0,1,0,0,0,1,0,Left,0.28130000007152556
27,R_3hg2eQmMtJqkuk1,87,f,1,1,1374.8999999761581,Physician-assisted suicide,Mandatory training on sexual consent,-1,1,0,0,1,0.235702260395515,-1,3,2,-4.00693842672377,-0,-1,1,1,-3,1,3,1,-1,1,-3,0,Left,1.3748999999761582
27,R_3hg2eQmMtJqkuk1,88,f,1,1,2303.7000000476837,On campus concealed carry,Mandatory training on sexual consent,-1,-1,0,3,1,0.235702260395515,-1,3,2,-4.00693842672377,-0,1,-1,1,0,1,0,-1,1,1,0,0,Left,2.3037000000476837
27,R_3hg2eQmMtJqkuk1,90,f,1,1,1739.6000000238419,Gun-free campus police,Cuts to National Parks budget,1,-1,0,1,1,0.235702260395515,0,3,3,0.235702260395515,0,-0,0,0,-2,0,2,0,-0,0,-2,0,Left,1.7396000000238419
27,R_3hg2eQmMtJqkuk1,91,f,1,1,3924.2999999523163,Mandatory trigger warnings,Mandatory training on sexual consent,-1,-1,0,5,1,0.235702260395515,-1,3,2,-4.00693842672377,-0,1,-1,1,2,1,2,-1,1,1,2,0,Left,3.9242999999523165
27,R_3hg2eQmMtJqkuk1,93,f,1,1,806.1999999284744,Cuts to National Parks budget,Mandatory trigger warnings,-1,-1,0,3,3,0.235702260395515,0,5,1,0.235702260395515,-0,-0,0,0,-2,0,2,0,0,0,-2,0,Left,0.8061999999284745
27,R_3hg2eQmMtJqkuk1,94,f,1,1,461.7000000476837,Mandatory training on sexual consent,Abolishing private prisons,1,-1,-1,3,2,-4.00693842672377,0,1,2,0.235702260395515,-1,-0,-1,-1,2,1,2,-1,1,-1,2,0,Left,0.4617000000476837
27,R_3hg2eQmMtJqkuk1,96,f,1,1,421.59999990463257,Cuts to National Parks budget,Physician-assisted suicide,-1,-1,0,3,3,0.235702260395515,0,0,1,0.235702260395515,-0,-0,0,0,3,0,3,0,0,0,3,0,Left,0.4215999999046326
27,R_3hg2eQmMtJqkuk1,97,f,1,1,198.29999995231628,Dorms determined by gender identity,Mandatory training on sexual consent,-1,-1,0,1,2,0.235702260395515,-1,3,2,-4.00693842672377,-0,1,-1,1,-2,1,2,-1,1,1,-2,0,Left,0.19829999995231629
27,R_3hg2eQmMtJqkuk1,98,f,1,1,450,Mandatory training on sexual consent,"Boycott, Divest, and Sanction Israel",-1,1,-1,3,2,-4.00693842672377,0,0,2,0.235702260395515,1,0,1,-1,3,1,3,1,-1,-1,3,0,Left,0.45
27,R_3hg2eQmMtJqkuk1,99,j,2,0,1178.3999999761581,Dorms determined by gender identity,Mandatory training on sexual consent,-1,-1,0,1,2,0.235702260395515,-1,3,2,-4.00693842672377,-0,1,1,-1,2,1,2,-1,1,1,-2,1,Right,1.178399999976158
27,R_3hg2eQmMtJqkuk1,100,f,1,1,542.7999999523163,Mandatory trigger warnings,Mandatory training on sexual consent,-1,1,0,5,1,0.235702260395515,-1,3,2,-4.00693842672377,-0,-1,1,1,2,1,2,1,-1,1,2,0,Left,0.5427999999523163
12,R_2s7QsEGOLhFu4Qy,1,f,1,1,2369.0999999046326,Mask mandates,Black Lives Matter,1,1,3,6,4,0.8819171036881972,3,8,4,0.8819171036881972,3,3,0,0,-2,0,2,0,0,0,-2,0,Left,2.3690999999046327
12,R_2s7QsEGOLhFu4Qy,2,j,2,0,788.8999999761581,Bathrooms restricted based on biological sex,Mask mandates,-1,-1,2,6,4,-1.1023963796102456,3,6,4,0.8819171036881972,-2,-3,-1,1,0,1,0,1,-1,-1,0,1,Right,0.7888999999761581
12,R_2s7QsEGOLhFu4Qy,3,j,2,0,1494.0999999046326,University Campus should be a Sanctuary,Mask mandates,-1,1,2,8,4,-1.1023963796102456,3,6,4,0.8819171036881972,-2,3,5,1,-2,5,2,-5,5,-1,2,1,Right,1.4940999999046325
12,R_2s7QsEGOLhFu4Qy,4,f,1,1,2499.1999999284744,Student worker unionization,Ban on research with animals,1,1,2,7,3,-1.1023963796102456,3,7,3,0.8819171036881972,2,3,-1,-1,0,1,0,-1,1,-1,0,0,Left,2.4991999999284746
12,R_2s7QsEGOLhFu4Qy,5,j,2,0,724.6999999284744,Mandatory trigger warnings,Mask mandates,1,1,2,7,3,-1.1023963796102456,3,6,4,0.8819171036881972,2,3,1,1,-1,1,1,-1,1,-1,1,1,Right,0.7246999999284744
12,R_2s7QsEGOLhFu4Qy,6,f,1,1,796.7000000476837,Stop police brutality,Build southern border wall,-1,-1,3,7,4,0.8819171036881972,2,8,4,-1.1023963796102456,-3,-2,-1,1,-1,1,1,-1,1,1,-1,0,Left,0.7967000000476837
12,R_2s7QsEGOLhFu4Qy,7,f,1,1,5017.599999904633,Mask mandates,Physician-assisted suicide,-1,-1,3,6,4,0.8819171036881972,2,8,4,-1.1023963796102456,-3,-2,-1,1,-2,1,2,-1,1,1,-2,0,Left,5.017599999904633
12,R_2s7QsEGOLhFu4Qy,8,j,2,0,770.2999999523163,Mandatory trigger warnings,Mask mandates,1,-1,2,7,3,-1.1023963796102456,3,6,4,0.8819171036881972,2,-3,-5,1,-1,5,1,5,-5,-1,1,1,Right,0.7702999999523162
12,R_2s7QsEGOLhFu4Qy,9,f,1,1,829.6999999284744,Mask mandates,On campus concealed carry,1,1,3,6,4,0.8819171036881972,3,7,4,0.8819171036881972,3,3,0,0,-1,0,1,0,0,0,-1,0,Left,0.8296999999284744
12,R_2s7QsEGOLhFu4Qy,10,f,1,1,3275.2999999523163,Mandatory drug tests for welfare recipients,Mask mandates,-1,1,2,8,4,-1.1023963796102456,3,6,4,0.8819171036881972,-2,3,-5,-1,2,5,2,-5,5,-1,2,0,Left,3.2752999999523165
12,R_2s7QsEGOLhFu4Qy,11,f,1,1,2189.399999976158,Student worker unionization,Bathrooms restricted based on biological sex,-1,-1,2,7,3,-1.1023963796102456,2,6,4,-1.1023963796102456,-2,-2,0,0,1,0,1,0,0,0,1,0,Left,2.189399999976158
12,R_2s7QsEGOLhFu4Qy,12,f,1,1,3544.899999976158,Mask mandates,Cuts to National Parks budget,-1,-1,3,6,4,0.8819171036881972,2,6,3,-1.1023963796102456,-3,-2,-1,1,0,1,0,-1,1,1,0,0,Left,3.5448999999761583
12,R_2s7QsEGOLhFu4Qy,13,f,1,1,11057.299999952316,Hardening schools/Arming teachers,Cuts to National Parks budget,1,-1,2,8,4,-1.1023963796102456,2,6,3,-1.1023963796102456,2,-2,4,0,2,4,2,4,-4,0,2,0,Left,11.057299999952317
12,R_2s7QsEGOLhFu4Qy,14,j,2,0,1157,Defund Planned Parenthood,Allow alt-right speakers on campus,1,1,2,8,4,-1.1023963796102456,3,8,3,0.8819171036881972,2,3,1,1,0,1,0,-1,1,-1,0,1,Right,1.157
12,R_2s7QsEGOLhFu4Qy,15,f,1,1,781,Abolishing fraternities,Expel students with white nationlist views,-1,-1,2,8,4,-1.1023963796102456,3,8,3,0.8819171036881972,-2,-3,1,-1,0,1,0,1,-1,-1,0,0,Left,0.781
12,R_2s7QsEGOLhFu4Qy,16,j,2,0,642.8999999761581,Student worker unionization,Mandatory trigger warnings,1,-1,2,7,3,-1.1023963796102456,2,7,3,-1.1023963796102456,2,-2,-4,0,0,4,0,4,-4,0,0,1,Right,0.6428999999761581
12,R_2s7QsEGOLhFu4Qy,17,f,1,1,606.6000000238419,Black Lives Matter,Abolishing private prisons,-1,-1,3,8,4,0.8819171036881972,3,7,3,0.8819171036881972,-3,-3,0,0,1,0,1,0,0,0,1,0,Left,0.6066000000238418
12,R_2s7QsEGOLhFu4Qy,18,j,2,0,567.2000000476837,Legalization of marijuana,Mask mandates,-1,1,3,7,4,0.8819171036881972,3,6,4,0.8819171036881972,-3,3,6,0,-1,6,1,-6,6,0,1,1,Right,0.5672000000476837
12,R_2s7QsEGOLhFu4Qy,19,j,2,0,644.8000000715256,Increased Gun regulations,Increased Gun regulations,1,-1,3,7,4,0.8819171036881972,3,7,4,0.8819171036881972,3,-3,-6,0,0,6,0,6,-6,0,0,1,Right,0.6448000000715256
12,R_2s7QsEGOLhFu4Qy,20,j,2,0,789.6999999284744,University Campus should be a Sanctuary,Cuts to National Parks budget,-1,-1,2,8,4,-1.1023963796102456,2,6,3,-1.1023963796102456,-2,-2,0,0,-2,0,2,0,0,0,2,1,Right,0.7896999999284744
12,R_2s7QsEGOLhFu4Qy,21,j,2,0,755.7999999523163,Detention of migrant children,Mandatory trigger warnings,1,1,2,8,4,-1.1023963796102456,2,7,3,-1.1023963796102456,2,2,0,0,-1,0,1,0,0,0,1,1,Right,0.7557999999523163
12,R_2s7QsEGOLhFu4Qy,22,f,1,1,576.7000000476837,Mask mandates,Hardening schools/Arming teachers,-1,-1,3,6,4,0.8819171036881972,2,8,4,-1.1023963796102456,-3,-2,-1,1,-2,1,2,-1,1,1,-2,0,Left,0.5767000000476837
12,R_2s7QsEGOLhFu4Qy,23,f,1,1,900.3000000715256,Mask mandates,Mandatory trigger warnings,-1,-1,3,6,4,0.8819171036881972,2,7,3,-1.1023963796102456,-3,-2,-1,1,-1,1,1,-1,1,1,-1,0,Left,0.9003000000715256
12,R_2s7QsEGOLhFu4Qy,24,f,1,1,17765.200000047684,Mandatory trigger warnings,Cuts to National Parks budget,1,1,2,7,3,-1.1023963796102456,2,6,3,-1.1023963796102456,2,2,0,0,1,0,1,0,0,0,1,0,Left,17.765200000047685
12,R_2s7QsEGOLhFu4Qy,25,j,2,0,1207.7000000476837,U.S. drone strikes in Afghanistan,Recognize Jerusalem as capital of Israel,1,-1,3,7,3,0.8819171036881972,2,8,4,-1.1023963796102456,3,-2,-5,-1,1,5,1,5,-5,1,-1,1,Right,1.2077000000476836
12,R_2s7QsEGOLhFu4Qy,26,f,1,1,620.5,Mask mandates,Mandatory vaccinations,1,-1,3,6,4,0.8819171036881972,3,8,3,0.8819171036881972,3,-3,6,0,-2,6,2,6,-6,0,-2,0,Left,0.6205
12,R_2s7QsEGOLhFu4Qy,27,j,2,0,608.2999999523163,Allow alt-right speakers on campus,Stop police brutality,1,1,3,8,3,0.8819171036881972,3,7,4,0.8819171036881972,3,3,0,0,-1,0,1,0,0,0,1,1,Right,0.6082999999523163
12,R_2s7QsEGOLhFu4Qy,28,j,2,0,414.8000000715256,Mandatory vaccinations,Expel students with white nationlist views,-1,1,3,8,3,0.8819171036881972,3,8,3,0.8819171036881972,-3,3,6,0,0,6,0,-6,6,0,0,1,Right,0.41480000007152557
12,R_2s7QsEGOLhFu4Qy,29,f,1,1,2060.1999999284744,Student worker unionization,Bathrooms restricted based on biological sex,-1,1,2,7,3,-1.1023963796102456,2,6,4,-1.1023963796102456,-2,2,-4,0,1,4,1,-4,4,0,1,0,Left,2.0601999999284746
12,R_2s7QsEGOLhFu4Qy,30,f,1,1,3997.2999999523163,Bathrooms restricted based on biological sex,Mask mandates,1,1,2,6,4,-1.1023963796102456,3,6,4,0.8819171036881972,2,3,-1,-1,0,1,0,-1,1,-1,0,0,Left,3.9972999999523164
12,R_2s7QsEGOLhFu4Qy,31,f,1,1,2007.1999999284744,University Campus should be a Sanctuary,Stop police brutality,1,1,2,8,4,-1.1023963796102456,3,7,4,0.8819171036881972,2,3,-1,-1,1,1,1,-1,1,-1,1,0,Left,2.0071999999284746
12,R_2s7QsEGOLhFu4Qy,32,j,2,0,918.6999999284744,Defund Planned Parenthood,"Boycott, Divest, and Sanction Israel",-1,1,2,8,4,-1.1023963796102456,2,8,4,-1.1023963796102456,-2,2,4,0,0,4,0,-4,4,0,0,1,Right,0.9186999999284744
12,R_2s7QsEGOLhFu4Qy,33,f,1,1,1122.2999999523163,Cuts to National Parks budget,Mandatory trigger warnings,-1,1,2,6,3,-1.1023963796102456,2,7,3,-1.1023963796102456,-2,2,-4,0,-1,4,1,-4,4,0,-1,0,Left,1.1222999999523162
12,R_2s7QsEGOLhFu4Qy,34,j,2,0,656.5,Defund the police,Religious exemptions for discrimination laws,-1,-1,3,8,4,0.8819171036881972,3,7,2,0.8819171036881972,-3,-3,0,0,-1,0,1,0,0,0,1,1,Right,0.6565
12,R_2s7QsEGOLhFu4Qy,35,f,1,1,1359,Defund Planned Parenthood,Mandatory trigger warnings,-1,-1,2,8,4,-1.1023963796102456,2,7,3,-1.1023963796102456,-2,-2,0,0,1,0,1,0,0,0,1,0,Left,1.359
12,R_2s7QsEGOLhFu4Qy,36,f,1,1,2747,Mask mandates,Build southern border wall,-1,1,3,6,4,0.8819171036881972,2,8,4,-1.1023963796102456,-3,2,-5,1,-2,5,2,-5,5,1,-2,0,Left,2.747
12,R_2s7QsEGOLhFu4Qy,37,j,2,0,682.2000000476837,Mandatory trigger warnings,Ban on research with animals,1,-1,2,7,3,-1.1023963796102456,3,7,3,0.8819171036881972,2,-3,-5,1,0,5,0,5,-5,-1,0,1,Right,0.6822000000476837
12,R_2s7QsEGOLhFu4Qy,38,f,1,1,708,Abolishing private prisons,Mask mandates,-1,-1,3,7,3,0.8819171036881972,3,6,4,0.8819171036881972,-3,-3,0,0,1,0,1,0,0,0,1,0,Left,0.708
12,R_2s7QsEGOLhFu4Qy,39,f,1,1,643.7999999523163,Hardening schools/Arming teachers,Bathrooms restricted based on biological sex,1,1,2,8,4,-1.1023963796102456,2,6,4,-1.1023963796102456,2,2,0,0,2,0,2,0,0,0,2,0,Left,0.6437999999523163
12,R_2s7QsEGOLhFu4Qy,40,f,1,1,728.5,Legalization of marijuana,Mask mandates,1,-1,3,7,4,0.8819171036881972,3,6,4,0.8819171036881972,3,-3,6,0,1,6,1,6,-6,0,1,0,Left,0.7285
12,R_2s7QsEGOLhFu4Qy,41,f,1,1,662.1999999284744,Student worker unionization,On campus concealed carry,-1,1,2,7,3,-1.1023963796102456,3,7,4,0.8819171036881972,-2,3,-5,-1,0,5,0,-5,5,-1,0,0,Left,0.6621999999284744
12,R_2s7QsEGOLhFu4Qy,42,f,1,1,672.8000000715256,Recognize Jerusalem as capital of Israel,Cuts to National Parks budget,-1,1,2,8,4,-1.1023963796102456,2,6,3,-1.1023963796102456,-2,2,-4,0,2,4,2,-4,4,0,2,0,Left,0.6728000000715256
12,R_2s7QsEGOLhFu4Qy,43,j,2,0,656.6999999284744,Allow alt-right speakers on campus,Student worker unionization,1,1,3,8,3,0.8819171036881972,2,7,3,-1.1023963796102456,3,2,-1,-1,-1,1,1,1,-1,1,1,1,Right,0.6566999999284744
12,R_2s7QsEGOLhFu4Qy,44,j,2,0,622.4000000953674,Abolishing private prisons,Mandatory trigger warnings,-1,-1,3,7,3,0.8819171036881972,2,7,3,-1.1023963796102456,-3,-2,1,-1,0,1,0,-1,1,1,0,1,Right,0.6224000000953674
12,R_2s7QsEGOLhFu4Qy,45,j,2,0,866.8000000715256,Religious exemptions for discrimination laws,U.S. drone strikes in Afghanistan,-1,1,3,7,2,0.8819171036881972,3,7,3,0.8819171036881972,-3,3,6,0,0,6,0,-6,6,0,0,1,Right,0.8668000000715256
12,R_2s7QsEGOLhFu4Qy,46,f,1,1,1128.3000000715256,Mandatory vaccinations,Legalization of marijuana,1,-1,3,8,3,0.8819171036881972,3,7,4,0.8819171036881972,3,-3,6,0,1,6,1,6,-6,0,1,0,Left,1.1283000000715255
12,R_2s7QsEGOLhFu4Qy,47,f,1,1,1307.3999999761581,Defund the police,Mask mandates,-1,1,3,8,4,0.8819171036881972,3,6,4,0.8819171036881972,-3,3,-6,0,2,6,2,-6,6,0,2,0,Left,1.307399999976158
12,R_2s7QsEGOLhFu4Qy,48,j,2,0,1040,University Campus should be a Sanctuary,Ban on ethnic Halloween costumes,-1,1,2,8,4,-1.1023963796102456,3,8,3,0.8819171036881972,-2,3,5,1,0,5,0,-5,5,-1,0,1,Right,1.04
12,R_2s7QsEGOLhFu4Qy,49,f,1,1,3867.399999976158,Mask mandates,Expel students with white nationlist views,-1,-1,3,6,4,0.8819171036881972,3,8,3,0.8819171036881972,-3,-3,0,0,-2,0,2,0,0,0,-2,0,Left,3.867399999976158
12,R_2s7QsEGOLhFu4Qy,50,f,1,1,1046.1000000238419,Cuts to National Parks budget,Defund the police,1,-1,2,6,3,-1.1023963796102456,3,8,4,0.8819171036881972,2,-3,5,-1,-2,5,2,5,-5,-1,-2,0,Left,1.0461000000238418
12,R_2s7QsEGOLhFu4Qy,51,f,1,1,705.6999999284744,Mask mandates,Defund the police,-1,-1,3,6,4,0.8819171036881972,3,8,4,0.8819171036881972,-3,-3,0,0,-2,0,2,0,0,0,-2,0,Left,0.7056999999284744
12,R_2s7QsEGOLhFu4Qy,52,j,2,0,539.7999999523163,Mask mandates,Climate change legislation,-1,1,3,6,4,0.8819171036881972,3,7,3,0.8819171036881972,-3,3,6,0,1,6,1,-6,6,0,-1,1,Right,0.5397999999523163
12,R_2s7QsEGOLhFu4Qy,53,f,1,1,703.1000000238419,Cuts to National Parks budget,Bathrooms restricted based on biological sex,1,-1,2,6,3,-1.1023963796102456,2,6,4,-1.1023963796102456,2,-2,4,0,0,4,0,4,-4,0,0,0,Left,0.7031000000238419
12,R_2s7QsEGOLhFu4Qy,54,j,2,0,890.3999999761581,Cuts to National Parks budget,Legalization of marijuana,1,1,2,6,3,-1.1023963796102456,3,7,4,0.8819171036881972,2,3,1,1,1,1,1,-1,1,-1,-1,1,Right,0.8903999999761582
12,R_2s7QsEGOLhFu4Qy,55,f,1,1,559.2999999523163,Defund the police,Affirmative action,-1,1,3,8,4,0.8819171036881972,3,7,3,0.8819171036881972,-3,3,-6,0,1,6,1,-6,6,0,1,0,Left,0.5592999999523163
12,R_2s7QsEGOLhFu4Qy,56,j,2,0,595.3999999761581,Mandatory trigger warnings,On campus concealed carry,-1,1,2,7,3,-1.1023963796102456,3,7,4,0.8819171036881972,-2,3,5,1,0,5,0,-5,5,-1,0,1,Right,0.5953999999761581
12,R_2s7QsEGOLhFu4Qy,57,f,1,1,725.1000000238419,Religious exemptions for discrimination laws,Cuts to National Parks budget,-1,1,3,7,2,0.8819171036881972,2,6,3,-1.1023963796102456,-3,2,-5,1,1,5,1,-5,5,1,1,0,Left,0.7251000000238419
12,R_2s7QsEGOLhFu4Qy,58,f,1,1,1207.9000000953674,Increased Gun regulations,Cuts to National Parks budget,1,-1,3,7,4,0.8819171036881972,2,6,3,-1.1023963796102456,3,-2,5,1,1,5,1,5,-5,1,1,0,Left,1.2079000000953675
12,R_2s7QsEGOLhFu4Qy,59,j,2,0,1094.7000000476837,Mask mandates,Defund the police,-1,1,3,6,4,0.8819171036881972,3,8,4,0.8819171036881972,-3,3,6,0,2,6,2,-6,6,0,-2,1,Right,1.0947000000476836
12,R_2s7QsEGOLhFu4Qy,60,f,1,1,1091.7000000476837,"Boycott, Divest, and Sanction Israel",Lift COVID lockdowns,1,-1,2,8,4,-1.1023963796102456,3,8,3,0.8819171036881972,2,-3,5,-1,0,5,0,5,-5,-1,0,0,Left,1.0917000000476837
12,R_2s7QsEGOLhFu4Qy,61,j,2,0,1155.1000000238419,Expel students with white nationlist views,Cuts to National Parks budget,1,1,3,8,3,0.8819171036881972,2,6,3,-1.1023963796102456,3,2,-1,-1,-2,1,2,1,-1,1,2,1,Right,1.1551000000238418
12,R_2s7QsEGOLhFu4Qy,62,j,2,0,1003.4000000953674,Mask mandates,Student worker unionization,1,1,3,6,4,0.8819171036881972,2,7,3,-1.1023963796102456,3,2,-1,-1,1,1,1,1,-1,1,-1,1,Right,1.0034000000953673
12,R_2s7QsEGOLhFu4Qy,63,j,2,0,930.5,Mask mandates,Mask mandates,-1,1,3,6,4,0.8819171036881972,3,6,4,0.8819171036881972,-3,3,6,0,0,6,0,-6,6,0,0,1,Right,0.9305
12,R_2s7QsEGOLhFu4Qy,64,j,2,0,1098.1999999284744,Mandatory trigger warnings,Mask mandates,-1,1,2,7,3,-1.1023963796102456,3,6,4,0.8819171036881972,-2,3,5,1,-1,5,1,-5,5,-1,1,1,Right,1.0981999999284744
12,R_2s7QsEGOLhFu4Qy,65,f,1,1,1341.6999999284744,Legalization of marijuana,Cuts to National Parks budget,-1,-1,3,7,4,0.8819171036881972,2,6,3,-1.1023963796102456,-3,-2,-1,1,1,1,1,-1,1,1,1,0,Left,1.3416999999284744
12,R_2s7QsEGOLhFu4Qy,66,f,1,1,1034.8999999761581,Bathrooms restricted based on biological sex,On campus concealed carry,-1,1,2,6,4,-1.1023963796102456,3,7,4,0.8819171036881972,-2,3,-5,-1,-1,5,1,-5,5,-1,-1,0,Left,1.0348999999761581
12,R_2s7QsEGOLhFu4Qy,67,j,2,0,563.2000000476837,Mask mandates,Bathrooms restricted based on biological sex,1,-1,3,6,4,0.8819171036881972,2,6,4,-1.1023963796102456,3,-2,-5,-1,0,5,0,5,-5,1,0,1,Right,0.5632000000476837
12,R_2s7QsEGOLhFu4Qy,68,f,1,1,829.7000000476837,Mandatory trigger warnings,Allow alt-right speakers on campus,-1,-1,2,7,3,-1.1023963796102456,3,8,3,0.8819171036881972,-2,-3,1,-1,-1,1,1,1,-1,-1,-1,0,Left,0.8297000000476837
12,R_2s7QsEGOLhFu4Qy,69,f,1,1,1826,Mandatory trigger warnings,Mask mandates,1,-1,2,7,3,-1.1023963796102456,3,6,4,0.8819171036881972,2,-3,5,-1,1,5,1,5,-5,-1,1,0,Left,1.826
12,R_2s7QsEGOLhFu4Qy,70,f,1,1,7553.399999976158,Mask mandates,Mandatory vaccinations,1,1,3,6,4,0.8819171036881972,3,8,3,0.8819171036881972,3,3,0,0,-2,0,2,0,0,0,-2,0,Left,7.5533999999761585
12,R_2s7QsEGOLhFu4Qy,71,f,1,1,3464.5,U.S. drone strikes in Afghanistan,Allow alt-right speakers on campus,1,1,3,7,3,0.8819171036881972,3,8,3,0.8819171036881972,3,3,0,0,-1,0,1,0,0,0,-1,0,Left,3.4645
12,R_2s7QsEGOLhFu4Qy,72,f,1,1,585.2000000476837,Mask mandates,Student worker unionization,-1,-1,3,6,4,0.8819171036881972,2,7,3,-1.1023963796102456,-3,-2,-1,1,-1,1,1,-1,1,1,-1,0,Left,0.5852000000476837
12,R_2s7QsEGOLhFu4Qy,73,j,2,0,603.2000000476837,Black Lives Matter,Bathrooms restricted based on biological sex,-1,-1,3,8,4,0.8819171036881972,2,6,4,-1.1023963796102456,-3,-2,1,-1,-2,1,2,-1,1,1,2,1,Right,0.6032000000476837
12,R_2s7QsEGOLhFu4Qy,74,f,1,1,1357.3999999761581,Mask mandates,Physician-assisted suicide,-1,1,3,6,4,0.8819171036881972,2,8,4,-1.1023963796102456,-3,2,-5,1,-2,5,2,-5,5,1,-2,0,Left,1.3573999999761581
12,R_2s7QsEGOLhFu4Qy,75,j,2,0,463.2000000476837,Mask mandates,Religious exemptions for discrimination laws,-1,-1,3,6,4,0.8819171036881972,3,7,2,0.8819171036881972,-3,-3,0,0,1,0,1,0,0,0,-1,1,Right,0.4632000000476837
12,R_2s7QsEGOLhFu4Qy,76,f,1,1,3830.5,Mandatory trigger warnings,Tuition increases,1,-1,2,7,3,-1.1023963796102456,2,8,4,-1.1023963796102456,2,-2,4,0,-1,4,1,4,-4,0,-1,0,Left,3.8305
12,R_2s7QsEGOLhFu4Qy,77,f,1,1,2831.600000023842,On campus concealed carry,Cuts to National Parks budget,-1,-1,3,7,4,0.8819171036881972,2,6,3,-1.1023963796102456,-3,-2,-1,1,1,1,1,-1,1,1,1,0,Left,2.8316000000238417
12,R_2s7QsEGOLhFu4Qy,78,j,2,0,2424.5,Mask mandates,Bathrooms restricted based on biological sex,-1,1,3,6,4,0.8819171036881972,2,6,4,-1.1023963796102456,-3,2,5,-1,0,5,0,-5,5,1,0,1,Right,2.4245
12,R_2s7QsEGOLhFu4Qy,79,f,1,1,2438.7999999523163,Student worker unionization,Climate change legislation,1,1,2,7,3,-1.1023963796102456,3,7,3,0.8819171036881972,2,3,-1,-1,0,1,0,-1,1,-1,0,0,Left,2.4387999999523164
12,R_2s7QsEGOLhFu4Qy,80,f,1,1,2110.7999999523163,Cuts to National Parks budget,Mask mandates,-1,1,2,6,3,-1.1023963796102456,3,6,4,0.8819171036881972,-2,3,-5,-1,0,5,0,-5,5,-1,0,0,Left,2.110799999952316
12,R_2s7QsEGOLhFu4Qy,82,f,1,1,664.7000000476837,Allow alt-right speakers on campus,Mask mandates,1,-1,3,8,3,0.8819171036881972,3,6,4,0.8819171036881972,3,-3,6,0,2,6,2,6,-6,0,2,0,Left,0.6647000000476837
12,R_2s7QsEGOLhFu4Qy,83,j,2,0,1181.3999999761581,Bathrooms restricted based on biological sex,U.S. drone strikes in Afghanistan,1,1,2,6,4,-1.1023963796102456,3,7,3,0.8819171036881972,2,3,1,1,1,1,1,-1,1,-1,-1,1,Right,1.1813999999761582
12,R_2s7QsEGOLhFu4Qy,84,j,2,0,1851.4000000953674,Mask mandates,Cuts to National Parks budget,-1,1,3,6,4,0.8819171036881972,2,6,3,-1.1023963796102456,-3,2,5,-1,0,5,0,-5,5,1,0,1,Right,1.8514000000953674
12,R_2s7QsEGOLhFu4Qy,85,f,1,1,2586.600000023842,Recognize Jerusalem as capital of Israel,Mask mandates,1,1,2,8,4,-1.1023963796102456,3,6,4,0.8819171036881972,2,3,-1,-1,2,1,2,-1,1,-1,2,0,Left,2.586600000023842
12,R_2s7QsEGOLhFu4Qy,86,f,1,1,5537.900000095367,Mask mandates,Mask mandates,1,-1,3,6,4,0.8819171036881972,3,6,4,0.8819171036881972,3,-3,6,0,0,6,0,6,-6,0,0,0,Left,5.537900000095368
12,R_2s7QsEGOLhFu4Qy,87,f,1,1,210.69999992847443,Legalization of marijuana,Hardening schools/Arming teachers,-1,1,3,7,4,0.8819171036881972,2,8,4,-1.1023963796102456,-3,2,-5,1,-1,5,1,-5,5,1,-1,0,Left,0.21069999992847444
12,R_2s7QsEGOLhFu4Qy,88,f,1,1,6252.399999976158,Bathrooms restricted based on biological sex,Defund the police,-1,1,2,6,4,-1.1023963796102456,3,8,4,0.8819171036881972,-2,3,-5,-1,-2,5,2,-5,5,-1,-2,0,Left,6.252399999976158
12,R_2s7QsEGOLhFu4Qy,89,f,1,1,1061.8999999761581,Legalization of marijuana,Raise the minimum wage,1,-1,3,7,4,0.8819171036881972,2,8,4,-1.1023963796102456,3,-2,5,1,-1,5,1,5,-5,1,-1,0,Left,1.0618999999761582
12,R_2s7QsEGOLhFu4Qy,90,f,1,1,8104.099999904633,Expel students with white nationlist views,Remove police from schools,1,-1,3,8,3,0.8819171036881972,3,7,4,0.8819171036881972,3,-3,6,0,1,6,1,6,-6,0,1,0,Left,8.104099999904632
12,R_2s7QsEGOLhFu4Qy,91,f,1,1,690.5999999046326,Raise the minimum wage,Mask mandates,1,1,2,8,4,-1.1023963796102456,3,6,4,0.8819171036881972,2,3,-1,-1,2,1,2,-1,1,-1,2,0,Left,0.6905999999046326
12,R_2s7QsEGOLhFu4Qy,92,f,1,1,8090.899999976158,Mandatory trigger warnings,Mask mandates,-1,1,2,7,3,-1.1023963796102456,3,6,4,0.8819171036881972,-2,3,-5,-1,1,5,1,-5,5,-1,1,0,Left,8.090899999976157
12,R_2s7QsEGOLhFu4Qy,93,f,1,1,1275.8000000715256,Legalization of marijuana,Hardening schools/Arming teachers,1,1,3,7,4,0.8819171036881972,2,8,4,-1.1023963796102456,3,2,1,1,-1,1,1,1,-1,1,-1,0,Left,1.2758000000715255
12,R_2s7QsEGOLhFu4Qy,94,j,2,0,557.1000000238419,Mandatory trigger warnings,Black Lives Matter,1,-1,2,7,3,-1.1023963796102456,3,8,4,0.8819171036881972,2,-3,-5,1,1,5,1,5,-5,-1,-1,1,Right,0.5571000000238419
12,R_2s7QsEGOLhFu4Qy,95,f,1,1,3271.2000000476837,Affirmative action,Mask mandates,1,1,3,7,3,0.8819171036881972,3,6,4,0.8819171036881972,3,3,0,0,1,0,1,0,0,0,1,0,Left,3.2712000000476835
12,R_2s7QsEGOLhFu4Qy,96,f,1,1,1793.3000000715256,Bathrooms restricted based on biological sex,Mask mandates,1,1,2,6,4,-1.1023963796102456,3,6,4,0.8819171036881972,2,3,-1,-1,0,1,0,-1,1,-1,0,0,Left,1.7933000000715256
12,R_2s7QsEGOLhFu4Qy,97,f,1,1,2852.2000000476837,Religious exemptions for discrimination laws,Mask mandates,-1,1,3,7,2,0.8819171036881972,3,6,4,0.8819171036881972,-3,3,-6,0,1,6,1,-6,6,0,1,0,Left,2.852200000047684
12,R_2s7QsEGOLhFu4Qy,98,f,1,1,1710.3999999761581,Hardening schools/Arming teachers,Mandatory trigger warnings,1,-1,2,8,4,-1.1023963796102456,2,7,3,-1.1023963796102456,2,-2,4,0,1,4,1,4,-4,0,1,0,Left,1.710399999976158
12,R_2s7QsEGOLhFu4Qy,99,f,1,1,5142.800000071526,Defund the police,Remove police from schools,-1,1,3,8,4,0.8819171036881972,3,7,4,0.8819171036881972,-3,3,-6,0,1,6,1,-6,6,0,1,0,Left,5.142800000071525
12,R_2s7QsEGOLhFu4Qy,100,j,2,0,1707,Bathrooms restricted based on biological sex,On campus concealed carry,1,-1,2,6,4,-1.1023963796102456,3,7,4,0.8819171036881972,2,-3,-5,1,1,5,1,5,-5,-1,-1,1,Right,1.707
40,R_tFiIHlwjliF94vn,1,f,1,1,2713,On campus concealed carry,Safe injection locations,1,1,3,6,3,1.7069022283071225,-1,2,2,-1.15116661909085,3,-1,4,4,4,4,4,4,-4,4,4,0,Left,2.713
40,R_tFiIHlwjliF94vn,2,f,1,1,2669,Ban on ethnic Halloween costumes,U.S. drone strikes in Afghanistan,-1,1,1,3,2,0.2778678046081362,2,5,1,0.9923850164576293,-1,2,-3,-1,-2,3,2,-3,3,-1,-2,0,Left,2.669
40,R_tFiIHlwjliF94vn,3,j,2,0,2941,Defund Planned Parenthood,On campus concealed carry,1,-1,0,5,1,-0.4366494072413569,3,6,3,1.7069022283071225,0,-3,-3,3,1,3,1,3,-3,-3,-1,1,Right,2.941
40,R_tFiIHlwjliF94vn,4,f,1,1,3588,Mandatory training on sexual consent,Build southern border wall,-1,-1,0,5,2,-0.4366494072413569,-2,5,3,-1.8656838309403432,-0,2,-2,2,0,2,0,-2,2,2,0,0,Left,3.588
40,R_tFiIHlwjliF94vn,5,j,2,0,13596,Mask mandates,On campus concealed carry,1,-1,2,6,2,0.9923850164576293,3,6,3,1.7069022283071225,2,-3,-5,1,0,5,0,5,-5,-1,0,1,Right,13.596
40,R_tFiIHlwjliF94vn,6,f,1,1,7385,Mandatory vaccinations,Hardening schools/Arming teachers,1,-1,1,6,3,0.2778678046081362,3,5,2,1.7069022283071225,1,-3,4,-2,1,4,1,4,-4,-2,1,0,Left,7.385
40,R_tFiIHlwjliF94vn,7,j,2,0,9964,Expel students with white nationlist views,Mask mandates,1,1,3,5,3,1.7069022283071225,2,6,2,0.9923850164576293,3,2,-1,-1,1,1,1,1,-1,1,-1,1,Right,9.964
40,R_tFiIHlwjliF94vn,8,f,1,1,11045,Expel students with white nationlist views,Mandatory vaccinations,-1,-1,3,5,3,1.7069022283071225,1,6,3,0.2778678046081362,-3,-1,-2,2,-1,2,1,-2,2,2,-1,0,Left,11.045
40,R_tFiIHlwjliF94vn,9,f,1,1,3918,Mandatory vaccinations,On campus concealed carry,1,1,1,6,3,0.2778678046081362,3,6,3,1.7069022283071225,1,3,-2,-2,0,2,0,-2,2,-2,0,0,Left,3.918
40,R_tFiIHlwjliF94vn,10,j,2,0,17222,Hardening schools/Arming teachers,Mask mandates,-1,-1,3,5,2,1.7069022283071225,2,6,2,0.9923850164576293,-3,-2,1,-1,1,1,1,-1,1,1,-1,1,Right,17.222
40,R_tFiIHlwjliF94vn,11,j,2,0,6843,Abolishing fraternities,Stop police brutality,1,1,2,5,2,0.9923850164576293,1,3,2,0.2778678046081362,2,1,-1,-1,-2,1,2,1,-1,1,2,1,Right,6.843
40,R_tFiIHlwjliF94vn,12,f,1,1,16166,Ban on ethnic Halloween costumes,On campus concealed carry,-1,-1,1,3,2,0.2778678046081362,3,6,3,1.7069022283071225,-1,-3,2,-2,-3,2,3,2,-2,-2,-3,0,Left,16.166
40,R_tFiIHlwjliF94vn,13,j,2,0,6101,Hardening schools/Arming teachers,War on Drugs,-1,1,3,5,2,1.7069022283071225,0,7,3,-0.4366494072413569,-3,0,3,-3,2,3,2,-3,3,3,-2,1,Right,6.101
40,R_tFiIHlwjliF94vn,14,j,2,0,11501,On campus concealed carry,Mandatory vaccinations,-1,-1,3,6,3,1.7069022283071225,1,6,3,0.2778678046081362,-3,-1,2,-2,0,2,0,-2,2,2,0,1,Right,11.501
40,R_tFiIHlwjliF94vn,15,f,1,1,6169,Abortion rights,On campus concealed carry,1,1,0,4,2,-0.4366494072413569,3,6,3,1.7069022283071225,0,3,-3,-3,-2,3,2,-3,3,-3,-2,0,Left,6.169
40,R_tFiIHlwjliF94vn,16,j,2,0,8288,Hardening schools/Arming teachers,"Boycott, Divest, and Sanction Israel",1,-1,3,5,2,1.7069022283071225,2,7,2,0.9923850164576293,3,-2,-5,-1,2,5,2,5,-5,1,-2,1,Right,8.288
40,R_tFiIHlwjliF94vn,17,f,1,1,3803,Affirmative action,On campus concealed carry,1,1,2,6,1,0.9923850164576293,3,6,3,1.7069022283071225,2,3,-1,-1,0,1,0,-1,1,-1,0,0,Left,3.803
40,R_tFiIHlwjliF94vn,18,j,2,0,6899,Mandatory vaccinations,Expel students with white nationlist views,-1,1,1,6,3,0.2778678046081362,3,5,3,1.7069022283071225,-1,3,4,2,-1,4,1,-4,4,-2,1,1,Right,6.899
40,R_tFiIHlwjliF94vn,19,f,1,1,4081,Mandatory vaccinations,On campus concealed carry,-1,1,1,6,3,0.2778678046081362,3,6,3,1.7069022283071225,-1,3,-4,-2,0,4,0,-4,4,-2,0,0,Left,4.081
40,R_tFiIHlwjliF94vn,20,j,2,0,4505,Expel students with white nationlist views,Ban on ethnic Halloween costumes,-1,-1,3,5,3,1.7069022283071225,1,3,2,0.2778678046081362,-3,-1,2,-2,-2,2,2,-2,2,2,2,1,Right,4.505
40,R_tFiIHlwjliF94vn,21,j,2,0,4003,On campus concealed carry,War on Drugs,1,1,3,6,3,1.7069022283071225,0,7,3,-0.4366494072413569,3,0,-3,-3,1,3,1,3,-3,3,-1,1,Right,4.003
40,R_tFiIHlwjliF94vn,22,f,1,1,4896,Build southern border wall,Mask mandates,-1,1,-2,5,3,-1.8656838309403432,2,6,2,0.9923850164576293,2,2,0,-4,-1,0,1,0,0,-4,-1,0,Left,4.896
40,R_tFiIHlwjliF94vn,23,j,2,0,9638,U.S. drone strikes in Afghanistan,Lift COVID lockdowns,1,1,2,5,1,0.9923850164576293,3,5,1,1.7069022283071225,2,3,1,1,0,1,0,-1,1,-1,0,1,Right,9.638
40,R_tFiIHlwjliF94vn,24,j,2,0,18938,Safe injection locations,Expel students with white nationlist views,-1,1,-1,2,2,-1.15116661909085,3,5,3,1.7069022283071225,1,3,2,4,3,2,3,-2,2,-4,-3,1,Right,18.938
40,R_tFiIHlwjliF94vn,25,j,2,0,3817,On campus concealed carry,Student worker unionization,-1,-1,3,6,3,1.7069022283071225,-1,5,2,-1.15116661909085,-3,1,4,-4,-1,4,1,-4,4,4,1,1,Right,3.817
40,R_tFiIHlwjliF94vn,26,j,2,0,4795,Lift COVID lockdowns,Stop police brutality,-1,1,3,5,1,1.7069022283071225,1,3,2,0.2778678046081362,-3,1,4,-2,-2,4,2,-4,4,2,2,1,Right,4.795
40,R_tFiIHlwjliF94vn,27,f,1,1,1880,Hardening schools/Arming teachers,Raise the minimum wage,-1,1,3,5,2,1.7069022283071225,0,4,2,-0.4366494072413569,-3,0,-3,3,1,3,1,-3,3,3,1,0,Left,1.88
40,R_tFiIHlwjliF94vn,28,j,2,0,1841,Build southern border wall,On campus concealed carry,1,-1,-2,5,3,-1.8656838309403432,3,6,3,1.7069022283071225,-2,-3,-1,5,1,1,1,1,-1,-5,-1,1,Right,1.841
40,R_tFiIHlwjliF94vn,29,f,1,1,1906,On campus concealed carry,Defund Planned Parenthood,1,1,3,6,3,1.7069022283071225,0,5,1,-0.4366494072413569,3,0,3,3,1,3,1,3,-3,3,1,0,Left,1.906
40,R_tFiIHlwjliF94vn,30,j,2,0,1919,On campus concealed carry,Abolishing fraternities,1,-1,3,6,3,1.7069022283071225,2,5,2,0.9923850164576293,3,-2,-5,-1,-1,5,1,5,-5,1,1,1,Right,1.919
40,R_tFiIHlwjliF94vn,31,f,1,1,1335,U.S. drone strikes in Afghanistan,Mask mandates,1,-1,2,5,1,0.9923850164576293,2,6,2,0.9923850164576293,2,-2,4,0,-1,4,1,4,-4,0,-1,0,Left,1.335
40,R_tFiIHlwjliF94vn,32,j,2,0,5633,Legalization of marijuana,On campus concealed carry,1,1,0,3,3,-0.4366494072413569,3,6,3,1.7069022283071225,0,3,3,3,3,3,3,-3,3,-3,-3,1,Right,5.633
40,R_tFiIHlwjliF94vn,33,f,1,1,1708,Abolishing fraternities,Safe injection locations,1,1,2,5,2,0.9923850164576293,-1,2,2,-1.15116661909085,2,-1,3,3,3,3,3,3,-3,3,3,0,Left,1.708
40,R_tFiIHlwjliF94vn,34,f,1,1,2081,Stop police brutality,On campus concealed carry,1,-1,1,3,2,0.2778678046081362,3,6,3,1.7069022283071225,1,-3,4,-2,-3,4,3,4,-4,-2,-3,0,Left,2.081
40,R_tFiIHlwjliF94vn,35,j,2,0,2484,U.S. drone strikes in Afghanistan,Lift COVID lockdowns,-1,1,2,5,1,0.9923850164576293,3,5,1,1.7069022283071225,-2,3,5,1,0,5,0,-5,5,-1,0,1,Right,2.484
40,R_tFiIHlwjliF94vn,36,j,2,0,2479,U.S. drone strikes in Afghanistan,Mandatory vaccinations,1,1,2,5,1,0.9923850164576293,1,6,3,0.2778678046081362,2,1,-1,-1,1,1,1,1,-1,1,-1,1,Right,2.479
40,R_tFiIHlwjliF94vn,37,f,1,1,3163,Safe injection locations,On campus concealed carry,1,-1,-1,2,2,-1.15116661909085,3,6,3,1.7069022283071225,-1,-3,2,-4,-4,2,4,2,-2,-4,-4,0,Left,3.163
40,R_tFiIHlwjliF94vn,38,f,1,1,12376,On campus concealed carry,Safe injection locations,1,-1,3,6,3,1.7069022283071225,-1,2,2,-1.15116661909085,3,1,2,4,4,2,4,2,-2,4,4,0,Left,12.376
40,R_tFiIHlwjliF94vn,39,j,2,0,8560,U.S. drone strikes in Afghanistan,Mandatory vaccinations,1,-1,2,5,1,0.9923850164576293,1,6,3,0.2778678046081362,2,-1,-3,-1,1,3,1,3,-3,1,-1,1,Right,8.56
40,R_tFiIHlwjliF94vn,40,f,1,1,9349,Climate change legislation,On campus concealed carry,1,1,-1,5,3,-1.15116661909085,3,6,3,1.7069022283071225,-1,3,-4,-4,-1,4,1,-4,4,-4,-1,0,Left,9.349
40,R_tFiIHlwjliF94vn,41,j,2,0,5228,Affirmative action,Expel students with white nationlist views,-1,1,2,6,1,0.9923850164576293,3,5,3,1.7069022283071225,-2,3,5,1,-1,5,1,-5,5,-1,1,1,Right,5.228
40,R_tFiIHlwjliF94vn,42,j,2,0,2485,On campus concealed carry,Lift COVID lockdowns,-1,-1,3,6,3,1.7069022283071225,3,5,1,1.7069022283071225,-3,-3,0,0,-1,0,1,0,0,0,1,1,Right,2.485
40,R_tFiIHlwjliF94vn,43,f,1,1,1071,Mandatory vaccinations,On campus concealed carry,1,-1,1,6,3,0.2778678046081362,3,6,3,1.7069022283071225,1,-3,4,-2,0,4,0,4,-4,-2,0,0,Left,1.071
40,R_tFiIHlwjliF94vn,44,f,1,1,1060,Abolishing fraternities,"Boycott, Divest, and Sanction Israel",1,-1,2,5,2,0.9923850164576293,2,7,2,0.9923850164576293,2,-2,4,0,-2,4,2,4,-4,0,-2,0,Left,1.06
40,R_tFiIHlwjliF94vn,45,j,2,0,1150,On campus concealed carry,"Boycott, Divest, and Sanction Israel",-1,1,3,6,3,1.7069022283071225,2,7,2,0.9923850164576293,-3,2,5,-1,1,5,1,-5,5,1,-1,1,Right,1.15
40,R_tFiIHlwjliF94vn,46,f,1,1,1395,Climate change legislation,On campus concealed carry,1,-1,-1,5,3,-1.15116661909085,3,6,3,1.7069022283071225,-1,-3,2,-4,-1,2,1,2,-2,-4,-1,0,Left,1.395
40,R_tFiIHlwjliF94vn,47,f,1,1,1048,Legalization of marijuana,Abolishing fraternities,1,1,0,3,3,-0.4366494072413569,2,5,2,0.9923850164576293,0,2,-2,-2,-2,2,2,-2,2,-2,-2,0,Left,1.048
40,R_tFiIHlwjliF94vn,48,j,2,0,1127,War on Drugs,Mandatory drug tests for welfare recipients,1,1,0,7,3,-0.4366494072413569,2,5,1,0.9923850164576293,0,2,2,2,-2,2,2,-2,2,-2,2,1,Right,1.127
40,R_tFiIHlwjliF94vn,49,f,1,1,1525,U.S. drone strikes in Afghanistan,"Boycott, Divest, and Sanction Israel",1,1,2,5,1,0.9923850164576293,2,7,2,0.9923850164576293,2,2,0,0,-2,0,2,0,0,0,-2,0,Left,1.525
40,R_tFiIHlwjliF94vn,50,j,2,0,9093,Lift COVID lockdowns,Defund Planned Parenthood,1,-1,3,5,1,1.7069022283071225,0,5,1,-0.4366494072413569,3,-0,-3,-3,0,3,0,3,-3,3,0,1,Right,9.093
40,R_tFiIHlwjliF94vn,51,f,1,1,3176,On campus concealed carry,Affirmative action,1,-1,3,6,3,1.7069022283071225,2,6,1,0.9923850164576293,3,-2,5,1,0,5,0,5,-5,1,0,0,Left,3.176
40,R_tFiIHlwjliF94vn,52,f,1,1,3938,Raise the minimum wage,Expel students with white nationlist views,-1,1,0,4,2,-0.4366494072413569,3,5,3,1.7069022283071225,-0,3,-3,-3,-1,3,1,-3,3,-3,-1,0,Left,3.938
40,R_tFiIHlwjliF94vn,53,j,2,0,1389,University Campus should be a Sanctuary,Abolishing private prisons,-1,1,0,4,3,-0.4366494072413569,2,5,1,0.9923850164576293,-0,2,2,2,1,2,1,-2,2,-2,-1,1,Right,1.389
40,R_tFiIHlwjliF94vn,54,j,2,0,4771,Stop police brutality,On campus concealed carry,1,1,1,3,2,0.2778678046081362,3,6,3,1.7069022283071225,1,3,2,2,3,2,3,-2,2,-2,-3,1,Right,4.771
40,R_tFiIHlwjliF94vn,55,f,1,1,1060,War on Drugs,On campus concealed carry,1,-1,0,7,3,-0.4366494072413569,3,6,3,1.7069022283071225,0,-3,3,-3,1,3,1,3,-3,-3,1,0,Left,1.06
40,R_tFiIHlwjliF94vn,56,j,2,0,1338,Build southern border wall,Expel students with white nationlist views,-1,-1,-2,5,3,-1.8656838309403432,3,5,3,1.7069022283071225,2,-3,-5,5,0,5,0,5,-5,-5,0,1,Right,1.338
40,R_tFiIHlwjliF94vn,57,f,1,1,1530,On campus concealed carry,On campus concealed carry,1,-1,3,6,3,1.7069022283071225,3,6,3,1.7069022283071225,3,-3,6,0,0,6,0,6,-6,0,0,0,Left,1.53
40,R_tFiIHlwjliF94vn,58,j,2,0,1183,Hardening schools/Arming teachers,Expel students with white nationlist views,1,-1,3,5,2,1.7069022283071225,3,5,3,1.7069022283071225,3,-3,-6,0,0,6,0,6,-6,0,0,1,Right,1.183
40,R_tFiIHlwjliF94vn,59,f,1,1,7856,Hardening schools/Arming teachers,Allow alt-right speakers on campus,1,1,3,5,2,1.7069022283071225,-1,5,2,-1.15116661909085,3,-1,4,4,0,4,0,4,-4,4,0,0,Left,7.856
40,R_tFiIHlwjliF94vn,60,j,2,0,7113,Climate change legislation,U.S. drone strikes in Afghanistan,-1,1,-1,5,3,-1.15116661909085,2,5,1,0.9923850164576293,1,2,1,3,0,1,0,-1,1,-3,0,1,Right,7.113
40,R_tFiIHlwjliF94vn,61,f,1,1,5471,Affirmative action,Abolishing private prisons,1,-1,2,6,1,0.9923850164576293,2,5,1,0.9923850164576293,2,-2,4,0,1,4,1,4,-4,0,1,0,Left,5.471
40,R_tFiIHlwjliF94vn,62,f,1,1,2056,Lift COVID lockdowns,War on Drugs,1,-1,3,5,1,1.7069022283071225,0,7,3,-0.4366494072413569,3,-0,3,3,-2,3,2,3,-3,3,-2,0,Left,2.056
40,R_tFiIHlwjliF94vn,63,j,2,0,1378,Safe injection locations,Mandatory drug tests for welfare recipients,-1,1,-1,2,2,-1.15116661909085,2,5,1,0.9923850164576293,1,2,1,3,3,1,3,-1,1,-3,-3,1,Right,1.378
40,R_tFiIHlwjliF94vn,64,f,1,1,2851,Lift COVID lockdowns,Safe injection locations,-1,-1,3,5,1,1.7069022283071225,-1,2,2,-1.15116661909085,-3,1,-4,4,3,4,3,-4,4,4,3,0,Left,2.851
40,R_tFiIHlwjliF94vn,65,j,2,0,2154,Defund the police,Expel students with white nationlist views,-1,-1,1,5,3,0.2778678046081362,3,5,3,1.7069022283071225,-1,-3,-2,2,0,2,0,2,-2,-2,0,1,Right,2.154
40,R_tFiIHlwjliF94vn,66,j,2,0,2555,Abolishing fraternities,"Boycott, Divest, and Sanction Israel",-1,1,2,5,2,0.9923850164576293,2,7,2,0.9923850164576293,-2,2,4,0,2,4,2,-4,4,0,-2,1,Right,2.555
40,R_tFiIHlwjliF94vn,67,f,1,1,1711,On campus concealed carry,"Boycott, Divest, and Sanction Israel",1,1,3,6,3,1.7069022283071225,2,7,2,0.9923850164576293,3,2,1,1,-1,1,1,1,-1,1,-1,0,Left,1.711
40,R_tFiIHlwjliF94vn,68,f,1,1,19969,"Boycott, Divest, and Sanction Israel",On campus concealed carry,-1,-1,2,7,2,0.9923850164576293,3,6,3,1.7069022283071225,-2,-3,1,-1,1,1,1,1,-1,-1,1,0,Left,19.969
40,R_tFiIHlwjliF94vn,69,j,2,0,3313,"Boycott, Divest, and Sanction Israel",On campus concealed carry,-1,1,2,7,2,0.9923850164576293,3,6,3,1.7069022283071225,-2,3,5,1,-1,5,1,-5,5,-1,1,1,Right,3.313
40,R_tFiIHlwjliF94vn,70,f,1,1,5677,Raise the minimum wage,On campus concealed carry,1,-1,0,4,2,-0.4366494072413569,3,6,3,1.7069022283071225,0,-3,3,-3,-2,3,2,3,-3,-3,-2,0,Left,5.677
40,R_tFiIHlwjliF94vn,71,j,2,0,3120,"Boycott, Divest, and Sanction Israel",Build southern border wall,-1,1,2,7,2,0.9923850164576293,-2,5,3,-1.8656838309403432,-2,-2,0,-4,-2,0,2,0,0,4,2,1,Right,3.12
40,R_tFiIHlwjliF94vn,72,j,2,0,10844,Mask mandates,Hardening schools/Arming teachers,1,-1,2,6,2,0.9923850164576293,3,5,2,1.7069022283071225,2,-3,-5,1,-1,5,1,5,-5,-1,1,1,Right,10.844
40,R_tFiIHlwjliF94vn,73,f,1,1,13175,Lift COVID lockdowns,Mandatory vaccinations,1,1,3,5,1,1.7069022283071225,1,6,3,0.2778678046081362,3,1,2,2,-1,2,1,2,-2,2,-1,0,Left,13.175
40,R_tFiIHlwjliF94vn,74,j,2,0,2908,Hardening schools/Arming teachers,Legalization of marijuana,1,1,3,5,2,1.7069022283071225,0,3,3,-0.4366494072413569,3,0,-3,-3,-2,3,2,3,-3,3,2,1,Right,2.908
40,R_tFiIHlwjliF94vn,75,f,1,1,685,On campus concealed carry,Lift COVID lockdowns,-1,1,3,6,3,1.7069022283071225,3,5,1,1.7069022283071225,-3,3,-6,0,1,6,1,-6,6,0,1,0,Left,0.685
40,R_tFiIHlwjliF94vn,76,j,2,0,2822,Mask mandates,On campus concealed carry,-1,-1,2,6,2,0.9923850164576293,3,6,3,1.7069022283071225,-2,-3,-1,1,0,1,0,1,-1,-1,0,1,Right,2.822
40,R_tFiIHlwjliF94vn,77,f,1,1,1595,Lift COVID lockdowns,Build southern border wall,-1,1,3,5,1,1.7069022283071225,-2,5,3,-1.8656838309403432,-3,-2,-1,5,0,1,0,-1,1,5,0,0,Left,1.595
40,R_tFiIHlwjliF94vn,78,j,2,0,5810,On campus concealed carry,Student worker unionization,1,-1,3,6,3,1.7069022283071225,-1,5,2,-1.15116661909085,3,1,-2,-4,-1,2,1,2,-2,4,1,1,Right,5.81
40,R_tFiIHlwjliF94vn,79,f,1,1,1006,Lift COVID lockdowns,Defund Planned Parenthood,-1,1,3,5,1,1.7069022283071225,0,5,1,-0.4366494072413569,-3,0,-3,3,0,3,0,-3,3,3,0,0,Left,1.006
40,R_tFiIHlwjliF94vn,80,f,1,1,1307,On campus concealed carry,Stop police brutality,1,-1,3,6,3,1.7069022283071225,1,3,2,0.2778678046081362,3,-1,4,2,3,4,3,4,-4,2,3,0,Left,1.307
40,R_tFiIHlwjliF94vn,81,f,1,1,3133,Build southern border wall,On campus concealed carry,-1,1,-2,5,3,-1.8656838309403432,3,6,3,1.7069022283071225,2,3,-1,-5,-1,1,1,-1,1,-5,-1,0,Left,3.133
40,R_tFiIHlwjliF94vn,82,j,2,0,1530,Legalization of marijuana,Lift COVID lockdowns,-1,-1,0,3,3,-0.4366494072413569,3,5,1,1.7069022283071225,-0,-3,-3,3,2,3,2,3,-3,-3,-2,1,Right,1.53
40,R_tFiIHlwjliF94vn,83,f,1,1,1033,Ban on ethnic Halloween costumes,Lift COVID lockdowns,1,1,1,3,2,0.2778678046081362,3,5,1,1.7069022283071225,1,3,-2,-2,-2,2,2,-2,2,-2,-2,0,Left,1.033
40,R_tFiIHlwjliF94vn,84,j,2,0,1083,Lift COVID lockdowns,Safe injection locations,-1,1,3,5,1,1.7069022283071225,-1,2,2,-1.15116661909085,-3,-1,2,-4,-3,2,3,-2,2,4,3,1,Right,1.083
40,R_tFiIHlwjliF94vn,85,f,1,1,1684,Build southern border wall,Mask mandates,1,-1,-2,5,3,-1.8656838309403432,2,6,2,0.9923850164576293,-2,-2,0,-4,-1,0,1,0,0,-4,-1,0,Left,1.684
40,R_tFiIHlwjliF94vn,86,j,2,0,4787,Expel students with white nationlist views,Remove Christopher Columbus statues,-1,-1,3,5,3,1.7069022283071225,-1,5,3,-1.15116661909085,-3,1,4,-4,0,4,0,-4,4,4,0,1,Right,4.787
40,R_tFiIHlwjliF94vn,87,f,1,1,2859,"Boycott, Divest, and Sanction Israel",Lift COVID lockdowns,-1,-1,2,7,2,0.9923850164576293,3,5,1,1.7069022283071225,-2,-3,1,-1,2,1,2,1,-1,-1,2,0,Left,2.859
40,R_tFiIHlwjliF94vn,88,f,1,1,4869,Lift COVID lockdowns,"Boycott, Divest, and Sanction Israel",-1,1,3,5,1,1.7069022283071225,2,7,2,0.9923850164576293,-3,2,-5,1,-2,5,2,-5,5,1,-2,0,Left,4.869
40,R_tFiIHlwjliF94vn,89,f,1,1,22643,On campus concealed carry,Lift COVID lockdowns,1,1,3,6,3,1.7069022283071225,3,5,1,1.7069022283071225,3,3,0,0,1,0,1,0,0,0,1,0,Left,22.643
40,R_tFiIHlwjliF94vn,90,j,2,0,3243,On campus concealed carry,Expel students with white nationlist views,1,-1,3,6,3,1.7069022283071225,3,5,3,1.7069022283071225,3,-3,-6,0,-1,6,1,6,-6,0,1,1,Right,3.243
40,R_tFiIHlwjliF94vn,91,f,1,1,1399,Abolishing fraternities,Gun-free campus police,-1,1,2,5,2,0.9923850164576293,1,3,4,0.2778678046081362,-2,1,-3,1,2,3,2,-3,3,1,2,0,Left,1.399
40,R_tFiIHlwjliF94vn,92,j,2,0,2638,Expel students with white nationlist views,Safe injection locations,1,1,3,5,3,1.7069022283071225,-1,2,2,-1.15116661909085,3,-1,-4,-4,-3,4,3,4,-4,4,3,1,Right,2.638
40,R_tFiIHlwjliF94vn,93,j,2,0,1697,U.S. drone strikes in Afghanistan,Abolishing fraternities,1,-1,2,5,1,0.9923850164576293,2,5,2,0.9923850164576293,2,-2,-4,0,0,4,0,4,-4,0,0,1,Right,1.697
40,R_tFiIHlwjliF94vn,94,j,2,0,1398,Safe injection locations,On campus concealed carry,-1,-1,-1,2,2,-1.15116661909085,3,6,3,1.7069022283071225,1,-3,-4,4,4,4,4,4,-4,-4,-4,1,Right,1.398
40,R_tFiIHlwjliF94vn,95,f,1,1,1357,Ban on ethnic Halloween costumes,Lift COVID lockdowns,-1,1,1,3,2,0.2778678046081362,3,5,1,1.7069022283071225,-1,3,-4,-2,-2,4,2,-4,4,-2,-2,0,Left,1.357
40,R_tFiIHlwjliF94vn,96,f,1,1,4723,Remove public Confederate memorials,Hardening schools/Arming teachers,1,1,1,5,3,0.2778678046081362,3,5,2,1.7069022283071225,1,3,-2,-2,0,2,0,-2,2,-2,0,0,Left,4.723
40,R_tFiIHlwjliF94vn,97,j,2,0,3056,On campus concealed carry,U.S. drone strikes in Afghanistan,-1,1,3,6,3,1.7069022283071225,2,5,1,0.9923850164576293,-3,2,5,-1,-1,5,1,-5,5,1,1,1,Right,3.056
40,R_tFiIHlwjliF94vn,98,j,2,0,5282,Build southern border wall,Remove Christopher Columbus statues,-1,1,-2,5,3,-1.8656838309403432,-1,5,3,-1.15116661909085,2,-1,-3,1,0,3,0,3,-3,-1,0,1,Right,5.282
40,R_tFiIHlwjliF94vn,99,f,1,1,4924,"Boycott, Divest, and Sanction Israel",Hardening schools/Arming teachers,1,1,2,7,2,0.9923850164576293,3,5,2,1.7069022283071225,2,3,-1,-1,2,1,2,-1,1,-1,2,0,Left,4.924
40,R_tFiIHlwjliF94vn,100,j,2,0,2524,Legalization of marijuana,On campus concealed carry,1,-1,0,3,3,-0.4366494072413569,3,6,3,1.7069022283071225,0,-3,-3,3,3,3,3,3,-3,-3,-3,1,Right,2.524
29,R_3KUR1lXExtv7Bp7,1,j,2,0,8572.699999988079,Mandatory drug tests for welfare recipients,War on Drugs,1,-1,-2,6,4,-0.9213806231497587,-3,6,4,-1.353277790251208,-2,3,5,-1,0,5,0,-5,5,1,0,1,Right,8.572699999988078
29,R_3KUR1lXExtv7Bp7,2,j,2,0,3136,War on Drugs,Student worker unionization,-1,-1,-3,6,4,-1.353277790251208,3,5,4,1.2381052123574883,3,-3,-6,6,-1,6,1,6,-6,-6,1,1,Right,3.136
29,R_3KUR1lXExtv7Bp7,3,j,2,0,3540.7999999970198,Abortion rights,Defund the police,1,-1,2,6,4,0.8062080452560388,3,8,4,1.2381052123574883,2,-3,-5,1,2,5,2,5,-5,-1,-2,1,Right,3.5407999999970197
29,R_3KUR1lXExtv7Bp7,4,f,1,1,1589.7000000029802,War on Drugs,Ban on ethnic Halloween costumes,-1,-1,-3,6,4,-1.353277790251208,-2,2,2,-0.9213806231497587,3,2,1,-1,4,1,4,1,-1,-1,4,0,Left,1.5897000000029802
29,R_3KUR1lXExtv7Bp7,5,j,2,0,2547.0999999940395,Build southern border wall,Abortion rights,-1,1,-3,6,1,-1.353277790251208,2,6,4,0.8062080452560388,3,2,-1,5,0,1,0,1,-1,-5,0,1,Right,2.5470999999940394
29,R_3KUR1lXExtv7Bp7,6,f,1,1,5020,Stop police brutality,War on Drugs,-1,-1,3,8,4,1.2381052123574883,-3,6,4,-1.353277790251208,-3,3,-6,6,2,6,2,-6,6,6,2,0,Left,5.02
29,R_3KUR1lXExtv7Bp7,7,f,1,1,3827.5999999940395,Tuition increases,Detention of migrant children,1,1,-3,4,4,-1.353277790251208,-3,8,4,-1.353277790251208,-3,-3,0,0,-4,0,4,0,0,0,-4,0,Left,3.8275999999940393
29,R_3KUR1lXExtv7Bp7,8,f,1,1,3854.5999999940395,Mandatory training on sexual consent,Expel students with white nationlist views,-1,1,3,8,3,1.2381052123574883,-2,2,1,-0.9213806231497587,-3,-2,-1,5,6,1,6,-1,1,5,6,0,Left,3.8545999999940395
29,R_3KUR1lXExtv7Bp7,9,j,2,0,3002.0999999940395,Abolishing private prisons,Raise the minimum wage,1,-1,3,8,4,1.2381052123574883,3,8,4,1.2381052123574883,3,-3,-6,0,0,6,0,6,-6,0,0,1,Right,3.0020999999940394
29,R_3KUR1lXExtv7Bp7,10,f,1,1,1963.6000000089407,Student worker unionization,Tuition increases,-1,1,3,5,4,1.2381052123574883,-3,4,4,-1.353277790251208,-3,-3,0,6,1,0,1,0,0,6,1,0,Left,1.9636000000089406
29,R_3KUR1lXExtv7Bp7,11,f,1,1,12091.5,Student worker unionization,U.S. drone strikes in Afghanistan,1,-1,3,5,4,1.2381052123574883,-1,2,4,-0.4894834560483093,3,1,2,4,3,2,3,2,-2,4,3,0,Left,12.0915
29,R_3KUR1lXExtv7Bp7,12,f,1,1,4981,Abolishing private prisons,U.S. drone strikes in Afghanistan,1,1,3,8,4,1.2381052123574883,-1,2,4,-0.4894834560483093,3,-1,4,4,6,4,6,4,-4,4,6,0,Left,4.981
29,R_3KUR1lXExtv7Bp7,13,j,2,0,2096.0999999940395,Build southern border wall,Student worker unionization,1,-1,-3,6,1,-1.353277790251208,3,5,4,1.2381052123574883,-3,-3,0,6,-1,0,1,0,0,-6,1,1,Right,2.0960999999940397
29,R_3KUR1lXExtv7Bp7,14,j,2,0,5045.800000011921,Physician-assisted suicide,Student worker unionization,1,1,1,4,4,0.37431087815458947,3,5,4,1.2381052123574883,1,3,2,2,1,2,1,-2,2,-2,-1,1,Right,5.045800000011921
29,R_3KUR1lXExtv7Bp7,15,j,2,0,13453.60000000894,Detention of migrant children,Student worker unionization,-1,-1,-3,8,4,-1.353277790251208,3,5,4,1.2381052123574883,3,-3,-6,6,-3,6,3,6,-6,-6,3,1,Right,13.45360000000894
29,R_3KUR1lXExtv7Bp7,16,f,1,1,1780.9000000059605,Build southern border wall,War on Drugs,1,-1,-3,6,1,-1.353277790251208,-3,6,4,-1.353277790251208,-3,3,-6,0,0,6,0,-6,6,0,0,0,Left,1.7809000000059605
29,R_3KUR1lXExtv7Bp7,17,j,2,0,1456.9000000059605,Build southern border wall,On campus concealed carry,-1,1,-3,6,1,-1.353277790251208,0,4,4,-0.0575862889468599,3,0,-3,3,-2,3,2,3,-3,-3,2,1,Right,1.4569000000059604
29,R_3KUR1lXExtv7Bp7,18,f,1,1,3323.2000000029802,Student worker unionization,Expel students with white nationlist views,-1,1,3,5,4,1.2381052123574883,-2,2,1,-0.9213806231497587,-3,-2,-1,5,3,1,3,-1,1,5,3,0,Left,3.32320000000298
29,R_3KUR1lXExtv7Bp7,19,j,2,0,2126.9000000059605,Remove Christopher Columbus statues,Affirmative action,-1,-1,-3,6,2,-1.353277790251208,0,2,2,-0.0575862889468599,3,-0,-3,3,-4,3,4,3,-3,-3,4,1,Right,2.1269000000059606
29,R_3KUR1lXExtv7Bp7,20,f,1,1,2318.1000000089407,Student worker unionization,Mandatory vaccinations,1,-1,3,5,4,1.2381052123574883,-1,6,4,-0.4894834560483093,3,1,2,4,-1,2,1,2,-2,4,-1,0,Left,2.3181000000089407
29,R_3KUR1lXExtv7Bp7,21,j,2,0,5043.800000011921,Bathrooms restricted based on biological sex,Student worker unionization,-1,-1,0,0,4,-0.0575862889468599,3,5,4,1.2381052123574883,-0,-3,-3,3,5,3,5,3,-3,-3,-5,1,Right,5.043800000011921
29,R_3KUR1lXExtv7Bp7,22,j,2,0,5733.100000008941,Bathrooms restricted based on biological sex,Ban on research with animals,-1,-1,0,0,4,-0.0575862889468599,3,8,4,1.2381052123574883,-0,-3,-3,3,8,3,8,3,-3,-3,-8,1,Right,5.733100000008941
29,R_3KUR1lXExtv7Bp7,23,j,2,0,2045.0999999940395,Remove Christopher Columbus statues,Physician-assisted suicide,-1,1,-3,6,2,-1.353277790251208,1,4,4,0.37431087815458947,3,1,-2,4,-2,2,2,2,-2,-4,2,1,Right,2.0450999999940396
29,R_3KUR1lXExtv7Bp7,24,j,2,0,8140.79999999702,Expel students with white nationlist views,Raise the minimum wage,-1,-1,-2,2,1,-0.9213806231497587,3,8,4,1.2381052123574883,2,-3,-5,5,6,5,6,5,-5,-5,-6,1,Right,8.14079999999702
29,R_3KUR1lXExtv7Bp7,25,j,2,0,3263.0999999940395,War on Drugs,Physician-assisted suicide,-1,-1,-3,6,4,-1.353277790251208,1,4,4,0.37431087815458947,3,-1,-4,4,-2,4,2,4,-4,-4,2,1,Right,3.2630999999940395
29,R_3KUR1lXExtv7Bp7,26,j,2,0,2026.0999999940395,Abortion rights,Student worker unionization,1,-1,2,6,4,0.8062080452560388,3,5,4,1.2381052123574883,2,-3,-5,1,-1,5,1,5,-5,-1,1,1,Right,2.0260999999940394
29,R_3KUR1lXExtv7Bp7,27,j,2,0,3895.7000000029802,Mask mandates,Ban on research with animals,1,1,-2,4,4,-0.9213806231497587,3,8,4,1.2381052123574883,-2,3,5,5,4,5,4,-5,5,-5,-4,1,Right,3.8957000000029804
29,R_3KUR1lXExtv7Bp7,28,f,1,1,2739.2000000029802,Student worker unionization,Lift COVID lockdowns,-1,1,3,5,4,1.2381052123574883,1,6,4,0.37431087815458947,-3,1,-4,2,-1,4,1,-4,4,2,-1,0,Left,2.73920000000298
29,R_3KUR1lXExtv7Bp7,29,j,2,0,2888.2000000029802,Detention of migrant children,Religious exemptions for discrimination laws,1,-1,-3,8,4,-1.353277790251208,0,4,1,-0.0575862889468599,-3,-0,3,3,-4,3,4,-3,3,-3,4,1,Right,2.88820000000298
29,R_3KUR1lXExtv7Bp7,30,j,2,0,2921.7999999970198,Student worker unionization,Physician-assisted suicide,-1,1,3,5,4,1.2381052123574883,1,4,4,0.37431087815458947,-3,1,4,-2,-1,4,1,-4,4,2,1,1,Right,2.92179999999702
29,R_3KUR1lXExtv7Bp7,31,j,2,0,1970.4000000059605,Mask mandates,Student worker unionization,1,1,-2,4,4,-0.9213806231497587,3,5,4,1.2381052123574883,-2,3,5,5,1,5,1,-5,5,-5,-1,1,Right,1.9704000000059605
29,R_3KUR1lXExtv7Bp7,32,j,2,0,1615.4000000059605,Bathrooms restricted based on biological sex,Student worker unionization,-1,1,0,0,4,-0.0575862889468599,3,5,4,1.2381052123574883,-0,3,3,3,5,3,5,-3,3,-3,-5,1,Right,1.6154000000059605
29,R_3KUR1lXExtv7Bp7,33,j,2,0,2569.300000011921,Physician-assisted suicide,Student worker unionization,-1,-1,1,4,4,0.37431087815458947,3,5,4,1.2381052123574883,-1,-3,-2,2,1,2,1,2,-2,-2,-1,1,Right,2.569300000011921
29,R_3KUR1lXExtv7Bp7,34,f,1,1,3305.199999988079,Ban on research with animals,U.S. drone strikes in Afghanistan,-1,1,3,8,4,1.2381052123574883,-1,2,4,-0.4894834560483093,-3,-1,-2,4,6,2,6,-2,2,4,6,0,Left,3.305199999988079
29,R_3KUR1lXExtv7Bp7,35,j,2,0,5403.4000000059605,Student worker unionization,Increased Gun regulations,-1,1,3,5,4,1.2381052123574883,-2,4,4,-0.9213806231497587,-3,-2,1,-5,-1,1,1,-1,1,5,1,1,Right,5.40340000000596
29,R_3KUR1lXExtv7Bp7,36,j,2,0,3950.300000011921,Mandatory drug tests for welfare recipients,Student worker unionization,1,1,-2,6,4,-0.9213806231497587,3,5,4,1.2381052123574883,-2,3,5,5,-1,5,1,-5,5,-5,1,1,Right,3.950300000011921
29,R_3KUR1lXExtv7Bp7,37,f,1,1,3552.9000000059605,Stop police brutality,War on Drugs,1,1,3,8,4,1.2381052123574883,-3,6,4,-1.353277790251208,3,-3,6,6,2,6,2,6,-6,6,2,0,Left,3.5529000000059603
29,R_3KUR1lXExtv7Bp7,38,f,1,1,1059.0999999940395,Defund the police,Mandatory vaccinations,-1,1,3,8,4,1.2381052123574883,-1,6,4,-0.4894834560483093,-3,-1,-2,4,2,2,2,-2,2,4,2,0,Left,1.0590999999940396
29,R_3KUR1lXExtv7Bp7,39,f,1,1,1469.5999999940395,Ban on research with animals,Increased Gun regulations,-1,-1,3,8,4,1.2381052123574883,-2,4,4,-0.9213806231497587,-3,2,-5,5,4,5,4,-5,5,5,4,0,Left,1.4695999999940395
29,R_3KUR1lXExtv7Bp7,40,f,1,1,2838.5,Ban on research with animals,Tuition increases,-1,-1,3,8,4,1.2381052123574883,-3,4,4,-1.353277790251208,-3,3,-6,6,4,6,4,-6,6,6,4,0,Left,2.8385
29,R_3KUR1lXExtv7Bp7,41,j,2,0,1479.9000000059605,Affirmative action,Student worker unionization,1,-1,0,2,2,-0.0575862889468599,3,5,4,1.2381052123574883,0,-3,-3,3,3,3,3,3,-3,-3,-3,1,Right,1.4799000000059606
29,R_3KUR1lXExtv7Bp7,42,j,2,0,2685.5,Expel students with white nationlist views,Ban on research with animals,1,1,-2,2,1,-0.9213806231497587,3,8,4,1.2381052123574883,-2,3,5,5,6,5,6,-5,5,-5,-6,1,Right,2.6855
29,R_3KUR1lXExtv7Bp7,43,j,2,0,6222.399999991059,Ban on research with animals,Tuition increases,1,-1,3,8,4,1.2381052123574883,-3,4,4,-1.353277790251208,3,3,0,-6,-4,0,4,0,0,6,4,1,Right,6.222399999991059
29,R_3KUR1lXExtv7Bp7,44,j,2,0,2477.9000000059605,Increased Gun regulations,Defund the police,1,-1,-2,4,4,-0.9213806231497587,3,8,4,1.2381052123574883,-2,-3,-1,5,4,1,4,1,-1,-5,-4,1,Right,2.4779000000059606
29,R_3KUR1lXExtv7Bp7,45,f,1,1,1806.2000000029802,Safe injection locations,Abortion rights,1,1,3,8,4,1.2381052123574883,2,6,4,0.8062080452560388,3,2,1,1,2,1,2,1,-1,1,2,0,Left,1.8062000000029803
29,R_3KUR1lXExtv7Bp7,46,j,2,0,1764.5,Ban on research with animals,Remove Christopher Columbus statues,-1,1,3,8,4,1.2381052123574883,-3,6,2,-1.353277790251208,-3,-3,0,-6,-2,0,2,0,0,6,2,1,Right,1.7645
29,R_3KUR1lXExtv7Bp7,47,f,1,1,1685.2000000029802,Raise the minimum wage,Affirmative action,1,1,3,8,4,1.2381052123574883,0,2,2,-0.0575862889468599,3,0,3,3,6,3,6,3,-3,3,6,0,Left,1.6852000000029803
29,R_3KUR1lXExtv7Bp7,48,f,1,1,2558,Student worker unionization,Mandatory drug tests for welfare recipients,-1,1,3,5,4,1.2381052123574883,-2,6,4,-0.9213806231497587,-3,-2,-1,5,-1,1,1,-1,1,5,-1,0,Left,2.558
29,R_3KUR1lXExtv7Bp7,49,f,1,1,1585.3999999910593,Student worker unionization,Physician-assisted suicide,1,-1,3,5,4,1.2381052123574883,1,4,4,0.37431087815458947,3,-1,4,2,1,4,1,4,-4,2,1,0,Left,1.5853999999910593
29,R_3KUR1lXExtv7Bp7,50,j,2,0,2051,Affirmative action,Student worker unionization,1,1,0,2,2,-0.0575862889468599,3,5,4,1.2381052123574883,0,3,3,3,3,3,3,-3,3,-3,-3,1,Right,2.051
29,R_3KUR1lXExtv7Bp7,51,j,2,0,2873,On campus concealed carry,Safe injection locations,1,1,0,4,4,-0.0575862889468599,3,8,4,1.2381052123574883,0,3,3,3,4,3,4,-3,3,-3,-4,1,Right,2.873
29,R_3KUR1lXExtv7Bp7,52,j,2,0,2327.699999988079,Physician-assisted suicide,Abolishing private prisons,1,1,1,4,4,0.37431087815458947,3,8,4,1.2381052123574883,1,3,2,2,4,2,4,-2,2,-2,-4,1,Right,2.327699999988079
29,R_3KUR1lXExtv7Bp7,53,j,2,0,1463.800000011921,Mandatory trigger warnings,Student worker unionization,-1,1,1,6,4,0.37431087815458947,3,5,4,1.2381052123574883,-1,3,4,2,-1,4,1,-4,4,-2,1,1,Right,1.463800000011921
29,R_3KUR1lXExtv7Bp7,54,f,1,1,2153.5,Student worker unionization,Expel students with white nationlist views,1,1,3,5,4,1.2381052123574883,-2,2,1,-0.9213806231497587,3,-2,5,5,3,5,3,5,-5,5,3,0,Left,2.1535
29,R_3KUR1lXExtv7Bp7,55,j,2,0,1571,U.S. drone strikes in Afghanistan,Raise the minimum wage,-1,1,-1,2,4,-0.4894834560483093,3,8,4,1.2381052123574883,1,3,2,4,6,2,6,-2,2,-4,-6,1,Right,1.571
29,R_3KUR1lXExtv7Bp7,56,f,1,1,2211.2000000029802,U.S. drone strikes in Afghanistan,Student worker unionization,-1,-1,-1,2,4,-0.4894834560483093,3,5,4,1.2381052123574883,1,-3,4,-4,-3,4,3,4,-4,-4,-3,0,Left,2.21120000000298
29,R_3KUR1lXExtv7Bp7,57,j,2,0,2566.3999999910593,Build southern border wall,Tuition increases,-1,1,-3,6,1,-1.353277790251208,-3,4,4,-1.353277790251208,3,-3,-6,0,-2,6,2,6,-6,0,2,1,Right,2.5663999999910594
29,R_3KUR1lXExtv7Bp7,58,f,1,1,2293.4000000059605,Safe injection locations,Mandatory trigger warnings,1,1,3,8,4,1.2381052123574883,1,6,4,0.37431087815458947,3,1,2,2,2,2,2,2,-2,2,2,0,Left,2.2934000000059607
29,R_3KUR1lXExtv7Bp7,59,f,1,1,4176.5,Student worker unionization,Tuition increases,-1,-1,3,5,4,1.2381052123574883,-3,4,4,-1.353277790251208,-3,3,-6,6,1,6,1,-6,6,6,1,0,Left,4.1765
29,R_3KUR1lXExtv7Bp7,60,j,2,0,2528.4000000059605,War on Drugs,Lift COVID lockdowns,-1,1,-3,6,4,-1.353277790251208,1,6,4,0.37431087815458947,3,1,-2,4,0,2,0,2,-2,-4,0,1,Right,2.5284000000059605
29,R_3KUR1lXExtv7Bp7,61,j,2,0,43353.59999999404,Physician-assisted suicide,Ban on research with animals,1,-1,1,4,4,0.37431087815458947,3,8,4,1.2381052123574883,1,-3,-4,2,4,4,4,4,-4,-2,-4,1,Right,43.35359999999404
29,R_3KUR1lXExtv7Bp7,62,j,2,0,2312.1000000089407,Increased Gun regulations,Student worker unionization,-1,1,-2,4,4,-0.9213806231497587,3,5,4,1.2381052123574883,2,3,1,5,1,1,1,-1,1,-5,-1,1,Right,2.312100000008941
29,R_3KUR1lXExtv7Bp7,63,f,1,1,1282,Climate change legislation,Mandatory drug tests for welfare recipients,1,1,3,8,4,1.2381052123574883,-2,6,4,-0.9213806231497587,3,-2,5,5,2,5,2,5,-5,5,2,0,Left,1.282
29,R_3KUR1lXExtv7Bp7,64,f,1,1,1540.6000000089407,Remove Christopher Columbus statues,Increased Gun regulations,-1,1,-3,6,2,-1.353277790251208,-2,4,4,-0.9213806231497587,3,-2,5,-1,2,5,2,5,-5,-1,2,0,Left,1.5406000000089406
29,R_3KUR1lXExtv7Bp7,65,j,2,0,1811.5,Student worker unionization,Student worker unionization,1,-1,3,5,4,1.2381052123574883,3,5,4,1.2381052123574883,3,-3,-6,0,0,6,0,6,-6,0,0,1,Right,1.8115
29,R_3KUR1lXExtv7Bp7,66,f,1,1,3797,Student worker unionization,Ban on ethnic Halloween costumes,1,-1,3,5,4,1.2381052123574883,-2,2,2,-0.9213806231497587,3,2,1,5,3,1,3,1,-1,5,3,0,Left,3.797
29,R_3KUR1lXExtv7Bp7,67,f,1,1,5072.199999988079,Student worker unionization,Mandatory vaccinations,-1,1,3,5,4,1.2381052123574883,-1,6,4,-0.4894834560483093,-3,-1,-2,4,-1,2,1,-2,2,4,-1,0,Left,5.072199999988079
29,R_3KUR1lXExtv7Bp7,68,j,2,0,2716.1000000089407,Student worker unionization,Defund the police,-1,-1,3,5,4,1.2381052123574883,3,8,4,1.2381052123574883,-3,-3,0,0,3,0,3,0,0,0,-3,1,Right,2.716100000008941
29,R_3KUR1lXExtv7Bp7,69,f,1,1,3419.2000000029802,Student worker unionization,Tuition increases,1,-1,3,5,4,1.2381052123574883,-3,4,4,-1.353277790251208,3,3,0,6,1,0,1,0,0,6,1,0,Left,3.4192000000029803
29,R_3KUR1lXExtv7Bp7,70,j,2,0,2672,Expel students with white nationlist views,Student worker unionization,-1,-1,-2,2,1,-0.9213806231497587,3,5,4,1.2381052123574883,2,-3,-5,5,3,5,3,5,-5,-5,-3,1,Right,2.672
29,R_3KUR1lXExtv7Bp7,71,f,1,1,1103.2000000029802,Climate change legislation,Mask mandates,1,-1,3,8,4,1.2381052123574883,-2,4,4,-0.9213806231497587,3,2,1,5,4,1,4,1,-1,5,4,0,Left,1.1032000000029802
29,R_3KUR1lXExtv7Bp7,72,f,1,1,4508.899999991059,Build southern border wall,Mandatory vaccinations,-1,1,-3,6,1,-1.353277790251208,-1,6,4,-0.4894834560483093,3,-1,4,-2,0,4,0,4,-4,-2,0,0,Left,4.508899999991059
29,R_3KUR1lXExtv7Bp7,73,f,1,1,3395.7000000029802,Student worker unionization,Mask mandates,-1,-1,3,5,4,1.2381052123574883,-2,4,4,-0.9213806231497587,-3,2,-5,5,1,5,1,-5,5,5,1,0,Left,3.3957000000029804
29,R_3KUR1lXExtv7Bp7,74,j,2,0,1518.5,Student worker unionization,Remove Christopher Columbus statues,1,-1,3,5,4,1.2381052123574883,-3,6,2,-1.353277790251208,3,3,0,-6,1,0,1,0,0,6,-1,1,Right,1.5185
29,R_3KUR1lXExtv7Bp7,75,f,1,1,2137.9000000059605,Hardening schools/Arming teachers,War on Drugs,-1,-1,-1,2,1,-0.4894834560483093,-3,6,4,-1.353277790251208,1,3,-2,2,-4,2,4,-2,2,2,-4,0,Left,2.1379000000059603
29,R_3KUR1lXExtv7Bp7,76,f,1,1,1620.2000000029802,Detention of migrant children,Affirmative action,1,1,-3,8,4,-1.353277790251208,0,2,2,-0.0575862889468599,-3,0,-3,-3,6,3,6,-3,3,-3,6,0,Left,1.6202000000029801
29,R_3KUR1lXExtv7Bp7,77,f,1,1,1286,Remove Christopher Columbus statues,U.S. drone strikes in Afghanistan,-1,1,-3,6,2,-1.353277790251208,-1,2,4,-0.4894834560483093,3,-1,4,-2,4,4,4,4,-4,-2,4,0,Left,1.286
29,R_3KUR1lXExtv7Bp7,78,f,1,1,1741.699999988079,Climate change legislation,War on Drugs,1,-1,3,8,4,1.2381052123574883,-3,6,4,-1.353277790251208,3,3,0,6,2,0,2,0,0,6,2,0,Left,1.7416999999880791
29,R_3KUR1lXExtv7Bp7,79,f,1,1,2176.199999988079,Student worker unionization,Detention of migrant children,1,-1,3,5,4,1.2381052123574883,-3,8,4,-1.353277790251208,3,3,0,6,-3,0,3,0,0,6,-3,0,Left,2.176199999988079
29,R_3KUR1lXExtv7Bp7,80,f,1,1,3374.4000000059605,Student worker unionization,Build southern border wall,1,1,3,5,4,1.2381052123574883,-3,6,1,-1.353277790251208,3,-3,6,6,-1,6,1,6,-6,6,-1,0,Left,3.3744000000059606
29,R_3KUR1lXExtv7Bp7,81,j,2,0,6030,Religious exemptions for discrimination laws,Student worker unionization,1,-1,0,4,1,-0.0575862889468599,3,5,4,1.2381052123574883,0,-3,-3,3,1,3,1,3,-3,-3,-1,1,Right,6.03
29,R_3KUR1lXExtv7Bp7,82,f,1,1,7326.70000000298,Mask mandates,Build southern border wall,-1,-1,-2,4,4,-0.9213806231497587,-3,6,1,-1.353277790251208,2,3,-1,1,-2,1,2,-1,1,1,-2,0,Left,7.3267000000029805
29,R_3KUR1lXExtv7Bp7,83,f,1,1,3410.9000000059605,Abortion rights,Defund the police,-1,-1,2,6,4,0.8062080452560388,3,8,4,1.2381052123574883,-2,-3,1,-1,-2,1,2,1,-1,-1,-2,0,Left,3.4109000000059604
29,R_3KUR1lXExtv7Bp7,84,j,2,0,1849.7000000029802,Ban on ethnic Halloween costumes,Remove Christopher Columbus statues,1,-1,-2,2,2,-0.9213806231497587,-3,6,2,-1.353277790251208,-2,3,5,-1,4,5,4,-5,5,1,-4,1,Right,1.8497000000029802
29,R_3KUR1lXExtv7Bp7,85,f,1,1,2431.2999999970198,Mandatory training on sexual consent,Hardening schools/Arming teachers,-1,-1,3,8,3,1.2381052123574883,-1,2,1,-0.4894834560483093,-3,1,-4,4,6,4,6,-4,4,4,6,0,Left,2.43129999999702
29,R_3KUR1lXExtv7Bp7,86,f,1,1,9968.199999988079,Remove Christopher Columbus statues,Tuition increases,-1,-1,-3,6,2,-1.353277790251208,-3,4,4,-1.353277790251208,3,3,0,0,2,0,2,0,0,0,2,0,Left,9.968199999988078
29,R_3KUR1lXExtv7Bp7,87,f,1,1,1353.8999999910593,Student worker unionization,Abortion rights,1,1,3,5,4,1.2381052123574883,2,6,4,0.8062080452560388,3,2,1,1,-1,1,1,1,-1,1,-1,0,Left,1.3538999999910593
29,R_3KUR1lXExtv7Bp7,88,j,2,0,2104.0999999940395,Expel students with white nationlist views,Safe injection locations,-1,1,-2,2,1,-0.9213806231497587,3,8,4,1.2381052123574883,2,3,1,5,6,1,6,-1,1,-5,-6,1,Right,2.1040999999940397
29,R_3KUR1lXExtv7Bp7,89,f,1,1,2476,Student worker unionization,Tuition increases,1,1,3,5,4,1.2381052123574883,-3,4,4,-1.353277790251208,3,-3,6,6,1,6,1,6,-6,6,1,0,Left,2.476
29,R_3KUR1lXExtv7Bp7,90,j,2,0,1378.4000000059605,Bathrooms restricted based on biological sex,Climate change legislation,-1,1,0,0,4,-0.0575862889468599,3,8,4,1.2381052123574883,-0,3,3,3,8,3,8,-3,3,-3,-8,1,Right,1.3784000000059604
29,R_3KUR1lXExtv7Bp7,91,j,2,0,2117.0999999940395,Physician-assisted suicide,Stop police brutality,-1,-1,1,4,4,0.37431087815458947,3,8,4,1.2381052123574883,-1,-3,-2,2,4,2,4,2,-2,-2,-4,1,Right,2.1170999999940396
29,R_3KUR1lXExtv7Bp7,92,j,2,0,1481,Religious exemptions for discrimination laws,Student worker unionization,1,1,0,4,1,-0.0575862889468599,3,5,4,1.2381052123574883,0,3,3,3,1,3,1,-3,3,-3,-1,1,Right,1.481
29,R_3KUR1lXExtv7Bp7,93,j,2,0,1242.6000000089407,Detention of migrant children,Lift COVID lockdowns,1,1,-3,8,4,-1.353277790251208,1,6,4,0.37431087815458947,-3,1,4,4,-2,4,2,-4,4,-4,2,1,Right,1.2426000000089408
29,R_3KUR1lXExtv7Bp7,94,f,1,1,1632.1000000089407,Raise the minimum wage,Physician-assisted suicide,1,-1,3,8,4,1.2381052123574883,1,4,4,0.37431087815458947,3,-1,4,2,4,4,4,4,-4,2,4,0,Left,1.6321000000089407
29,R_3KUR1lXExtv7Bp7,95,f,1,1,3246.800000011921,Mandatory training on sexual consent,Tuition increases,1,1,3,8,3,1.2381052123574883,-3,4,4,-1.353277790251208,3,-3,6,6,4,6,4,6,-6,6,4,0,Left,3.246800000011921
29,R_3KUR1lXExtv7Bp7,96,f,1,1,2174.5999999940395,U.S. drone strikes in Afghanistan,Student worker unionization,1,1,-1,2,4,-0.4894834560483093,3,5,4,1.2381052123574883,-1,3,-4,-4,-3,4,3,-4,4,-4,-3,0,Left,2.1745999999940397
29,R_3KUR1lXExtv7Bp7,97,j,2,0,1946.2000000029802,U.S. drone strikes in Afghanistan,Student worker unionization,1,-1,-1,2,4,-0.4894834560483093,3,5,4,1.2381052123574883,-1,-3,-2,4,3,2,3,2,-2,-4,-3,1,Right,1.9462000000029802
29,R_3KUR1lXExtv7Bp7,98,f,1,1,3548,Student worker unionization,Mandatory training on sexual consent,1,-1,3,5,4,1.2381052123574883,3,8,3,1.2381052123574883,3,-3,6,0,-3,6,3,6,-6,0,-3,0,Left,3.548
29,R_3KUR1lXExtv7Bp7,99,j,2,0,1227.5999999940395,Bathrooms restricted based on biological sex,Remove Christopher Columbus statues,-1,-1,0,0,4,-0.0575862889468599,-3,6,2,-1.353277790251208,-0,3,3,-3,6,3,6,-3,3,3,-6,1,Right,1.2275999999940395
29,R_3KUR1lXExtv7Bp7,100,j,2,0,2688.8999999910593,Mandatory trigger warnings,Stop police brutality,-1,1,1,6,4,0.37431087815458947,3,8,4,1.2381052123574883,-1,3,4,2,2,4,2,-4,4,-2,-2,1,Right,2.6888999999910594
28,R_3k1zAiKEZtq6bcn,1,j,2,0,4904.699999988079,Remove police from schools,Physician-assisted suicide,-1,1,1,8,4,-0.06023518202477729,3,7,3,0.9035277303716593,-1,3,4,2,-1,4,1,-4,4,-2,1,1,Right,4.904699999988079
28,R_3k1zAiKEZtq6bcn,2,j,2,0,6509.300000011921,Remove police from schools,Climate change legislation,-1,-1,1,8,4,-0.06023518202477729,3,6,3,0.9035277303716593,-1,-3,-2,2,-2,2,2,2,-2,-2,2,1,Right,6.509300000011921
28,R_3k1zAiKEZtq6bcn,3,f,1,1,2914.699999988079,Tuition increases,Physician-assisted suicide,-1,-1,-2,5,4,-1.5058795506194322,3,7,3,0.9035277303716593,2,-3,5,-5,-2,5,2,5,-5,-5,-2,0,Left,2.914699999988079
28,R_3k1zAiKEZtq6bcn,4,j,2,0,2460.399999976158,Physician-assisted suicide,Physician-assisted suicide,-1,1,3,7,3,0.9035277303716593,3,7,3,0.9035277303716593,-3,3,6,0,0,6,0,-6,6,0,0,1,Right,2.460399999976158
28,R_3k1zAiKEZtq6bcn,5,j,2,0,6611.799999952316,Hardening schools/Arming teachers,Remove police from schools,1,-1,-3,8,4,-1.9877610068176506,1,8,4,-0.06023518202477729,-3,-1,2,4,0,2,0,-2,2,-4,0,1,Right,6.611799999952316
28,R_3k1zAiKEZtq6bcn,6,f,1,1,5328.800000011921,Climate change legislation,Tuition increases,1,1,3,6,3,0.9035277303716593,-2,5,4,-1.5058795506194322,3,-2,5,5,1,5,1,5,-5,5,1,0,Left,5.328800000011921
28,R_3k1zAiKEZtq6bcn,7,j,2,0,11826.5,Climate change legislation,Climate change legislation,-1,1,3,6,3,0.9035277303716593,3,6,3,0.9035277303716593,-3,3,6,0,0,6,0,-6,6,0,0,1,Right,11.8265
28,R_3k1zAiKEZtq6bcn,8,f,1,1,16590.19999998808,Physician-assisted suicide,Mandatory vaccinations,1,1,3,7,3,0.9035277303716593,2,8,4,0.421646274173441,3,2,1,1,-1,1,1,1,-1,1,-1,0,Left,16.59019999998808
28,R_3k1zAiKEZtq6bcn,9,j,2,0,9742.100000023842,Student worker unionization,Ban on research with animals,-1,-1,3,8,4,0.9035277303716593,0,5,4,-0.5421166382229956,-3,-0,3,-3,-3,3,3,-3,3,3,3,1,Right,9.742100000023841
28,R_3k1zAiKEZtq6bcn,10,f,1,1,2493.800000011921,Legalization of marijuana,Climate change legislation,1,-1,3,5,4,0.9035277303716593,3,6,3,0.9035277303716593,3,-3,6,0,-1,6,1,6,-6,0,-1,0,Left,2.493800000011921
28,R_3k1zAiKEZtq6bcn,11,f,1,1,3938.100000023842,Allow alt-right speakers on campus,Climate change legislation,-1,1,0,8,4,-0.5421166382229956,3,6,3,0.9035277303716593,-0,3,-3,-3,2,3,2,-3,3,-3,2,0,Left,3.9381000000238418
28,R_3k1zAiKEZtq6bcn,12,j,2,0,2738.300000011921,Lift COVID lockdowns,Physician-assisted suicide,-1,1,1,5,4,-0.06023518202477729,3,7,3,0.9035277303716593,-1,3,4,2,2,4,2,-4,4,-2,-2,1,Right,2.738300000011921
28,R_3k1zAiKEZtq6bcn,13,j,2,0,2436.5,Affirmative action,Climate change legislation,-1,1,3,8,4,0.9035277303716593,3,6,3,0.9035277303716593,-3,3,6,0,-2,6,2,-6,6,0,2,1,Right,2.4365
28,R_3k1zAiKEZtq6bcn,14,f,1,1,4974.599999964237,Climate change legislation,Physician-assisted suicide,-1,-1,3,6,3,0.9035277303716593,3,7,3,0.9035277303716593,-3,-3,0,0,-1,0,1,0,0,0,-1,0,Left,4.974599999964237
28,R_3k1zAiKEZtq6bcn,15,f,1,1,9032.199999988079,Climate change legislation,Physician-assisted suicide,1,-1,3,6,3,0.9035277303716593,3,7,3,0.9035277303716593,3,-3,6,0,-1,6,1,6,-6,0,-1,0,Left,9.032199999988078
28,R_3k1zAiKEZtq6bcn,16,f,1,1,9456.099999964237,Climate change legislation,Lift COVID lockdowns,-1,-1,3,6,3,0.9035277303716593,1,5,4,-0.06023518202477729,-3,-1,-2,2,1,2,1,-2,2,2,1,0,Left,9.456099999964238
28,R_3k1zAiKEZtq6bcn,17,j,2,0,2871.199999988079,Abolishing fraternities,Physician-assisted suicide,1,1,0,4,3,-0.5421166382229956,3,7,3,0.9035277303716593,0,3,3,3,3,3,3,-3,3,-3,-3,1,Right,2.8711999999880793
28,R_3k1zAiKEZtq6bcn,18,f,1,1,2330.899999976158,Physician-assisted suicide,Climate change legislation,1,-1,3,7,3,0.9035277303716593,3,6,3,0.9035277303716593,3,-3,6,0,1,6,1,6,-6,0,1,0,Left,2.330899999976158
28,R_3k1zAiKEZtq6bcn,19,j,2,0,2944.199999988079,Mandatory drug tests for welfare recipients,Physician-assisted suicide,1,1,1,5,3,-0.06023518202477729,3,7,3,0.9035277303716593,1,3,2,2,2,2,2,-2,2,-2,-2,1,Right,2.9441999999880792
28,R_3k1zAiKEZtq6bcn,20,f,1,1,5891,Physician-assisted suicide,Mask mandates,-1,-1,3,7,3,0.9035277303716593,3,8,4,0.9035277303716593,-3,-3,0,0,-1,0,1,0,0,0,-1,0,Left,5.891
28,R_3k1zAiKEZtq6bcn,21,f,1,1,2207.800000011921,Physician-assisted suicide,Build southern border wall,1,1,3,7,3,0.9035277303716593,-3,8,4,-1.9877610068176506,3,-3,6,6,-1,6,1,6,-6,6,-1,0,Left,2.207800000011921
28,R_3k1zAiKEZtq6bcn,22,f,1,1,3168.900000035763,Tuition increases,Climate change legislation,-1,1,-2,5,4,-1.5058795506194322,3,6,3,0.9035277303716593,2,3,-1,-5,-1,1,1,-1,1,-5,-1,0,Left,3.1689000000357628
28,R_3k1zAiKEZtq6bcn,23,j,2,0,5741.199999988079,Abolishing private prisons,Climate change legislation,-1,-1,2,8,2,0.421646274173441,3,6,3,0.9035277303716593,-2,-3,-1,1,-2,1,2,1,-1,-1,2,1,Right,5.741199999988079
28,R_3k1zAiKEZtq6bcn,24,j,2,0,1877.9000000357628,Climate change legislation,Legalization of marijuana,1,1,3,6,3,0.9035277303716593,3,5,4,0.9035277303716593,3,3,0,0,-1,0,1,0,0,0,1,1,Right,1.8779000000357629
28,R_3k1zAiKEZtq6bcn,25,j,2,0,2910,Legalization of marijuana,Affirmative action,1,1,3,5,4,0.9035277303716593,3,8,4,0.9035277303716593,3,3,0,0,3,0,3,0,0,0,-3,1,Right,2.91
28,R_3k1zAiKEZtq6bcn,26,j,2,0,2061.199999988079,Abolishing private prisons,Climate change legislation,-1,1,2,8,2,0.421646274173441,3,6,3,0.9035277303716593,-2,3,5,1,-2,5,2,-5,5,-1,2,1,Right,2.0611999999880792
28,R_3k1zAiKEZtq6bcn,27,j,2,0,2196.5,Climate change legislation,Increased Gun regulations,-1,1,3,6,3,0.9035277303716593,3,8,4,0.9035277303716593,-3,3,6,0,2,6,2,-6,6,0,-2,1,Right,2.1965
28,R_3k1zAiKEZtq6bcn,28,f,1,1,2336.899999976158,Climate change legislation,Legalization of marijuana,-1,-1,3,6,3,0.9035277303716593,3,5,4,0.9035277303716593,-3,-3,0,0,1,0,1,0,0,0,1,0,Left,2.336899999976158
28,R_3k1zAiKEZtq6bcn,29,f,1,1,2876.400000035763,Climate change legislation,Abolishing fraternities,1,1,3,6,3,0.9035277303716593,0,4,3,-0.5421166382229956,3,0,3,3,2,3,2,3,-3,3,2,0,Left,2.876400000035763
28,R_3k1zAiKEZtq6bcn,30,j,2,0,4612.899999976158,Allow alt-right speakers on campus,Physician-assisted suicide,-1,1,0,8,4,-0.5421166382229956,3,7,3,0.9035277303716593,-0,3,3,3,-1,3,1,-3,3,-3,1,1,Right,4.612899999976158
28,R_3k1zAiKEZtq6bcn,31,j,2,0,8872.399999976158,Physician-assisted suicide,Remove police from schools,-1,-1,3,7,3,0.9035277303716593,1,8,4,-0.06023518202477729,-3,-1,2,-2,1,2,1,-2,2,2,-1,1,Right,8.872399999976158
28,R_3k1zAiKEZtq6bcn,32,f,1,1,1830.699999988079,Black Lives Matter,Physician-assisted suicide,1,-1,3,8,4,0.9035277303716593,3,7,3,0.9035277303716593,3,-3,6,0,1,6,1,6,-6,0,1,0,Left,1.830699999988079
28,R_3k1zAiKEZtq6bcn,33,j,2,0,2604.199999988079,Physician-assisted suicide,Allow alt-right speakers on campus,-1,-1,3,7,3,0.9035277303716593,0,8,4,-0.5421166382229956,-3,-0,3,-3,1,3,1,-3,3,3,-1,1,Right,2.604199999988079
28,R_3k1zAiKEZtq6bcn,34,f,1,1,3092.800000011921,Lift COVID lockdowns,Physician-assisted suicide,1,-1,1,5,4,-0.06023518202477729,3,7,3,0.9035277303716593,1,-3,4,-2,-2,4,2,4,-4,-2,-2,0,Left,3.092800000011921
28,R_3k1zAiKEZtq6bcn,35,f,1,1,4346.5,Legalization of marijuana,Physician-assisted suicide,-1,-1,3,5,4,0.9035277303716593,3,7,3,0.9035277303716593,-3,-3,0,0,-2,0,2,0,0,0,-2,0,Left,4.3465
28,R_3k1zAiKEZtq6bcn,36,j,2,0,5240.099999964237,Climate change legislation,Remove police from schools,1,-1,3,6,3,0.9035277303716593,1,8,4,-0.06023518202477729,3,-1,-4,-2,2,4,2,4,-4,2,-2,1,Right,5.2400999999642375
28,R_3k1zAiKEZtq6bcn,37,j,2,0,3215.699999988079,Climate change legislation,Lift COVID lockdowns,1,1,3,6,3,0.9035277303716593,1,5,4,-0.06023518202477729,3,1,-2,-2,-1,2,1,2,-2,2,1,1,Right,3.215699999988079
28,R_3k1zAiKEZtq6bcn,38,j,2,0,3471.800000011921,On campus concealed carry,Physician-assisted suicide,1,-1,-2,8,3,-1.5058795506194322,3,7,3,0.9035277303716593,-2,-3,-1,5,-1,1,1,1,-1,-5,1,1,Right,3.471800000011921
28,R_3k1zAiKEZtq6bcn,39,f,1,1,5761.300000011921,Student worker unionization,Ban on ethnic Halloween costumes,1,-1,3,8,4,0.9035277303716593,0,7,4,-0.5421166382229956,3,-0,3,3,1,3,1,3,-3,3,1,0,Left,5.7613000000119206
28,R_3k1zAiKEZtq6bcn,40,j,2,0,7371.699999988079,Tuition increases,Gun-free campus police,1,1,-2,5,4,-1.5058795506194322,3,8,4,0.9035277303716593,-2,3,5,5,3,5,3,-5,5,-5,-3,1,Right,7.3716999999880795
28,R_3k1zAiKEZtq6bcn,41,j,2,0,2822.099999964237,Raise the minimum wage,Stop police brutality,-1,1,3,8,4,0.9035277303716593,3,8,4,0.9035277303716593,-3,3,6,0,0,6,0,-6,6,0,0,1,Right,2.8220999999642373
28,R_3k1zAiKEZtq6bcn,42,f,1,1,3309.600000023842,Tuition increases,Student worker unionization,-1,-1,-2,5,4,-1.5058795506194322,3,8,4,0.9035277303716593,2,-3,5,-5,-3,5,3,5,-5,-5,-3,0,Left,3.309600000023842
28,R_3k1zAiKEZtq6bcn,43,f,1,1,3346,Physician-assisted suicide,Ban on research with animals,-1,1,3,7,3,0.9035277303716593,0,5,4,-0.5421166382229956,-3,0,-3,3,2,3,2,-3,3,3,2,0,Left,3.346
28,R_3k1zAiKEZtq6bcn,44,j,2,0,1910.800000011921,Legalization of marijuana,Student worker unionization,-1,1,3,5,4,0.9035277303716593,3,8,4,0.9035277303716593,-3,3,6,0,3,6,3,-6,6,0,-3,1,Right,1.910800000011921
28,R_3k1zAiKEZtq6bcn,45,j,2,0,2131.599999964237,On campus concealed carry,Physician-assisted suicide,1,1,-2,8,3,-1.5058795506194322,3,7,3,0.9035277303716593,-2,3,5,5,-1,5,1,-5,5,-5,1,1,Right,2.131599999964237
28,R_3k1zAiKEZtq6bcn,46,j,2,0,2680.600000023842,Ban on research with animals,Physician-assisted suicide,-1,1,0,5,4,-0.5421166382229956,3,7,3,0.9035277303716593,-0,3,3,3,2,3,2,-3,3,-3,-2,1,Right,2.680600000023842
28,R_3k1zAiKEZtq6bcn,47,f,1,1,2545.5,Legalization of marijuana,Remove Christopher Columbus statues,1,-1,3,5,4,0.9035277303716593,3,8,4,0.9035277303716593,3,-3,6,0,-3,6,3,6,-6,0,-3,0,Left,2.5455
28,R_3k1zAiKEZtq6bcn,48,j,2,0,6539.800000011921,Raise the minimum wage,On campus concealed carry,-1,-1,3,8,4,0.9035277303716593,-2,8,3,-1.5058795506194322,-3,2,5,-5,0,5,0,-5,5,5,0,1,Right,6.539800000011921
28,R_3k1zAiKEZtq6bcn,49,j,2,0,4152.600000023842,Physician-assisted suicide,Tuition increases,1,-1,3,7,3,0.9035277303716593,-2,5,4,-1.5058795506194322,3,2,-1,-5,-2,1,2,1,-1,5,2,1,Right,4.152600000023842
28,R_3k1zAiKEZtq6bcn,50,j,2,0,6266.600000023842,War on Drugs,Abolishing fraternities,-1,-1,3,8,2,0.9035277303716593,0,4,3,-0.5421166382229956,-3,-0,3,-3,-4,3,4,-3,3,3,4,1,Right,6.266600000023842
28,R_3k1zAiKEZtq6bcn,51,f,1,1,1919.300000011921,Physician-assisted suicide,Legalization of marijuana,1,1,3,7,3,0.9035277303716593,3,5,4,0.9035277303716593,3,3,0,0,2,0,2,0,0,0,2,0,Left,1.919300000011921
28,R_3k1zAiKEZtq6bcn,52,j,2,0,3016.2000000476837,Remove public Confederate memorials,Allow alt-right speakers on campus,-1,-1,3,8,4,0.9035277303716593,0,8,4,-0.5421166382229956,-3,-0,3,-3,0,3,0,-3,3,3,0,1,Right,3.0162000000476836
28,R_3k1zAiKEZtq6bcn,53,j,2,0,2678.199999988079,Tuition increases,Physician-assisted suicide,1,-1,-2,5,4,-1.5058795506194322,3,7,3,0.9035277303716593,-2,-3,-1,5,2,1,2,1,-1,-5,-2,1,Right,2.6781999999880792
28,R_3k1zAiKEZtq6bcn,54,j,2,0,4895.899999976158,U.S. drone strikes in Afghanistan,Raise the minimum wage,-1,1,-1,8,4,-1.023998094421214,3,8,4,0.9035277303716593,1,3,2,4,0,2,0,-2,2,-4,0,1,Right,4.895899999976158
28,R_3k1zAiKEZtq6bcn,55,j,2,0,4799.5,Build southern border wall,Ban on ethnic Halloween costumes,1,-1,-3,8,4,-1.9877610068176506,0,7,4,-0.5421166382229956,-3,-0,3,3,-1,3,1,-3,3,-3,1,1,Right,4.7995
28,R_3k1zAiKEZtq6bcn,56,f,1,1,1615.300000011921,Physician-assisted suicide,Legalization of marijuana,1,-1,3,7,3,0.9035277303716593,3,5,4,0.9035277303716593,3,-3,6,0,2,6,2,6,-6,0,2,0,Left,1.6153000000119209
28,R_3k1zAiKEZtq6bcn,57,j,2,0,5182.600000023842,University Campus should be a Sanctuary,Physician-assisted suicide,1,-1,0,0,3,-0.5421166382229956,3,7,3,0.9035277303716593,0,-3,-3,3,7,3,7,3,-3,-3,-7,1,Right,5.182600000023842
28,R_3k1zAiKEZtq6bcn,58,f,1,1,1841,Affirmative action,Climate change legislation,1,1,3,8,4,0.9035277303716593,3,6,3,0.9035277303716593,3,3,0,0,2,0,2,0,0,0,2,0,Left,1.841
28,R_3k1zAiKEZtq6bcn,59,j,2,0,2179.2000000476837,Remove Christopher Columbus statues,Climate change legislation,-1,-1,3,8,4,0.9035277303716593,3,6,3,0.9035277303716593,-3,-3,0,0,-2,0,2,0,0,0,2,1,Right,2.179200000047684
28,R_3k1zAiKEZtq6bcn,60,j,2,0,3120.699999988079,Remove public Confederate memorials,Physician-assisted suicide,1,1,3,8,4,0.9035277303716593,3,7,3,0.9035277303716593,3,3,0,0,-1,0,1,0,0,0,1,1,Right,3.120699999988079
28,R_3k1zAiKEZtq6bcn,61,j,2,0,2482,Climate change legislation,U.S. drone strikes in Afghanistan,1,-1,3,6,3,0.9035277303716593,-1,8,4,-1.023998094421214,3,1,-2,-4,2,2,2,2,-2,4,-2,1,Right,2.482
28,R_3k1zAiKEZtq6bcn,62,j,2,0,2493.400000035763,Climate change legislation,Remove police from schools,-1,1,3,6,3,0.9035277303716593,1,8,4,-0.06023518202477729,-3,1,4,-2,2,4,2,-4,4,2,-2,1,Right,2.493400000035763
28,R_3k1zAiKEZtq6bcn,63,f,1,1,3635.100000023842,Physician-assisted suicide,Ban on ethnic Halloween costumes,-1,1,3,7,3,0.9035277303716593,0,7,4,-0.5421166382229956,-3,0,-3,3,0,3,0,-3,3,3,0,0,Left,3.635100000023842
28,R_3k1zAiKEZtq6bcn,64,j,2,0,5085.199999988079,Ban on research with animals,Build southern border wall,-1,-1,0,5,4,-0.5421166382229956,-3,8,4,-1.9877610068176506,-0,3,3,-3,3,3,3,-3,3,3,-3,1,Right,5.085199999988079
28,R_3k1zAiKEZtq6bcn,65,j,2,0,1936.5,Ban on ethnic Halloween costumes,Climate change legislation,-1,1,0,7,4,-0.5421166382229956,3,6,3,0.9035277303716593,-0,3,3,3,-1,3,1,-3,3,-3,1,1,Right,1.9365
28,R_3k1zAiKEZtq6bcn,66,j,2,0,6031.300000011921,University Campus should be a Sanctuary,Gun-free campus police,-1,1,0,0,3,-0.5421166382229956,3,8,4,0.9035277303716593,-0,3,3,3,8,3,8,-3,3,-3,-8,1,Right,6.031300000011921
28,R_3k1zAiKEZtq6bcn,67,j,2,0,4793.100000023842,U.S. drone strikes in Afghanistan,Remove Christopher Columbus statues,1,1,-1,8,4,-1.023998094421214,3,8,4,0.9035277303716593,-1,3,4,4,0,4,0,-4,4,-4,0,1,Right,4.793100000023842
28,R_3k1zAiKEZtq6bcn,68,f,1,1,4500.5,Tuition increases,Affirmative action,1,-1,-2,5,4,-1.5058795506194322,3,8,4,0.9035277303716593,-2,-3,1,-5,-3,1,3,1,-1,-5,-3,0,Left,4.5005
28,R_3k1zAiKEZtq6bcn,69,f,1,1,2901.900000035763,Climate change legislation,Ban on research with animals,1,-1,3,6,3,0.9035277303716593,0,5,4,-0.5421166382229956,3,-0,3,3,1,3,1,3,-3,3,1,0,Left,2.901900000035763
28,R_3k1zAiKEZtq6bcn,70,j,2,0,1836.3999999761581,Ban on ethnic Halloween costumes,Physician-assisted suicide,-1,1,0,7,4,-0.5421166382229956,3,7,3,0.9035277303716593,-0,3,3,3,0,3,0,-3,3,-3,0,1,Right,1.8363999999761582
28,R_3k1zAiKEZtq6bcn,71,j,2,0,2096.599999964237,Raise the minimum wage,Legalization of marijuana,-1,-1,3,8,4,0.9035277303716593,3,5,4,0.9035277303716593,-3,-3,0,0,-3,0,3,0,0,0,3,1,Right,2.096599999964237
28,R_3k1zAiKEZtq6bcn,72,f,1,1,4789.100000023842,Remove public Confederate memorials,On campus concealed carry,-1,1,3,8,4,0.9035277303716593,-2,8,3,-1.5058795506194322,-3,-2,-1,5,0,1,0,-1,1,5,0,0,Left,4.789100000023842
28,R_3k1zAiKEZtq6bcn,73,j,2,0,8229.800000011921,Lift COVID lockdowns,Mask mandates,1,1,1,5,4,-0.06023518202477729,3,8,4,0.9035277303716593,1,3,2,2,3,2,3,-2,2,-2,-3,1,Right,8.22980000001192
28,R_3k1zAiKEZtq6bcn,74,f,1,1,2226.899999976158,Lift COVID lockdowns,Build southern border wall,1,1,1,5,4,-0.06023518202477729,-3,8,4,-1.9877610068176506,1,-3,4,4,-3,4,3,4,-4,4,-3,0,Left,2.2268999999761583
28,R_3k1zAiKEZtq6bcn,75,f,1,1,2109.5,Physician-assisted suicide,Abolishing fraternities,-1,-1,3,7,3,0.9035277303716593,0,4,3,-0.5421166382229956,-3,-0,-3,3,3,3,3,-3,3,3,3,0,Left,2.1095
28,R_3k1zAiKEZtq6bcn,76,f,1,1,7321.900000035763,Mandatory drug tests for welfare recipients,Remove Christopher Columbus statues,-1,-1,1,5,3,-0.06023518202477729,3,8,4,0.9035277303716593,-1,-3,2,-2,-3,2,3,2,-2,-2,-3,0,Left,7.321900000035763
28,R_3k1zAiKEZtq6bcn,77,j,2,0,2604.400000035763,Abolishing private prisons,Affirmative action,-1,1,2,8,2,0.421646274173441,3,8,4,0.9035277303716593,-2,3,5,1,0,5,0,-5,5,-1,0,1,Right,2.604400000035763
28,R_3k1zAiKEZtq6bcn,78,j,2,0,1809.3999999761581,Climate change legislation,Physician-assisted suicide,1,1,3,6,3,0.9035277303716593,3,7,3,0.9035277303716593,3,3,0,0,1,0,1,0,0,0,-1,1,Right,1.809399999976158
28,R_3k1zAiKEZtq6bcn,79,f,1,1,3592.199999988079,Gun-free campus police,Tuition increases,1,-1,3,8,4,0.9035277303716593,-2,5,4,-1.5058795506194322,3,2,1,5,3,1,3,1,-1,5,3,0,Left,3.592199999988079
28,R_3k1zAiKEZtq6bcn,80,f,1,1,5603.600000023842,Physician-assisted suicide,U.S. drone strikes in Afghanistan,1,-1,3,7,3,0.9035277303716593,-1,8,4,-1.023998094421214,3,1,2,4,-1,2,1,2,-2,4,-1,0,Left,5.6036000000238415
28,R_3k1zAiKEZtq6bcn,81,j,2,0,3868,Lift COVID lockdowns,Mask mandates,-1,1,1,5,4,-0.06023518202477729,3,8,4,0.9035277303716593,-1,3,4,2,3,4,3,-4,4,-2,-3,1,Right,3.868
28,R_3k1zAiKEZtq6bcn,82,j,2,0,2512.100000023842,Abolishing fraternities,Build southern border wall,-1,-1,0,4,3,-0.5421166382229956,-3,8,4,-1.9877610068176506,-0,3,3,-3,4,3,4,-3,3,3,-4,1,Right,2.512100000023842
28,R_3k1zAiKEZtq6bcn,83,j,2,0,9061.599999964237,Dorms determined by gender identity,Physician-assisted suicide,-1,-1,1,5,4,-0.06023518202477729,3,7,3,0.9035277303716593,-1,-3,-2,2,2,2,2,2,-2,-2,-2,1,Right,9.061599999964237
28,R_3k1zAiKEZtq6bcn,84,j,2,0,4413.199999988079,Climate change legislation,Tuition increases,-1,-1,3,6,3,0.9035277303716593,-2,5,4,-1.5058795506194322,-3,2,5,-5,-1,5,1,-5,5,5,1,1,Right,4.413199999988079
28,R_3k1zAiKEZtq6bcn,85,f,1,1,3462,Physician-assisted suicide,Tuition increases,1,1,3,7,3,0.9035277303716593,-2,5,4,-1.5058795506194322,3,-2,5,5,2,5,2,5,-5,5,2,0,Left,3.462
28,R_3k1zAiKEZtq6bcn,86,f,1,1,3269,Abolishing private prisons,Climate change legislation,1,-1,2,8,2,0.421646274173441,3,6,3,0.9035277303716593,2,-3,5,-1,2,5,2,5,-5,-1,2,0,Left,3.269
28,R_3k1zAiKEZtq6bcn,87,f,1,1,2594.800000011921,Climate change legislation,Tuition increases,-1,1,3,6,3,0.9035277303716593,-2,5,4,-1.5058795506194322,-3,-2,-1,5,1,1,1,-1,1,5,1,0,Left,2.594800000011921
28,R_3k1zAiKEZtq6bcn,88,f,1,1,2609.199999988079,University Campus should be a Sanctuary,Mask mandates,-1,-1,0,0,3,-0.5421166382229956,3,8,4,0.9035277303716593,-0,-3,3,-3,-8,3,8,3,-3,-3,-8,0,Left,2.6091999999880793
28,R_3k1zAiKEZtq6bcn,89,j,2,0,6445.699999988079,Physician-assisted suicide,Legalization of marijuana,-1,1,3,7,3,0.9035277303716593,3,5,4,0.9035277303716593,-3,3,6,0,-2,6,2,-6,6,0,2,1,Right,6.445699999988079
28,R_3k1zAiKEZtq6bcn,90,j,2,0,2812.5,Remove Christopher Columbus statues,U.S. drone strikes in Afghanistan,-1,-1,3,8,4,0.9035277303716593,-1,8,4,-1.023998094421214,-3,1,4,-4,0,4,0,-4,4,4,0,1,Right,2.8125
28,R_3k1zAiKEZtq6bcn,91,f,1,1,3005,Climate change legislation,Mandatory vaccinations,1,1,3,6,3,0.9035277303716593,2,8,4,0.421646274173441,3,2,1,1,-2,1,2,1,-1,1,-2,0,Left,3.005
28,R_3k1zAiKEZtq6bcn,92,j,2,0,2462.7999999523163,Climate change legislation,Mandatory drug tests for welfare recipients,-1,1,3,6,3,0.9035277303716593,1,5,3,-0.06023518202477729,-3,1,4,-2,-1,4,1,-4,4,2,1,1,Right,2.4627999999523165
28,R_3k1zAiKEZtq6bcn,93,f,1,1,2933.600000023842,Climate change legislation,Lift COVID lockdowns,1,-1,3,6,3,0.9035277303716593,1,5,4,-0.06023518202477729,3,-1,4,2,1,4,1,4,-4,2,1,0,Left,2.933600000023842
28,R_3k1zAiKEZtq6bcn,94,f,1,1,5778.699999988079,Physician-assisted suicide,Recognize Jerusalem as capital of Israel,1,-1,3,7,3,0.9035277303716593,0,0,2,-0.5421166382229956,3,-0,3,3,7,3,7,3,-3,3,7,0,Left,5.7786999999880795
28,R_3k1zAiKEZtq6bcn,95,f,1,1,1481.699999988079,Climate change legislation,Recognize Jerusalem as capital of Israel,1,-1,3,6,3,0.9035277303716593,0,0,2,-0.5421166382229956,3,-0,3,3,6,3,6,3,-3,3,6,0,Left,1.481699999988079
28,R_3k1zAiKEZtq6bcn,96,f,1,1,1580.800000011921,Affirmative action,Allow alt-right speakers on campus,1,1,3,8,4,0.9035277303716593,0,8,4,-0.5421166382229956,3,0,3,3,0,3,0,3,-3,3,0,0,Left,1.580800000011921
28,R_3k1zAiKEZtq6bcn,97,f,1,1,2140.5,Physician-assisted suicide,On campus concealed carry,-1,-1,3,7,3,0.9035277303716593,-2,8,3,-1.5058795506194322,-3,2,-5,5,-1,5,1,-5,5,5,-1,0,Left,2.1405
28,R_3k1zAiKEZtq6bcn,98,j,2,0,2064.300000011921,Legalization of marijuana,Climate change legislation,-1,1,3,5,4,0.9035277303716593,3,6,3,0.9035277303716593,-3,3,6,0,1,6,1,-6,6,0,-1,1,Right,2.064300000011921
28,R_3k1zAiKEZtq6bcn,99,f,1,1,2852.100000023842,Abolishing private prisons,Build southern border wall,1,-1,2,8,2,0.421646274173441,-3,8,4,-1.9877610068176506,2,3,-1,5,0,1,0,-1,1,5,0,0,Left,2.852100000023842
28,R_3k1zAiKEZtq6bcn,100,j,2,0,2867.699999988079,Physician-assisted suicide,U.S. drone strikes in Afghanistan,-1,-1,3,7,3,0.9035277303716593,-1,8,4,-1.023998094421214,-3,1,4,-4,1,4,1,-4,4,4,-1,1,Right,2.867699999988079
3,R_1JFsPqxQvl1UumE,1,j,2,0,1159,Defund Planned Parenthood,Student worker unionization,-1,-1,1,7,2,-3.118047822311618,3,7,3,0.623609564462323,-1,-3,-2,2,0,2,0,2,-2,-2,0,1,Right,1.159
3,R_1JFsPqxQvl1UumE,2,f,1,1,945,Defund Planned Parenthood,Remove police from schools,1,1,1,7,2,-3.118047822311618,3,7,3,0.623609564462323,1,3,-2,-2,0,2,0,-2,2,-2,0,0,Left,0.945
3,R_1JFsPqxQvl1UumE,3,j,2,0,811,War on Drugs,Recognize Jerusalem as capital of Israel,-1,-1,2,7,2,-1.2472191289246477,3,6,3,0.623609564462323,-2,-3,-1,1,-1,1,1,1,-1,-1,1,1,Right,0.811
3,R_1JFsPqxQvl1UumE,4,f,1,1,1122,Defund Planned Parenthood,Recognize Jerusalem as capital of Israel,1,-1,1,7,2,-3.118047822311618,3,6,3,0.623609564462323,1,-3,4,-2,1,4,1,4,-4,-2,1,0,Left,1.122
3,R_1JFsPqxQvl1UumE,5,j,2,0,930,Mandatory drug tests for welfare recipients,Defund Planned Parenthood,1,-1,3,7,3,0.623609564462323,1,7,2,-3.118047822311618,3,-1,-4,-2,0,4,0,4,-4,2,0,1,Right,0.93
3,R_1JFsPqxQvl1UumE,6,f,1,1,933,Defund the police,Defund Planned Parenthood,-1,-1,3,7,3,0.623609564462323,1,7,2,-3.118047822311618,-3,-1,-2,2,0,2,0,-2,2,2,0,0,Left,0.933
3,R_1JFsPqxQvl1UumE,7,j,2,0,698,Recognize Jerusalem as capital of Israel,Stop police brutality,1,1,3,6,3,0.623609564462323,2,7,2,-1.2472191289246477,3,2,-1,-1,1,1,1,1,-1,1,-1,1,Right,0.698
3,R_1JFsPqxQvl1UumE,8,f,1,1,1360,Affirmative action,Lift COVID lockdowns,-1,1,2,7,2,-1.2472191289246477,2,7,2,-1.2472191289246477,-2,2,-4,0,0,4,0,-4,4,0,0,0,Left,1.36
3,R_1JFsPqxQvl1UumE,9,f,1,1,1590,University Campus should be a Sanctuary,Recognize Jerusalem as capital of Israel,-1,-1,3,7,3,0.623609564462323,3,6,3,0.623609564462323,-3,-3,0,0,1,0,1,0,0,0,1,0,Left,1.59
3,R_1JFsPqxQvl1UumE,10,f,1,1,4941,Lift COVID lockdowns,Defund Planned Parenthood,1,1,2,7,2,-1.2472191289246477,1,7,2,-3.118047822311618,2,1,1,1,0,1,0,1,-1,1,0,0,Left,4.941
3,R_1JFsPqxQvl1UumE,11,j,2,0,2845,Recognize Jerusalem as capital of Israel,Abolishing private prisons,-1,-1,3,6,3,0.623609564462323,3,7,3,0.623609564462323,-3,-3,0,0,1,0,1,0,0,0,-1,1,Right,2.845
3,R_1JFsPqxQvl1UumE,12,f,1,1,2018,Recognize Jerusalem as capital of Israel,Defund Planned Parenthood,-1,-1,3,6,3,0.623609564462323,1,7,2,-3.118047822311618,-3,-1,-2,2,-1,2,1,-2,2,2,-1,0,Left,2.018
3,R_1JFsPqxQvl1UumE,13,j,2,0,2513,Safe injection locations,Defund Planned Parenthood,1,-1,3,7,3,0.623609564462323,1,7,2,-3.118047822311618,3,-1,-4,-2,0,4,0,4,-4,2,0,1,Right,2.513
3,R_1JFsPqxQvl1UumE,14,f,1,1,966,Recognize Jerusalem as capital of Israel,Detention of migrant children,-1,-1,3,6,3,0.623609564462323,2,7,2,-1.2472191289246477,-3,-2,-1,1,-1,1,1,-1,1,1,-1,0,Left,0.966
3,R_1JFsPqxQvl1UumE,15,j,2,0,807,Tuition increases,Defund Planned Parenthood,1,1,3,7,3,0.623609564462323,1,7,2,-3.118047822311618,3,1,-2,-2,0,2,0,2,-2,2,0,1,Right,0.807
3,R_1JFsPqxQvl1UumE,16,f,1,1,1708,On campus concealed carry,Dorms determined by gender identity,-1,-1,3,7,3,0.623609564462323,2,7,2,-1.2472191289246477,-3,-2,-1,1,0,1,0,-1,1,1,0,0,Left,1.708
3,R_1JFsPqxQvl1UumE,17,f,1,1,3276,Remove Christopher Columbus statues,Legalization of marijuana,-1,1,3,7,3,0.623609564462323,2,7,2,-1.2472191289246477,-3,2,-5,1,0,5,0,-5,5,1,0,0,Left,3.276
3,R_1JFsPqxQvl1UumE,18,j,2,0,911,Dorms determined by gender identity,Defund Planned Parenthood,-1,1,2,7,2,-1.2472191289246477,1,7,2,-3.118047822311618,-2,1,3,-1,0,3,0,-3,3,1,0,1,Right,0.911
3,R_1JFsPqxQvl1UumE,19,f,1,1,959,Recognize Jerusalem as capital of Israel,Defund Planned Parenthood,-1,1,3,6,3,0.623609564462323,1,7,2,-3.118047822311618,-3,1,-4,2,-1,4,1,-4,4,2,-1,0,Left,0.959
3,R_1JFsPqxQvl1UumE,20,f,1,1,5810,Remove public Confederate memorials,Defund Planned Parenthood,-1,1,3,7,3,0.623609564462323,1,7,2,-3.118047822311618,-3,1,-4,2,0,4,0,-4,4,2,0,0,Left,5.81
3,R_1JFsPqxQvl1UumE,21,j,2,0,1504,Defund Planned Parenthood,Recognize Jerusalem as capital of Israel,1,-1,1,7,2,-3.118047822311618,3,6,3,0.623609564462323,1,-3,-4,2,-1,4,1,4,-4,-2,1,1,Right,1.504
3,R_1JFsPqxQvl1UumE,22,f,1,1,1678,Recognize Jerusalem as capital of Israel,Religious exemptions for discrimination laws,1,-1,3,6,3,0.623609564462323,2,7,2,-1.2472191289246477,3,-2,5,1,-1,5,1,5,-5,1,-1,0,Left,1.678
3,R_1JFsPqxQvl1UumE,23,j,2,0,3713,Remove Christopher Columbus statues,Defund Planned Parenthood,-1,-1,3,7,3,0.623609564462323,1,7,2,-3.118047822311618,-3,-1,2,-2,0,2,0,-2,2,2,0,1,Right,3.713
3,R_1JFsPqxQvl1UumE,24,f,1,1,970,Allow alt-right speakers on campus,Expel students with white nationlist views,-1,1,3,7,3,0.623609564462323,2,7,2,-1.2472191289246477,-3,2,-5,1,0,5,0,-5,5,1,0,0,Left,0.97
3,R_1JFsPqxQvl1UumE,25,j,2,0,618,Defund the police,University Campus should be a Sanctuary,-1,1,3,7,3,0.623609564462323,3,7,3,0.623609564462323,-3,3,6,0,0,6,0,-6,6,0,0,1,Right,0.618
3,R_1JFsPqxQvl1UumE,26,j,2,0,1372,War on Drugs,Defund Planned Parenthood,-1,1,2,7,2,-1.2472191289246477,1,7,2,-3.118047822311618,-2,1,3,-1,0,3,0,-3,3,1,0,1,Right,1.372
3,R_1JFsPqxQvl1UumE,27,f,1,1,3982,Mandatory trigger warnings,Recognize Jerusalem as capital of Israel,1,-1,3,7,3,0.623609564462323,3,6,3,0.623609564462323,3,-3,6,0,1,6,1,6,-6,0,1,0,Left,3.982
3,R_1JFsPqxQvl1UumE,28,j,2,0,1345,Defund Planned Parenthood,Remove public Confederate memorials,1,1,1,7,2,-3.118047822311618,3,7,3,0.623609564462323,1,3,2,2,0,2,0,-2,2,-2,0,1,Right,1.345
3,R_1JFsPqxQvl1UumE,29,f,1,1,1273,Raise the minimum wage,Recognize Jerusalem as capital of Israel,-1,1,3,7,3,0.623609564462323,3,6,3,0.623609564462323,-3,3,-6,0,1,6,1,-6,6,0,1,0,Left,1.273
3,R_1JFsPqxQvl1UumE,30,j,2,0,3909,Defund Planned Parenthood,Recognize Jerusalem as capital of Israel,-1,1,1,7,2,-3.118047822311618,3,6,3,0.623609564462323,-1,3,4,2,-1,4,1,-4,4,-2,1,1,Right,3.909
3,R_1JFsPqxQvl1UumE,31,j,2,0,376,Recognize Jerusalem as capital of Israel,Recognize Jerusalem as capital of Israel,-1,1,3,6,3,0.623609564462323,3,6,3,0.623609564462323,-3,3,6,0,0,6,0,-6,6,0,0,1,Right,0.376
3,R_1JFsPqxQvl1UumE,32,f,1,1,336,Lift COVID lockdowns,Affirmative action,1,-1,2,7,2,-1.2472191289246477,2,7,2,-1.2472191289246477,2,-2,4,0,0,4,0,4,-4,0,0,0,Left,0.336
3,R_1JFsPqxQvl1UumE,33,f,1,1,713,Religious exemptions for discrimination laws,Defund Planned Parenthood,1,1,2,7,2,-1.2472191289246477,1,7,2,-3.118047822311618,2,1,1,1,0,1,0,1,-1,1,0,0,Left,0.713
3,R_1JFsPqxQvl1UumE,34,j,2,0,1593,Legalization of marijuana,Affirmative action,-1,1,2,7,2,-1.2472191289246477,2,7,2,-1.2472191289246477,-2,2,4,0,0,4,0,-4,4,0,0,1,Right,1.593
3,R_1JFsPqxQvl1UumE,35,f,1,1,3734,Religious exemptions for discrimination laws,Recognize Jerusalem as capital of Israel,1,-1,2,7,2,-1.2472191289246477,3,6,3,0.623609564462323,2,-3,5,-1,1,5,1,5,-5,-1,1,0,Left,3.734
3,R_1JFsPqxQvl1UumE,36,j,2,0,1010,Defund Planned Parenthood,Remove public Confederate memorials,1,-1,1,7,2,-3.118047822311618,3,7,3,0.623609564462323,1,-3,-4,2,0,4,0,4,-4,-2,0,1,Right,1.01
3,R_1JFsPqxQvl1UumE,37,f,1,1,884,Affirmative action,Student worker unionization,1,1,2,7,2,-1.2472191289246477,3,7,3,0.623609564462323,2,3,-1,-1,0,1,0,-1,1,-1,0,0,Left,0.884
3,R_1JFsPqxQvl1UumE,38,f,1,1,573,Recognize Jerusalem as capital of Israel,Mandatory trigger warnings,-1,1,3,6,3,0.623609564462323,3,7,3,0.623609564462323,-3,3,-6,0,-1,6,1,-6,6,0,-1,0,Left,0.573
3,R_1JFsPqxQvl1UumE,39,j,2,0,1361,Defund Planned Parenthood,Religious exemptions for discrimination laws,-1,1,1,7,2,-3.118047822311618,2,7,2,-1.2472191289246477,-1,2,3,1,0,3,0,-3,3,-1,0,1,Right,1.361
3,R_1JFsPqxQvl1UumE,40,f,1,1,753,On campus concealed carry,Defund Planned Parenthood,1,-1,3,7,3,0.623609564462323,1,7,2,-3.118047822311618,3,-1,4,2,0,4,0,4,-4,2,0,0,Left,0.753
3,R_1JFsPqxQvl1UumE,41,j,2,0,1095,Defund Planned Parenthood,Defund Planned Parenthood,-1,1,1,7,2,-3.118047822311618,1,7,2,-3.118047822311618,-1,1,2,0,0,2,0,-2,2,0,0,1,Right,1.095
3,R_1JFsPqxQvl1UumE,42,f,1,1,2949,Hardening schools/Arming teachers,Recognize Jerusalem as capital of Israel,-1,-1,3,7,3,0.623609564462323,3,6,3,0.623609564462323,-3,-3,0,0,1,0,1,0,0,0,1,0,Left,2.949
3,R_1JFsPqxQvl1UumE,43,j,2,0,1075,Hardening schools/Arming teachers,Mandatory training on sexual consent,1,1,3,7,3,0.623609564462323,2,7,4,-1.2472191289246477,3,2,-1,-1,0,1,0,1,-1,1,0,1,Right,1.075
3,R_1JFsPqxQvl1UumE,44,f,1,1,1045,Stop police brutality,Recognize Jerusalem as capital of Israel,1,1,2,7,2,-1.2472191289246477,3,6,3,0.623609564462323,2,3,-1,-1,1,1,1,-1,1,-1,1,0,Left,1.045
3,R_1JFsPqxQvl1UumE,45,j,2,0,3514,Defund Planned Parenthood,Abortion rights,1,-1,1,7,2,-3.118047822311618,3,7,3,0.623609564462323,1,-3,-4,2,0,4,0,4,-4,-2,0,1,Right,3.514
3,R_1JFsPqxQvl1UumE,46,f,1,1,1369,Remove public Confederate memorials,Defund Planned Parenthood,1,-1,3,7,3,0.623609564462323,1,7,2,-3.118047822311618,3,-1,4,2,0,4,0,4,-4,2,0,0,Left,1.369
3,R_1JFsPqxQvl1UumE,47,j,2,0,859,Recognize Jerusalem as capital of Israel,University Campus should be a Sanctuary,1,-1,3,6,3,0.623609564462323,3,7,3,0.623609564462323,3,-3,-6,0,1,6,1,6,-6,0,-1,1,Right,0.859
3,R_1JFsPqxQvl1UumE,48,f,1,1,1965,Remove police from schools,Expel students with white nationlist views,-1,-1,3,7,3,0.623609564462323,2,7,2,-1.2472191289246477,-3,-2,-1,1,0,1,0,-1,1,1,0,0,Left,1.965
3,R_1JFsPqxQvl1UumE,49,j,2,0,2706,Recognize Jerusalem as capital of Israel,Gun-free campus police,-1,1,3,6,3,0.623609564462323,3,7,2,0.623609564462323,-3,3,6,0,1,6,1,-6,6,0,-1,1,Right,2.706
3,R_1JFsPqxQvl1UumE,50,f,1,1,571,Lift COVID lockdowns,Recognize Jerusalem as capital of Israel,-1,1,2,7,2,-1.2472191289246477,3,6,3,0.623609564462323,-2,3,-5,-1,1,5,1,-5,5,-1,1,0,Left,0.571
3,R_1JFsPqxQvl1UumE,51,j,2,0,974,Raise the minimum wage,Student worker unionization,-1,1,3,7,3,0.623609564462323,3,7,3,0.623609564462323,-3,3,6,0,0,6,0,-6,6,0,0,1,Right,0.974
3,R_1JFsPqxQvl1UumE,52,f,1,1,3588,Recognize Jerusalem as capital of Israel,Defund Planned Parenthood,1,-1,3,6,3,0.623609564462323,1,7,2,-3.118047822311618,3,-1,4,2,-1,4,1,4,-4,2,-1,0,Left,3.588
3,R_1JFsPqxQvl1UumE,53,j,2,0,806,Mandatory drug tests for welfare recipients,Bathrooms restricted based on biological sex,1,-1,3,7,3,0.623609564462323,3,7,3,0.623609564462323,3,-3,-6,0,0,6,0,6,-6,0,0,1,Right,0.806
3,R_1JFsPqxQvl1UumE,54,f,1,1,1647,Recognize Jerusalem as capital of Israel,University Campus should be a Sanctuary,1,1,3,6,3,0.623609564462323,3,7,3,0.623609564462323,3,3,0,0,-1,0,1,0,0,0,-1,0,Left,1.647
3,R_1JFsPqxQvl1UumE,55,j,2,0,4254,Religious exemptions for discrimination laws,Defund Planned Parenthood,1,-1,2,7,2,-1.2472191289246477,1,7,2,-3.118047822311618,2,-1,-3,-1,0,3,0,3,-3,1,0,1,Right,4.254
3,R_1JFsPqxQvl1UumE,56,f,1,1,877,Remove public Confederate memorials,Mandatory training on sexual consent,-1,1,3,7,3,0.623609564462323,2,7,4,-1.2472191289246477,-3,2,-5,1,0,5,0,-5,5,1,0,0,Left,0.877
3,R_1JFsPqxQvl1UumE,57,f,1,1,905,Defund Planned Parenthood,Safe injection locations,-1,-1,1,7,2,-3.118047822311618,3,7,3,0.623609564462323,-1,-3,2,-2,0,2,0,2,-2,-2,0,0,Left,0.905
3,R_1JFsPqxQvl1UumE,58,f,1,1,2850,Defund Planned Parenthood,Defund Planned Parenthood,-1,1,1,7,2,-3.118047822311618,1,7,2,-3.118047822311618,-1,1,-2,0,0,2,0,-2,2,0,0,0,Left,2.85
3,R_1JFsPqxQvl1UumE,59,f,1,1,1166,Defund Planned Parenthood,Recognize Jerusalem as capital of Israel,-1,-1,1,7,2,-3.118047822311618,3,6,3,0.623609564462323,-1,-3,2,-2,1,2,1,2,-2,-2,1,0,Left,1.166
3,R_1JFsPqxQvl1UumE,60,j,2,0,1545,Defund Planned Parenthood,Expel students with white nationlist views,-1,1,1,7,2,-3.118047822311618,2,7,2,-1.2472191289246477,-1,2,3,1,0,3,0,-3,3,-1,0,1,Right,1.545
3,R_1JFsPqxQvl1UumE,61,j,2,0,997,Lift COVID lockdowns,Recognize Jerusalem as capital of Israel,1,-1,2,7,2,-1.2472191289246477,3,6,3,0.623609564462323,2,-3,-5,1,-1,5,1,5,-5,-1,1,1,Right,0.997
3,R_1JFsPqxQvl1UumE,62,j,2,0,3432,Religious exemptions for discrimination laws,Defund Planned Parenthood,-1,-1,2,7,2,-1.2472191289246477,1,7,2,-3.118047822311618,-2,-1,1,-1,0,1,0,-1,1,1,0,1,Right,3.432
3,R_1JFsPqxQvl1UumE,63,f,1,1,1594,Recognize Jerusalem as capital of Israel,Defund Planned Parenthood,1,1,3,6,3,0.623609564462323,1,7,2,-3.118047822311618,3,1,2,2,-1,2,1,2,-2,2,-1,0,Left,1.594
3,R_1JFsPqxQvl1UumE,64,f,1,1,697,University Campus should be a Sanctuary,Recognize Jerusalem as capital of Israel,-1,1,3,7,3,0.623609564462323,3,6,3,0.623609564462323,-3,3,-6,0,1,6,1,-6,6,0,1,0,Left,0.697
3,R_1JFsPqxQvl1UumE,65,j,2,0,3892,War on Drugs,Allow alt-right speakers on campus,-1,-1,2,7,2,-1.2472191289246477,3,7,3,0.623609564462323,-2,-3,-1,1,0,1,0,1,-1,-1,0,1,Right,3.892
3,R_1JFsPqxQvl1UumE,66,f,1,1,767,Ban on ethnic Halloween costumes,Defund Planned Parenthood,1,1,3,7,3,0.623609564462323,1,7,2,-3.118047822311618,3,1,2,2,0,2,0,2,-2,2,0,0,Left,0.767
3,R_1JFsPqxQvl1UumE,67,j,2,0,3194,Recognize Jerusalem as capital of Israel,Defund Planned Parenthood,1,1,3,6,3,0.623609564462323,1,7,2,-3.118047822311618,3,1,-2,-2,1,2,1,2,-2,2,-1,1,Right,3.194
3,R_1JFsPqxQvl1UumE,68,f,1,1,837,Detention of migrant children,Bathrooms restricted based on biological sex,-1,1,2,7,2,-1.2472191289246477,3,7,3,0.623609564462323,-2,3,-5,-1,0,5,0,-5,5,-1,0,0,Left,0.837
3,R_1JFsPqxQvl1UumE,69,j,2,0,2184,Hardening schools/Arming teachers,Dorms determined by gender identity,1,-1,3,7,3,0.623609564462323,2,7,2,-1.2472191289246477,3,-2,-5,-1,0,5,0,5,-5,1,0,1,Right,2.184
3,R_1JFsPqxQvl1UumE,70,f,1,1,2929,Mandatory training on sexual consent,Hardening schools/Arming teachers,-1,-1,2,7,4,-1.2472191289246477,3,7,3,0.623609564462323,-2,-3,1,-1,0,1,0,1,-1,-1,0,0,Left,2.929
3,R_1JFsPqxQvl1UumE,71,f,1,1,1644,Defund Planned Parenthood,Recognize Jerusalem as capital of Israel,-1,1,1,7,2,-3.118047822311618,3,6,3,0.623609564462323,-1,3,-4,-2,1,4,1,-4,4,-2,1,0,Left,1.644
3,R_1JFsPqxQvl1UumE,72,j,2,0,2263,Mandatory vaccinations,Expel students with white nationlist views,-1,1,3,7,3,0.623609564462323,2,7,2,-1.2472191289246477,-3,2,5,-1,0,5,0,-5,5,1,0,1,Right,2.263
3,R_1JFsPqxQvl1UumE,73,j,2,0,1357,Recognize Jerusalem as capital of Israel,Recognize Jerusalem as capital of Israel,1,-1,3,6,3,0.623609564462323,3,6,3,0.623609564462323,3,-3,-6,0,0,6,0,6,-6,0,0,1,Right,1.357
3,R_1JFsPqxQvl1UumE,74,f,1,1,3732,Detention of migrant children,Recognize Jerusalem as capital of Israel,-1,1,2,7,2,-1.2472191289246477,3,6,3,0.623609564462323,-2,3,-5,-1,1,5,1,-5,5,-1,1,0,Left,3.732
3,R_1JFsPqxQvl1UumE,75,j,2,0,2332,Recognize Jerusalem as capital of Israel,Recognize Jerusalem as capital of Israel,1,-1,3,6,3,0.623609564462323,3,6,3,0.623609564462323,3,-3,-6,0,0,6,0,6,-6,0,0,1,Right,2.332
3,R_1JFsPqxQvl1UumE,76,f,1,1,748,Recognize Jerusalem as capital of Israel,Student worker unionization,1,-1,3,6,3,0.623609564462323,3,7,3,0.623609564462323,3,-3,6,0,-1,6,1,6,-6,0,-1,0,Left,0.748
3,R_1JFsPqxQvl1UumE,77,j,2,0,1625,Defund Planned Parenthood,Defund Planned Parenthood,-1,1,1,7,2,-3.118047822311618,1,7,2,-3.118047822311618,-1,1,2,0,0,2,0,-2,2,0,0,1,Right,1.625
3,R_1JFsPqxQvl1UumE,78,f,1,1,1571,Lift COVID lockdowns,Defund Planned Parenthood,1,1,2,7,2,-1.2472191289246477,1,7,2,-3.118047822311618,2,1,1,1,0,1,0,1,-1,1,0,0,Left,1.571
3,R_1JFsPqxQvl1UumE,79,j,2,0,266,Religious exemptions for discrimination laws,Ban on ethnic Halloween costumes,1,1,2,7,2,-1.2472191289246477,3,7,3,0.623609564462323,2,3,1,1,0,1,0,-1,1,-1,0,1,Right,0.266
3,R_1JFsPqxQvl1UumE,80,j,2,0,1900,Expel students with white nationlist views,Cuts to National Parks budget,-1,1,2,7,2,-1.2472191289246477,3,7,3,0.623609564462323,-2,3,5,1,0,5,0,-5,5,-1,0,1,Right,1.9
3,R_1JFsPqxQvl1UumE,81,f,1,1,3596,Recognize Jerusalem as capital of Israel,Recognize Jerusalem as capital of Israel,-1,1,3,6,3,0.623609564462323,3,6,3,0.623609564462323,-3,3,-6,0,0,6,0,-6,6,0,0,0,Left,3.596
3,R_1JFsPqxQvl1UumE,82,j,2,0,637,War on Drugs,Defund Planned Parenthood,-1,1,2,7,2,-1.2472191289246477,1,7,2,-3.118047822311618,-2,1,3,-1,0,3,0,-3,3,1,0,1,Right,0.637
3,R_1JFsPqxQvl1UumE,83,j,2,0,2941,Recognize Jerusalem as capital of Israel,Detention of migrant children,1,1,3,6,3,0.623609564462323,2,7,2,-1.2472191289246477,3,2,-1,-1,1,1,1,1,-1,1,-1,1,Right,2.941
3,R_1JFsPqxQvl1UumE,84,f,1,1,1327,Abortion rights,Recognize Jerusalem as capital of Israel,1,-1,3,7,3,0.623609564462323,3,6,3,0.623609564462323,3,-3,6,0,1,6,1,6,-6,0,1,0,Left,1.327
3,R_1JFsPqxQvl1UumE,85,j,2,0,699,Recognize Jerusalem as capital of Israel,Affirmative action,-1,1,3,6,3,0.623609564462323,2,7,2,-1.2472191289246477,-3,2,5,-1,1,5,1,-5,5,1,-1,1,Right,0.699
3,R_1JFsPqxQvl1UumE,86,j,2,0,3863,Recognize Jerusalem as capital of Israel,Defund Planned Parenthood,1,1,3,6,3,0.623609564462323,1,7,2,-3.118047822311618,3,1,-2,-2,1,2,1,2,-2,2,-1,1,Right,3.863
3,R_1JFsPqxQvl1UumE,87,f,1,1,1597,Recognize Jerusalem as capital of Israel,Stop police brutality,1,-1,3,6,3,0.623609564462323,2,7,2,-1.2472191289246477,3,-2,5,1,-1,5,1,5,-5,1,-1,0,Left,1.597
3,R_1JFsPqxQvl1UumE,88,j,2,0,1639,Mandatory training on sexual consent,Defund Planned Parenthood,-1,-1,2,7,4,-1.2472191289246477,1,7,2,-3.118047822311618,-2,-1,1,-1,0,1,0,-1,1,1,0,1,Right,1.639
3,R_1JFsPqxQvl1UumE,89,f,1,1,1020,Recognize Jerusalem as capital of Israel,Cuts to National Parks budget,1,1,3,6,3,0.623609564462323,3,7,3,0.623609564462323,3,3,0,0,-1,0,1,0,0,0,-1,0,Left,1.02
3,R_1JFsPqxQvl1UumE,90,j,2,0,1047,Stop police brutality,"Boycott, Divest, and Sanction Israel",1,1,2,7,2,-1.2472191289246477,3,7,3,0.623609564462323,2,3,1,1,0,1,0,-1,1,-1,0,1,Right,1.047
3,R_1JFsPqxQvl1UumE,91,f,1,1,2011,Defund Planned Parenthood,Recognize Jerusalem as capital of Israel,-1,-1,1,7,2,-3.118047822311618,3,6,3,0.623609564462323,-1,-3,2,-2,1,2,1,2,-2,-2,1,0,Left,2.011
3,R_1JFsPqxQvl1UumE,92,j,2,0,513,Recognize Jerusalem as capital of Israel,Mandatory training on sexual consent,-1,-1,3,6,3,0.623609564462323,2,7,4,-1.2472191289246477,-3,-2,1,-1,1,1,1,-1,1,1,-1,1,Right,0.513
3,R_1JFsPqxQvl1UumE,93,f,1,1,684,Mandatory drug tests for welfare recipients,Recognize Jerusalem as capital of Israel,1,1,3,7,3,0.623609564462323,3,6,3,0.623609564462323,3,3,0,0,1,0,1,0,0,0,1,0,Left,0.684
3,R_1JFsPqxQvl1UumE,94,j,2,0,1700,Mandatory vaccinations,Defund Planned Parenthood,-1,1,3,7,3,0.623609564462323,1,7,2,-3.118047822311618,-3,1,4,-2,0,4,0,-4,4,2,0,1,Right,1.7
3,R_1JFsPqxQvl1UumE,95,f,1,1,1095,Mandatory drug tests for welfare recipients,Gun-free campus police,1,-1,3,7,3,0.623609564462323,3,7,2,0.623609564462323,3,-3,6,0,0,6,0,6,-6,0,0,0,Left,1.095
3,R_1JFsPqxQvl1UumE,96,j,2,0,3526,Abolishing private prisons,Affirmative action,1,-1,3,7,3,0.623609564462323,2,7,2,-1.2472191289246477,3,-2,-5,-1,0,5,0,5,-5,1,0,1,Right,3.526
3,R_1JFsPqxQvl1UumE,97,f,1,1,4233,War on Drugs,Defund Planned Parenthood,-1,-1,2,7,2,-1.2472191289246477,1,7,2,-3.118047822311618,-2,-1,-1,1,0,1,0,-1,1,1,0,0,Left,4.233
3,R_1JFsPqxQvl1UumE,98,j,2,0,871,War on Drugs,Recognize Jerusalem as capital of Israel,1,1,2,7,2,-1.2472191289246477,3,6,3,0.623609564462323,2,3,1,1,-1,1,1,-1,1,-1,1,1,Right,0.871
3,R_1JFsPqxQvl1UumE,99,j,2,0,1591,Remove police from schools,Recognize Jerusalem as capital of Israel,-1,-1,3,7,3,0.623609564462323,3,6,3,0.623609564462323,-3,-3,0,0,-1,0,1,0,0,0,1,1,Right,1.591
3,R_1JFsPqxQvl1UumE,100,j,2,0,492,Recognize Jerusalem as capital of Israel,Cuts to National Parks budget,1,1,3,6,3,0.623609564462323,3,7,3,0.623609564462323,3,3,0,0,1,0,1,0,0,0,-1,1,Right,0.492
24,R_302bH7RVxsRPcRJ,1,j,2,0,3116.5,Build southern border wall,Defund the police,1,-1,-3,8,4,-1.2067708192057114,-2,7,4,-0.8238531554192837,-3,2,5,1,-1,5,1,-5,5,-1,1,1,Right,3.1165
24,R_302bH7RVxsRPcRJ,2,j,2,0,2635.8000000715256,Mandatory trigger warnings,Safe injection locations,-1,-1,1,5,3,0.32489983593999927,3,5,3,1.0907351635128546,-1,-3,-2,2,0,2,0,2,-2,-2,0,1,Right,2.6358000000715256
24,R_302bH7RVxsRPcRJ,3,j,2,0,2226.3000000715256,Ban on research with animals,Mandatory vaccinations,-1,1,3,7,4,1.0907351635128546,3,5,4,1.0907351635128546,-3,3,6,0,-2,6,2,-6,6,0,2,1,Right,2.2263000000715256
24,R_302bH7RVxsRPcRJ,4,j,2,0,3165.899999976158,Mandatory drug tests for welfare recipients,Allow alt-right speakers on campus,1,-1,-3,0,4,-1.2067708192057114,-3,8,4,-1.2067708192057114,-3,3,6,0,8,6,8,-6,6,0,-8,1,Right,3.1658999999761583
24,R_302bH7RVxsRPcRJ,5,f,1,1,1786.1000000238419,Expel students with white nationlist views,Allow alt-right speakers on campus,-1,1,3,6,1,1.0907351635128546,-3,8,4,-1.2067708192057114,-3,-3,0,6,-2,0,2,0,0,6,-2,0,Left,1.7861000000238418
24,R_302bH7RVxsRPcRJ,6,f,1,1,3112.100000023842,On campus concealed carry,Mandatory vaccinations,1,-1,-3,7,3,-1.2067708192057114,3,5,4,1.0907351635128546,-3,-3,0,-6,2,0,2,0,0,-6,2,0,Left,3.1121000000238417
24,R_302bH7RVxsRPcRJ,7,j,2,0,2746.9000000953674,Hardening schools/Arming teachers,Stop police brutality,-1,1,-2,6,3,-0.8238531554192837,3,8,4,1.0907351635128546,2,3,1,5,2,1,2,-1,1,-5,-2,1,Right,2.7469000000953674
24,R_302bH7RVxsRPcRJ,8,f,1,1,6458.899999976158,Tuition increases,Mask mandates,-1,1,-3,6,3,-1.2067708192057114,3,3,4,1.0907351635128546,3,3,0,-6,3,0,3,0,0,-6,3,0,Left,6.4588999999761585
24,R_302bH7RVxsRPcRJ,9,j,2,0,2626.2000000476837,Mandatory trigger warnings,Black Lives Matter,1,1,1,5,3,0.32489983593999927,3,8,4,1.0907351635128546,1,3,2,2,3,2,3,-2,2,-2,-3,1,Right,2.6262000000476835
24,R_302bH7RVxsRPcRJ,10,j,2,0,2832.3000000715256,Mandatory trigger warnings,Safe injection locations,1,1,1,5,3,0.32489983593999927,3,5,3,1.0907351635128546,1,3,2,2,0,2,0,-2,2,-2,0,1,Right,2.8323000000715255
24,R_302bH7RVxsRPcRJ,11,f,1,1,2198.7999999523163,Defund Planned Parenthood,Safe injection locations,1,-1,-3,8,4,-1.2067708192057114,3,5,3,1.0907351635128546,-3,-3,0,-6,3,0,3,0,0,-6,3,0,Left,2.1987999999523162
24,R_302bH7RVxsRPcRJ,12,j,2,0,2622.100000023842,Hardening schools/Arming teachers,Safe injection locations,-1,-1,-2,6,3,-0.8238531554192837,3,5,3,1.0907351635128546,2,-3,-5,5,-1,5,1,5,-5,-5,1,1,Right,2.622100000023842
24,R_302bH7RVxsRPcRJ,13,j,2,0,3726.100000023842,Bathrooms restricted based on biological sex,Religious exemptions for discrimination laws,1,1,-2,8,4,-0.8238531554192837,-3,8,3,-1.2067708192057114,-2,-3,-1,-1,0,1,0,1,-1,1,0,1,Right,3.726100000023842
24,R_302bH7RVxsRPcRJ,14,j,2,0,3157.100000023842,Allow alt-right speakers on campus,Mandatory training on sexual consent,-1,1,-3,8,4,-1.2067708192057114,2,7,2,0.7078174997264269,3,2,-1,5,-1,1,1,1,-1,-5,1,1,Right,3.157100000023842
24,R_302bH7RVxsRPcRJ,15,j,2,0,2318.100000023842,Mandatory vaccinations,Expel students with white nationlist views,1,-1,3,5,4,1.0907351635128546,3,6,1,1.0907351635128546,3,-3,-6,0,1,6,1,6,-6,0,-1,1,Right,2.3181000000238416
24,R_302bH7RVxsRPcRJ,16,f,1,1,2211.100000023842,Stop police brutality,Safe injection locations,1,-1,3,8,4,1.0907351635128546,3,5,3,1.0907351635128546,3,-3,6,0,3,6,3,6,-6,0,3,0,Left,2.211100000023842
24,R_302bH7RVxsRPcRJ,17,f,1,1,2603.5,Safe injection locations,Mandatory drug tests for welfare recipients,-1,-1,3,5,3,1.0907351635128546,-3,0,4,-1.2067708192057114,-3,3,-6,6,5,6,5,-6,6,6,5,0,Left,2.6035
24,R_302bH7RVxsRPcRJ,18,j,2,0,2879,Mandatory vaccinations,Abolishing private prisons,1,1,3,5,4,1.0907351635128546,0,5,4,-0.05801782784642838,3,0,-3,-3,0,3,0,3,-3,3,0,1,Right,2.879
24,R_302bH7RVxsRPcRJ,19,j,2,0,6056.100000023842,Abortion rights,On campus concealed carry,-1,-1,3,8,4,1.0907351635128546,-3,7,3,-1.2067708192057114,-3,3,6,-6,-1,6,1,-6,6,6,1,1,Right,6.056100000023842
24,R_302bH7RVxsRPcRJ,20,f,1,1,5461.800000071526,Black Lives Matter,Mask mandates,1,-1,3,8,4,1.0907351635128546,3,3,4,1.0907351635128546,3,-3,6,0,5,6,5,6,-6,0,5,0,Left,5.461800000071525
24,R_302bH7RVxsRPcRJ,21,j,2,0,3690.100000023842,Allow alt-right speakers on campus,Lift COVID lockdowns,-1,1,-3,8,4,-1.2067708192057114,-3,2,4,-1.2067708192057114,3,-3,-6,0,-6,6,6,6,-6,0,6,1,Right,3.690100000023842
24,R_302bH7RVxsRPcRJ,22,j,2,0,3793.7000000476837,War on Drugs,Remove police from schools,1,1,-3,8,4,-1.2067708192057114,-3,2,2,-1.2067708192057114,-3,-3,0,0,-6,0,6,0,0,0,6,1,Right,3.793700000047684
24,R_302bH7RVxsRPcRJ,23,f,1,1,2602.2000000476837,Remove Christopher Columbus statues,Mandatory vaccinations,-1,-1,0,0,3,-0.05801782784642838,3,5,4,1.0907351635128546,-0,-3,3,-3,-5,3,5,3,-3,-3,-5,0,Left,2.602200000047684
24,R_302bH7RVxsRPcRJ,24,j,2,0,2488.899999976158,Mask mandates,Safe injection locations,1,-1,3,3,4,1.0907351635128546,3,5,3,1.0907351635128546,3,-3,-6,0,2,6,2,6,-6,0,-2,1,Right,2.4888999999761583
24,R_302bH7RVxsRPcRJ,25,j,2,0,3087.5,Safe injection locations,Climate change legislation,-1,-1,3,5,3,1.0907351635128546,2,7,3,0.7078174997264269,-3,-2,1,-1,2,1,2,-1,1,1,-2,1,Right,3.0875
24,R_302bH7RVxsRPcRJ,26,j,2,0,4356.899999976158,Bathrooms restricted based on biological sex,Mandatory vaccinations,1,-1,-2,8,4,-0.8238531554192837,3,5,4,1.0907351635128546,-2,-3,-1,5,-3,1,3,1,-1,-5,3,1,Right,4.356899999976158
24,R_302bH7RVxsRPcRJ,27,f,1,1,2009.5,Mask mandates,Mandatory drug tests for welfare recipients,1,-1,3,3,4,1.0907351635128546,-3,0,4,-1.2067708192057114,3,3,0,6,3,0,3,0,0,6,3,0,Left,2.0095
24,R_302bH7RVxsRPcRJ,28,f,1,1,4008.6999999284744,Safe injection locations,Abolishing private prisons,-1,-1,3,5,3,1.0907351635128546,0,5,4,-0.05801782784642838,-3,-0,-3,3,0,3,0,-3,3,3,0,0,Left,4.008699999928474
24,R_302bH7RVxsRPcRJ,29,j,2,0,2658.1999999284744,Mask mandates,Stop police brutality,1,-1,3,3,4,1.0907351635128546,3,8,4,1.0907351635128546,3,-3,-6,0,5,6,5,6,-6,0,-5,1,Right,2.6581999999284744
24,R_302bH7RVxsRPcRJ,30,f,1,1,3012.600000023842,Student worker unionization,Bathrooms restricted based on biological sex,1,-1,3,8,4,1.0907351635128546,-2,8,4,-0.8238531554192837,3,2,1,5,0,1,0,1,-1,5,0,0,Left,3.0126000000238418
24,R_302bH7RVxsRPcRJ,31,f,1,1,3640.7999999523163,Hardening schools/Arming teachers,Defund Planned Parenthood,1,-1,-2,6,3,-0.8238531554192837,-3,8,4,-1.2067708192057114,-2,3,-5,1,-2,5,2,-5,5,1,-2,0,Left,3.6407999999523164
24,R_302bH7RVxsRPcRJ,32,j,2,0,1893,Mask mandates,Expel students with white nationlist views,1,-1,3,3,4,1.0907351635128546,3,6,1,1.0907351635128546,3,-3,-6,0,3,6,3,6,-6,0,-3,1,Right,1.893
24,R_302bH7RVxsRPcRJ,33,f,1,1,1689.5,Remove public Confederate memorials,U.S. drone strikes in Afghanistan,-1,1,3,8,4,1.0907351635128546,0,7,2,-0.05801782784642838,-3,0,-3,3,1,3,1,-3,3,3,1,0,Left,1.6895
24,R_302bH7RVxsRPcRJ,34,j,2,0,2475.5,Recognize Jerusalem as capital of Israel,Student worker unionization,1,-1,0,1,1,-0.05801782784642838,3,8,4,1.0907351635128546,0,-3,-3,3,7,3,7,3,-3,-3,-7,1,Right,2.4755
24,R_302bH7RVxsRPcRJ,35,f,1,1,2199.100000023842,Climate change legislation,Mandatory vaccinations,-1,1,2,7,3,0.7078174997264269,3,5,4,1.0907351635128546,-2,3,-5,-1,2,5,2,-5,5,-1,2,0,Left,2.199100000023842
24,R_302bH7RVxsRPcRJ,36,j,2,0,1777.7000000476837,Mandatory trigger warnings,Safe injection locations,1,-1,1,5,3,0.32489983593999927,3,5,3,1.0907351635128546,1,-3,-4,2,0,4,0,4,-4,-2,0,1,Right,1.7777000000476837
24,R_302bH7RVxsRPcRJ,37,j,2,0,3177.7999999523163,Tuition increases,Safe injection locations,-1,1,-3,6,3,-1.2067708192057114,3,5,3,1.0907351635128546,3,3,0,6,-1,0,1,0,0,-6,1,1,Right,3.1777999999523163
24,R_302bH7RVxsRPcRJ,38,j,2,0,4896.5,Mask mandates,On campus concealed carry,1,1,3,3,4,1.0907351635128546,-3,7,3,-1.2067708192057114,3,-3,-6,-6,4,6,4,6,-6,6,-4,1,Right,4.8965
24,R_302bH7RVxsRPcRJ,39,j,2,0,4140.599999904633,Mandatory vaccinations,Mask mandates,1,-1,3,5,4,1.0907351635128546,3,3,4,1.0907351635128546,3,-3,-6,0,-2,6,2,6,-6,0,2,1,Right,4.140599999904633
24,R_302bH7RVxsRPcRJ,40,j,2,0,1723.8999999761581,Allow alt-right speakers on campus,Remove Christopher Columbus statues,-1,1,-3,8,4,-1.2067708192057114,0,0,3,-0.05801782784642838,3,0,-3,3,-8,3,8,3,-3,-3,8,1,Right,1.7238999999761582
24,R_302bH7RVxsRPcRJ,41,j,2,0,1862.2000000476837,U.S. drone strikes in Afghanistan,Safe injection locations,1,1,0,7,2,-0.05801782784642838,3,5,3,1.0907351635128546,0,3,3,3,-2,3,2,-3,3,-3,2,1,Right,1.8622000000476837
24,R_302bH7RVxsRPcRJ,42,f,1,1,1803.1000000238419,Mandatory drug tests for welfare recipients,Defund Planned Parenthood,-1,-1,-3,0,4,-1.2067708192057114,-3,8,4,-1.2067708192057114,3,3,0,0,-8,0,8,0,0,0,-8,0,Left,1.803100000023842
24,R_302bH7RVxsRPcRJ,43,j,2,0,1447.1999999284744,Safe injection locations,Black Lives Matter,1,-1,3,5,3,1.0907351635128546,3,8,4,1.0907351635128546,3,-3,-6,0,3,6,3,6,-6,0,-3,1,Right,1.4471999999284744
24,R_302bH7RVxsRPcRJ,44,j,2,0,5638.100000023842,Mandatory vaccinations,Religious exemptions for discrimination laws,1,-1,3,5,4,1.0907351635128546,-3,8,3,-1.2067708192057114,3,3,0,-6,3,0,3,0,0,6,-3,1,Right,5.638100000023842
24,R_302bH7RVxsRPcRJ,45,f,1,1,3598.5,Safe injection locations,Climate change legislation,-1,1,3,5,3,1.0907351635128546,2,7,3,0.7078174997264269,-3,2,-5,1,-2,5,2,-5,5,1,-2,0,Left,3.5985
24,R_302bH7RVxsRPcRJ,46,j,2,0,3365.2000000476837,Mandatory vaccinations,Ban on ethnic Halloween costumes,1,1,3,5,4,1.0907351635128546,0,0,2,-0.05801782784642838,3,0,-3,-3,-5,3,5,3,-3,3,5,1,Right,3.365200000047684
24,R_302bH7RVxsRPcRJ,47,f,1,1,1612.8000000715256,Safe injection locations,Mask mandates,1,1,3,5,3,1.0907351635128546,3,3,4,1.0907351635128546,3,3,0,0,2,0,2,0,0,0,2,0,Left,1.6128000000715255
24,R_302bH7RVxsRPcRJ,48,j,2,0,2473.2000000476837,War on Drugs,Mandatory trigger warnings,1,-1,-3,8,4,-1.2067708192057114,1,5,3,0.32489983593999927,-3,-1,2,4,-3,2,3,-2,2,-4,3,1,Right,2.473200000047684
24,R_302bH7RVxsRPcRJ,49,f,1,1,1410,Safe injection locations,Lift COVID lockdowns,1,1,3,5,3,1.0907351635128546,-3,2,4,-1.2067708192057114,3,-3,6,6,3,6,3,6,-6,6,3,0,Left,1.41
24,R_302bH7RVxsRPcRJ,50,j,2,0,2188.5,Allow alt-right speakers on campus,Expel students with white nationlist views,-1,-1,-3,8,4,-1.2067708192057114,3,6,1,1.0907351635128546,3,-3,-6,6,-2,6,2,6,-6,-6,2,1,Right,2.1885
24,R_302bH7RVxsRPcRJ,51,j,2,0,2867.7999999523163,Mandatory vaccinations,Lift COVID lockdowns,-1,1,3,5,4,1.0907351635128546,-3,2,4,-1.2067708192057114,-3,-3,0,-6,-3,0,3,0,0,6,3,1,Right,2.8677999999523163
24,R_302bH7RVxsRPcRJ,52,j,2,0,1477.9000000953674,Defund Planned Parenthood,Mandatory drug tests for welfare recipients,1,1,-3,8,4,-1.2067708192057114,-3,0,4,-1.2067708192057114,-3,-3,0,0,-8,0,8,0,0,0,8,1,Right,1.4779000000953675
24,R_302bH7RVxsRPcRJ,53,f,1,1,1471.2000000476837,Allow alt-right speakers on campus,U.S. drone strikes in Afghanistan,-1,-1,-3,8,4,-1.2067708192057114,0,7,2,-0.05801782784642838,3,-0,3,-3,1,3,1,3,-3,-3,1,0,Left,1.4712000000476837
24,R_302bH7RVxsRPcRJ,54,j,2,0,1543.8999999761581,On campus concealed carry,Safe injection locations,-1,1,-3,7,3,-1.2067708192057114,3,5,3,1.0907351635128546,3,3,0,6,-2,0,2,0,0,-6,2,1,Right,1.5438999999761582
24,R_302bH7RVxsRPcRJ,55,j,2,0,1591.5,Allow alt-right speakers on campus,Climate change legislation,1,-1,-3,8,4,-1.2067708192057114,2,7,3,0.7078174997264269,-3,-2,1,5,-1,1,1,-1,1,-5,1,1,Right,1.5915
24,R_302bH7RVxsRPcRJ,56,j,2,0,2719.2999999523163,Bathrooms restricted based on biological sex,Mandatory vaccinations,1,1,-2,8,4,-0.8238531554192837,3,5,4,1.0907351635128546,-2,3,5,5,-3,5,3,-5,5,-5,3,1,Right,2.7192999999523164
24,R_302bH7RVxsRPcRJ,57,f,1,1,2176.100000023842,Mandatory vaccinations,Hardening schools/Arming teachers,-1,1,3,5,4,1.0907351635128546,-2,6,3,-0.8238531554192837,-3,-2,-1,5,-1,1,1,-1,1,5,-1,0,Left,2.1761000000238417
24,R_302bH7RVxsRPcRJ,58,j,2,0,1380,Hardening schools/Arming teachers,Safe injection locations,-1,1,-2,6,3,-0.8238531554192837,3,5,3,1.0907351635128546,2,3,1,5,-1,1,1,-1,1,-5,1,1,Right,1.38
24,R_302bH7RVxsRPcRJ,59,f,1,1,3580.7999999523163,Safe injection locations,Tuition increases,-1,-1,3,5,3,1.0907351635128546,-3,6,3,-1.2067708192057114,-3,3,-6,6,-1,6,1,-6,6,6,-1,0,Left,3.5807999999523163
24,R_302bH7RVxsRPcRJ,60,j,2,0,1193.6999999284744,Defund Planned Parenthood,Abolishing private prisons,-1,1,-3,8,4,-1.2067708192057114,0,5,4,-0.05801782784642838,3,0,-3,3,-3,3,3,3,-3,-3,3,1,Right,1.1936999999284745
24,R_302bH7RVxsRPcRJ,61,j,2,0,1386.2999999523163,Hardening schools/Arming teachers,Student worker unionization,1,-1,-2,6,3,-0.8238531554192837,3,8,4,1.0907351635128546,-2,-3,-1,5,2,1,2,1,-1,-5,-2,1,Right,1.3862999999523162
24,R_302bH7RVxsRPcRJ,62,f,1,1,1220.6999999284744,Safe injection locations,Defund the police,1,-1,3,5,3,1.0907351635128546,-2,7,4,-0.8238531554192837,3,2,1,5,-2,1,2,1,-1,5,-2,0,Left,1.2206999999284744
24,R_302bH7RVxsRPcRJ,63,j,2,0,1474,Bathrooms restricted based on biological sex,War on Drugs,1,-1,-2,8,4,-0.8238531554192837,-3,8,4,-1.2067708192057114,-2,3,5,-1,0,5,0,-5,5,1,0,1,Right,1.474
24,R_302bH7RVxsRPcRJ,64,f,1,1,3443.5,Mandatory vaccinations,Bathrooms restricted based on biological sex,1,-1,3,5,4,1.0907351635128546,-2,8,4,-0.8238531554192837,3,2,1,5,-3,1,3,1,-1,5,-3,0,Left,3.4435
24,R_302bH7RVxsRPcRJ,65,j,2,0,4966.200000047684,Lift COVID lockdowns,Safe injection locations,-1,1,-3,2,4,-1.2067708192057114,3,5,3,1.0907351635128546,3,3,0,6,3,0,3,0,0,-6,-3,1,Right,4.966200000047683
24,R_302bH7RVxsRPcRJ,66,j,2,0,1791,Mandatory drug tests for welfare recipients,Safe injection locations,1,-1,-3,0,4,-1.2067708192057114,3,5,3,1.0907351635128546,-3,-3,0,6,5,0,5,0,0,-6,-5,1,Right,1.791
24,R_302bH7RVxsRPcRJ,67,j,2,0,2243.0999999046326,Recognize Jerusalem as capital of Israel,Mandatory vaccinations,1,1,0,1,1,-0.05801782784642838,3,5,4,1.0907351635128546,0,3,3,3,4,3,4,-3,3,-3,-4,1,Right,2.2430999999046324
24,R_302bH7RVxsRPcRJ,68,f,1,1,992,Safe injection locations,Hardening schools/Arming teachers,1,1,3,5,3,1.0907351635128546,-2,6,3,-0.8238531554192837,3,-2,5,5,-1,5,1,5,-5,5,-1,0,Left,0.992
24,R_302bH7RVxsRPcRJ,69,j,2,0,2513,Mandatory vaccinations,Mask mandates,-1,-1,3,5,4,1.0907351635128546,3,3,4,1.0907351635128546,-3,-3,0,0,-2,0,2,0,0,0,2,1,Right,2.513
24,R_302bH7RVxsRPcRJ,70,f,1,1,1252,Safe injection locations,Bathrooms restricted based on biological sex,-1,-1,3,5,3,1.0907351635128546,-2,8,4,-0.8238531554192837,-3,2,-5,5,-3,5,3,-5,5,5,-3,0,Left,1.252
24,R_302bH7RVxsRPcRJ,71,f,1,1,1016.7000000476837,Safe injection locations,Mandatory drug tests for welfare recipients,1,1,3,5,3,1.0907351635128546,-3,0,4,-1.2067708192057114,3,-3,6,6,5,6,5,6,-6,6,5,0,Left,1.0167000000476838
24,R_302bH7RVxsRPcRJ,72,j,2,0,2089.0999999046326,Mandatory drug tests for welfare recipients,Safe injection locations,-1,1,-3,0,4,-1.2067708192057114,3,5,3,1.0907351635128546,3,3,0,6,5,0,5,0,0,-6,-5,1,Right,2.0890999999046325
24,R_302bH7RVxsRPcRJ,73,f,1,1,15280.300000071526,Ban on research with animals,Allow alt-right speakers on campus,-1,-1,3,7,4,1.0907351635128546,-3,8,4,-1.2067708192057114,-3,3,-6,6,-1,6,1,-6,6,6,-1,0,Left,15.280300000071525
24,R_302bH7RVxsRPcRJ,74,j,2,0,2131.5,War on Drugs,Expel students with white nationlist views,-1,1,-3,8,4,-1.2067708192057114,3,6,1,1.0907351635128546,3,3,0,6,-2,0,2,0,0,-6,2,1,Right,2.1315
24,R_302bH7RVxsRPcRJ,75,j,2,0,1264.6000000238419,Mask mandates,Student worker unionization,-1,-1,3,3,4,1.0907351635128546,3,8,4,1.0907351635128546,-3,-3,0,0,5,0,5,0,0,0,-5,1,Right,1.2646000000238418
24,R_302bH7RVxsRPcRJ,76,j,2,0,3313.2000000476837,Tuition increases,Safe injection locations,1,-1,-3,6,3,-1.2067708192057114,3,5,3,1.0907351635128546,-3,-3,0,6,-1,0,1,0,0,-6,1,1,Right,3.313200000047684
24,R_302bH7RVxsRPcRJ,77,f,1,1,1716.1000000238419,Ban on research with animals,Safe injection locations,1,-1,3,7,4,1.0907351635128546,3,5,3,1.0907351635128546,3,-3,6,0,2,6,2,6,-6,0,2,0,Left,1.7161000000238418
24,R_302bH7RVxsRPcRJ,78,j,2,0,1913.8000000715256,Abortion rights,Remove Christopher Columbus statues,-1,1,3,8,4,1.0907351635128546,0,0,3,-0.05801782784642838,-3,0,3,-3,-8,3,8,-3,3,3,8,1,Right,1.9138000000715256
24,R_302bH7RVxsRPcRJ,79,j,2,0,2285.100000023842,Build southern border wall,Bathrooms restricted based on biological sex,1,-1,-3,8,4,-1.2067708192057114,-2,8,4,-0.8238531554192837,-3,2,5,1,0,5,0,-5,5,-1,0,1,Right,2.2851000000238417
24,R_302bH7RVxsRPcRJ,80,f,1,1,2602.100000023842,Recognize Jerusalem as capital of Israel,Mandatory vaccinations,-1,-1,0,1,1,-0.05801782784642838,3,5,4,1.0907351635128546,-0,-3,3,-3,-4,3,4,3,-3,-3,-4,0,Left,2.602100000023842
24,R_302bH7RVxsRPcRJ,81,f,1,1,2596.899999976158,U.S. drone strikes in Afghanistan,Mandatory vaccinations,1,-1,0,7,2,-0.05801782784642838,3,5,4,1.0907351635128546,0,-3,3,-3,2,3,2,3,-3,-3,2,0,Left,2.596899999976158
24,R_302bH7RVxsRPcRJ,82,f,1,1,1255.5999999046326,Stop police brutality,Recognize Jerusalem as capital of Israel,1,-1,3,8,4,1.0907351635128546,0,1,1,-0.05801782784642838,3,-0,3,3,7,3,7,3,-3,3,7,0,Left,1.2555999999046326
24,R_302bH7RVxsRPcRJ,83,j,2,0,5049.199999928474,Mask mandates,Abortion rights,1,1,3,3,4,1.0907351635128546,3,8,4,1.0907351635128546,3,3,0,0,5,0,5,0,0,0,-5,1,Right,5.049199999928474
24,R_302bH7RVxsRPcRJ,84,j,2,0,3138.5,Religious exemptions for discrimination laws,Defund the police,-1,1,-3,8,3,-1.2067708192057114,-2,7,4,-0.8238531554192837,3,-2,-5,1,-1,5,1,5,-5,-1,1,1,Right,3.1385
24,R_302bH7RVxsRPcRJ,85,f,1,1,1050,Safe injection locations,Mandatory trigger warnings,1,-1,3,5,3,1.0907351635128546,1,5,3,0.32489983593999927,3,-1,4,2,0,4,0,4,-4,2,0,0,Left,1.05
24,R_302bH7RVxsRPcRJ,86,j,2,0,1607.8999999761581,Remove police from schools,Stop police brutality,-1,1,-3,2,2,-1.2067708192057114,3,8,4,1.0907351635128546,3,3,0,6,6,0,6,0,0,-6,-6,1,Right,1.607899999976158
24,R_302bH7RVxsRPcRJ,87,f,1,1,941.6000000238419,Safe injection locations,Mandatory vaccinations,1,-1,3,5,3,1.0907351635128546,3,5,4,1.0907351635128546,3,-3,6,0,0,6,0,6,-6,0,0,0,Left,0.9416000000238418
24,R_302bH7RVxsRPcRJ,88,j,2,0,1526.6000000238419,Legalization of marijuana,Abolishing private prisons,-1,1,3,8,4,1.0907351635128546,0,5,4,-0.05801782784642838,-3,0,3,-3,-3,3,3,-3,3,3,3,1,Right,1.5266000000238418
24,R_302bH7RVxsRPcRJ,89,j,2,0,1585.1000000238419,Abortion rights,Expel students with white nationlist views,-1,1,3,8,4,1.0907351635128546,3,6,1,1.0907351635128546,-3,3,6,0,-2,6,2,-6,6,0,2,1,Right,1.5851000000238418
24,R_302bH7RVxsRPcRJ,90,j,2,0,1852.8999999761581,Allow alt-right speakers on campus,Build southern border wall,1,-1,-3,8,4,-1.2067708192057114,-3,8,4,-1.2067708192057114,-3,3,6,0,0,6,0,-6,6,0,0,1,Right,1.8528999999761582
24,R_302bH7RVxsRPcRJ,91,j,2,0,2640.2000000476837,Mask mandates,Mask mandates,-1,1,3,3,4,1.0907351635128546,3,3,4,1.0907351635128546,-3,3,6,0,0,6,0,-6,6,0,0,1,Right,2.6402000000476837
24,R_302bH7RVxsRPcRJ,92,j,2,0,1513.3999999761581,Remove police from schools,Stop police brutality,-1,-1,-3,2,2,-1.2067708192057114,3,8,4,1.0907351635128546,3,-3,-6,6,6,6,6,6,-6,-6,-6,1,Right,1.513399999976158
24,R_302bH7RVxsRPcRJ,93,j,2,0,2551.5,Mask mandates,On campus concealed carry,1,-1,3,3,4,1.0907351635128546,-3,7,3,-1.2067708192057114,3,3,0,-6,4,0,4,0,0,6,-4,1,Right,2.5515
24,R_302bH7RVxsRPcRJ,94,f,1,1,2927.2999999523163,Mandatory vaccinations,Lift COVID lockdowns,-1,-1,3,5,4,1.0907351635128546,-3,2,4,-1.2067708192057114,-3,3,-6,6,3,6,3,-6,6,6,3,0,Left,2.927299999952316
24,R_302bH7RVxsRPcRJ,95,f,1,1,1785.6000000238419,Ban on research with animals,Abortion rights,-1,-1,3,7,4,1.0907351635128546,3,8,4,1.0907351635128546,-3,-3,0,0,-1,0,1,0,0,0,-1,0,Left,1.785600000023842
24,R_302bH7RVxsRPcRJ,96,f,1,1,2694.2000000476837,War on Drugs,Mandatory trigger warnings,-1,-1,-3,8,4,-1.2067708192057114,1,5,3,0.32489983593999927,3,-1,4,-4,3,4,3,4,-4,-4,3,0,Left,2.6942000000476836
24,R_302bH7RVxsRPcRJ,97,f,1,1,2639.399999976158,Mandatory drug tests for welfare recipients,War on Drugs,-1,1,-3,0,4,-1.2067708192057114,-3,8,4,-1.2067708192057114,3,-3,6,0,-8,6,8,6,-6,0,-8,0,Left,2.639399999976158
24,R_302bH7RVxsRPcRJ,98,f,1,1,2544,Hardening schools/Arming teachers,Allow alt-right speakers on campus,-1,1,-2,6,3,-0.8238531554192837,-3,8,4,-1.2067708192057114,2,-3,5,1,-2,5,2,5,-5,1,-2,0,Left,2.544
24,R_302bH7RVxsRPcRJ,99,j,2,0,3108.600000023842,Abortion rights,Mandatory trigger warnings,-1,1,3,8,4,1.0907351635128546,1,5,3,0.32489983593999927,-3,1,4,-2,-3,4,3,-4,4,2,3,1,Right,3.108600000023842
24,R_302bH7RVxsRPcRJ,100,f,1,1,2151.100000023842,Ban on research with animals,Affirmative action,1,1,3,7,4,1.0907351635128546,3,8,4,1.0907351635128546,3,3,0,0,-1,0,1,0,0,0,-1,0,Left,2.151100000023842
43,R_wTBzvCyxAfXA2Kl,5,f,1,1,714.5,Bathrooms restricted based on biological sex,Detention of migrant children,1,1,-3,4,3,-2.856946744838338,-1,6,4,-1.0525593270457034,-3,-1,-2,-2,-2,2,2,-2,2,-2,-2,0,Left,0.7145
43,R_wTBzvCyxAfXA2Kl,11,j,2,0,1374.9000000953674,Bathrooms restricted based on biological sex,Ban on ethnic Halloween costumes,-1,-1,-3,4,3,-2.856946744838338,-2,7,3,-1.9547530359420207,3,2,-1,1,3,1,3,1,-1,-1,-3,1,Right,1.3749000000953675
43,R_wTBzvCyxAfXA2Kl,24,f,1,1,11363.399999856949,Mandatory vaccinations,University Campus should be a Sanctuary,1,1,3,7,4,2.556215508539566,0,6,3,-0.1503656181493861,3,0,3,3,1,3,1,3,-3,3,1,0,Left,11.363399999856949
43,R_wTBzvCyxAfXA2Kl,25,f,1,1,176.90000009536743,Detention of migrant children,Mandatory vaccinations,1,-1,-1,6,4,-1.0525593270457034,3,7,4,2.556215508539566,-1,-3,2,-4,-1,2,1,2,-2,-4,-1,0,Left,0.17690000009536744
43,R_wTBzvCyxAfXA2Kl,26,f,1,1,192.30000019073486,Tuition increases,Bathrooms restricted based on biological sex,1,1,-2,8,2,-1.9547530359420207,-3,4,3,-2.856946744838338,-2,-3,1,1,4,1,4,1,-1,1,4,0,Left,0.19230000019073487
43,R_wTBzvCyxAfXA2Kl,43,j,2,0,164.20000004768372,Defund the police,Ban on ethnic Halloween costumes,1,-1,1,6,3,0.7518280907469312,-2,7,3,-1.9547530359420207,1,2,1,-3,1,1,1,-1,1,3,-1,1,Right,0.1642000000476837
43,R_wTBzvCyxAfXA2Kl,45,f,1,1,279.7999999523163,Tuition increases,Bathrooms restricted based on biological sex,-1,-1,-2,8,2,-1.9547530359420207,-3,4,3,-2.856946744838338,2,3,-1,1,4,1,4,-1,1,1,4,0,Left,0.2797999999523163
43,R_wTBzvCyxAfXA2Kl,50,j,2,0,172.20000004768372,Abolishing private prisons,Ban on ethnic Halloween costumes,-1,-1,0,8,4,-0.1503656181493861,-2,7,3,-1.9547530359420207,-0,2,2,-2,-1,2,1,-2,2,2,1,1,Right,0.1722000000476837
43,R_wTBzvCyxAfXA2Kl,51,j,2,0,170.59999990463257,Student worker unionization,Mandatory vaccinations,-1,1,1,3,3,0.7518280907469312,3,7,4,2.556215508539566,-1,3,4,2,4,4,4,-4,4,-2,-4,1,Right,0.17059999990463257
43,R_wTBzvCyxAfXA2Kl,56,j,2,0,183,Black Lives Matter,Mandatory vaccinations,1,1,1,7,3,0.7518280907469312,3,7,4,2.556215508539566,1,3,2,2,0,2,0,-2,2,-2,0,1,Right,0.183
43,R_wTBzvCyxAfXA2Kl,61,j,2,0,198.29999995231628,Bathrooms restricted based on biological sex,Tuition increases,-1,1,-3,4,3,-2.856946744838338,-2,8,2,-1.9547530359420207,3,-2,-5,1,4,5,4,5,-5,-1,-4,1,Right,0.19829999995231629
43,R_wTBzvCyxAfXA2Kl,64,j,2,0,188,Bathrooms restricted based on biological sex,Black Lives Matter,-1,1,-3,4,3,-2.856946744838338,1,7,3,0.7518280907469312,3,1,-2,4,3,2,3,2,-2,-4,-3,1,Right,0.188
43,R_wTBzvCyxAfXA2Kl,68,j,2,0,226.60000014305115,Mandatory vaccinations,Climate change legislation,1,-1,3,7,4,2.556215508539566,1,6,2,0.7518280907469312,3,-1,-4,-2,-1,4,1,4,-4,2,1,1,Right,0.22660000014305115
43,R_wTBzvCyxAfXA2Kl,75,j,2,0,168.79999995231628,Dorms determined by gender identity,War on Drugs,1,1,2,7,2,1.6540217996432485,1,8,2,0.7518280907469312,2,1,-1,-1,1,1,1,1,-1,1,-1,1,Right,0.1687999999523163
43,R_wTBzvCyxAfXA2Kl,77,f,1,1,2081.399999856949,Mandatory vaccinations,Defund Planned Parenthood,-1,-1,3,7,4,2.556215508539566,0,7,4,-0.1503656181493861,-3,-0,-3,3,0,3,0,-3,3,3,0,0,Left,2.081399999856949
43,R_wTBzvCyxAfXA2Kl,79,f,1,1,2448.699999809265,Defund the police,Bathrooms restricted based on biological sex,-1,-1,1,6,3,0.7518280907469312,-3,4,3,-2.856946744838338,-1,3,-4,4,2,4,2,-4,4,4,2,0,Left,2.448699999809265
43,R_wTBzvCyxAfXA2Kl,84,f,1,1,268.5,Tuition increases,Mandatory vaccinations,1,-1,-2,8,2,-1.9547530359420207,3,7,4,2.556215508539566,-2,-3,1,-5,1,1,1,1,-1,-5,1,0,Left,0.2685
43,R_wTBzvCyxAfXA2Kl,86,j,2,0,170.59999990463257,Mandatory vaccinations,Ban on ethnic Halloween costumes,1,-1,3,7,4,2.556215508539566,-2,7,3,-1.9547530359420207,3,2,-1,-5,0,1,0,1,-1,5,0,1,Right,0.17059999990463257
43,R_wTBzvCyxAfXA2Kl,87,j,2,0,161.79999995231628,Physician-assisted suicide,Mandatory vaccinations,1,-1,1,7,3,0.7518280907469312,3,7,4,2.556215508539566,1,-3,-4,2,0,4,0,4,-4,-2,0,1,Right,0.16179999995231628
43,R_wTBzvCyxAfXA2Kl,88,j,2,0,193.59999990463257,Bathrooms restricted based on biological sex,Student worker unionization,-1,1,-3,4,3,-2.856946744838338,1,3,3,0.7518280907469312,3,1,-2,4,-1,2,1,2,-2,-4,1,1,Right,0.19359999990463256
43,R_wTBzvCyxAfXA2Kl,90,f,1,1,464.60000014305115,Bathrooms restricted based on biological sex,Hardening schools/Arming teachers,1,1,-3,4,3,-2.856946744838338,1,8,3,0.7518280907469312,-3,1,-4,-4,-4,4,4,-4,4,-4,-4,0,Left,0.46460000014305114
43,R_wTBzvCyxAfXA2Kl,91,j,2,0,1392.2000000476837,On campus concealed carry,Dorms determined by gender identity,1,1,-1,3,4,-1.0525593270457034,2,7,2,1.6540217996432485,-1,2,3,3,4,3,4,-3,3,-3,-4,1,Right,1.3922000000476837
43,R_wTBzvCyxAfXA2Kl,92,j,2,0,3191.5999999046326,Mandatory vaccinations,Defund the police,-1,1,3,7,4,2.556215508539566,1,6,3,0.7518280907469312,-3,1,4,-2,-1,4,1,-4,4,2,1,1,Right,3.1915999999046325
43,R_wTBzvCyxAfXA2Kl,93,j,2,0,1888,Hardening schools/Arming teachers,Ban on ethnic Halloween costumes,-1,-1,1,8,3,0.7518280907469312,-2,7,3,-1.9547530359420207,-1,2,3,-3,-1,3,1,-3,3,3,1,1,Right,1.888
43,R_wTBzvCyxAfXA2Kl,95,f,1,1,6414.799999952316,War on Drugs,Bathrooms restricted based on biological sex,-1,-1,1,8,2,0.7518280907469312,-3,4,3,-2.856946744838338,-1,3,-4,4,4,4,4,-4,4,4,4,0,Left,6.414799999952316
36,R_PMAJHlKifY8RhgR,1,j,2,0,6279,Remove public Confederate memorials,Stop police brutality,1,-1,2,6,4,0.9275542912941213,-1,3,3,-1.7799014778887194,2,1,-1,-3,-3,1,3,1,-1,3,3,1,Right,6.279
36,R_PMAJHlKifY8RhgR,2,j,2,0,1040,Mandatory training on sexual consent,U.S. drone strikes in Afghanistan,1,1,2,5,2,0.9275542912941213,1,6,2,0.02506903489984103,2,1,-1,-1,1,1,1,1,-1,1,-1,1,Right,1.04
36,R_PMAJHlKifY8RhgR,3,j,2,0,7755,Lift COVID lockdowns,University Campus should be a Sanctuary,-1,1,2,5,3,0.9275542912941213,2,7,3,0.9275542912941213,-2,2,4,0,2,4,2,-4,4,0,-2,1,Right,7.755
36,R_PMAJHlKifY8RhgR,4,f,1,1,3251,University Campus should be a Sanctuary,Remove public Confederate memorials,1,1,2,7,3,0.9275542912941213,2,6,4,0.9275542912941213,2,2,0,0,1,0,1,0,0,0,1,0,Left,3.251
36,R_PMAJHlKifY8RhgR,5,f,1,1,5780,Mandatory drug tests for welfare recipients,Remove Christopher Columbus statues,1,-1,3,6,3,1.8300395476884015,0,6,3,-0.8774162214944392,3,-0,3,3,0,3,0,3,-3,3,0,0,Left,5.78
36,R_PMAJHlKifY8RhgR,6,j,2,0,1867,Mandatory training on sexual consent,University Campus should be a Sanctuary,1,1,2,5,2,0.9275542912941213,2,7,3,0.9275542912941213,2,2,0,0,2,0,2,0,0,0,-2,1,Right,1.867
36,R_PMAJHlKifY8RhgR,7,f,1,1,4813,Lift COVID lockdowns,Hardening schools/Arming teachers,1,-1,2,5,3,0.9275542912941213,0,6,2,-0.8774162214944392,2,-0,2,2,-1,2,1,2,-2,2,-1,0,Left,4.813
36,R_PMAJHlKifY8RhgR,8,f,1,1,2075,Mandatory training on sexual consent,Black Lives Matter,1,-1,2,5,2,0.9275542912941213,1,6,2,0.02506903489984103,2,-1,3,1,-1,3,1,3,-3,1,-1,0,Left,2.075
36,R_PMAJHlKifY8RhgR,9,j,2,0,4063,Ban on ethnic Halloween costumes,Gun-free campus police,-1,1,2,6,3,0.9275542912941213,1,5,2,0.02506903489984103,-2,1,3,-1,-1,3,1,-3,3,1,1,1,Right,4.063
36,R_PMAJHlKifY8RhgR,10,j,2,0,1551,Remove public Confederate memorials,War on Drugs,-1,-1,2,6,4,0.9275542912941213,-1,3,2,-1.7799014778887194,-2,1,3,-3,-3,3,3,-3,3,3,3,1,Right,1.551
36,R_PMAJHlKifY8RhgR,11,f,1,1,6589,Mandatory drug tests for welfare recipients,Mandatory drug tests for welfare recipients,1,-1,3,6,3,1.8300395476884015,3,6,3,1.8300395476884015,3,-3,6,0,0,6,0,6,-6,0,0,0,Left,6.589
36,R_PMAJHlKifY8RhgR,12,f,1,1,380,Mask mandates,Build southern border wall,1,-1,2,5,2,0.9275542912941213,2,6,3,0.9275542912941213,2,-2,4,0,-1,4,1,4,-4,0,-1,0,Left,0.38
36,R_PMAJHlKifY8RhgR,13,f,1,1,408,Lift COVID lockdowns,Mandatory drug tests for welfare recipients,-1,1,2,5,3,0.9275542912941213,3,6,3,1.8300395476884015,-2,3,-5,-1,-1,5,1,-5,5,-1,-1,0,Left,0.408
36,R_PMAJHlKifY8RhgR,14,j,2,0,4985,Mandatory vaccinations,Detention of migrant children,1,1,3,6,3,1.8300395476884015,0,5,3,-0.8774162214944392,3,0,-3,-3,-1,3,1,3,-3,3,1,1,Right,4.985
36,R_PMAJHlKifY8RhgR,15,f,1,1,4709,Remove Christopher Columbus statues,Mask mandates,-1,-1,0,6,3,-0.8774162214944392,2,5,2,0.9275542912941213,-0,-2,2,-2,1,2,1,2,-2,-2,1,0,Left,4.709
36,R_PMAJHlKifY8RhgR,16,f,1,1,1008,U.S. drone strikes in Afghanistan,Build southern border wall,-1,1,1,6,2,0.02506903489984103,2,6,3,0.9275542912941213,-1,2,-3,-1,0,3,0,-3,3,-1,0,0,Left,1.008
36,R_PMAJHlKifY8RhgR,17,f,1,1,3567,Abolishing private prisons,Mandatory training on sexual consent,-1,1,1,4,3,0.02506903489984103,2,5,2,0.9275542912941213,-1,2,-3,-1,-1,3,1,-3,3,-1,-1,0,Left,3.567
36,R_PMAJHlKifY8RhgR,18,f,1,1,5018,Climate change legislation,Mandatory drug tests for welfare recipients,1,-1,1,6,3,0.02506903489984103,3,6,3,1.8300395476884015,1,-3,4,-2,0,4,0,4,-4,-2,0,0,Left,5.018
36,R_PMAJHlKifY8RhgR,19,f,1,1,1224,Legalization of marijuana,Ban on ethnic Halloween costumes,1,-1,0,5,3,-0.8774162214944392,2,6,3,0.9275542912941213,0,-2,2,-2,-1,2,1,2,-2,-2,-1,0,Left,1.224
36,R_PMAJHlKifY8RhgR,20,j,2,0,5860,Mask mandates,Stop police brutality,1,1,2,5,2,0.9275542912941213,-1,3,3,-1.7799014778887194,2,-1,-3,-3,-2,3,2,3,-3,3,2,1,Right,5.86
36,R_PMAJHlKifY8RhgR,21,f,1,1,7374,Mandatory drug tests for welfare recipients,U.S. drone strikes in Afghanistan,-1,-1,3,6,3,1.8300395476884015,1,6,2,0.02506903489984103,-3,-1,-2,2,0,2,0,-2,2,2,0,0,Left,7.374
36,R_PMAJHlKifY8RhgR,22,f,1,1,382,Remove police from schools,Ban on ethnic Halloween costumes,1,-1,-1,4,2,-1.7799014778887194,2,6,3,0.9275542912941213,-1,-2,1,-3,-2,1,2,1,-1,-3,-2,0,Left,0.382
36,R_PMAJHlKifY8RhgR,23,j,2,0,6505,Mandatory drug tests for welfare recipients,Defund the police,-1,-1,3,6,3,1.8300395476884015,1,4,3,0.02506903489984103,-3,-1,2,-2,-2,2,2,-2,2,2,2,1,Right,6.505
36,R_PMAJHlKifY8RhgR,24,f,1,1,3890,Allow alt-right speakers on campus,University Campus should be a Sanctuary,1,-1,2,7,3,0.9275542912941213,2,7,3,0.9275542912941213,2,-2,4,0,0,4,0,4,-4,0,0,0,Left,3.89
36,R_PMAJHlKifY8RhgR,25,f,1,1,2097,Mandatory vaccinations,Allow alt-right speakers on campus,-1,1,3,6,3,1.8300395476884015,2,7,3,0.9275542912941213,-3,2,-5,1,-1,5,1,-5,5,1,-1,0,Left,2.097
36,R_PMAJHlKifY8RhgR,26,f,1,1,1990,Stop police brutality,Mandatory drug tests for welfare recipients,1,-1,-1,3,3,-1.7799014778887194,3,6,3,1.8300395476884015,-1,-3,2,-4,-3,2,3,2,-2,-4,-3,0,Left,1.99
36,R_PMAJHlKifY8RhgR,27,f,1,1,578,Mandatory vaccinations,Allow alt-right speakers on campus,1,1,3,6,3,1.8300395476884015,2,7,3,0.9275542912941213,3,2,1,1,-1,1,1,1,-1,1,-1,0,Left,0.578
36,R_PMAJHlKifY8RhgR,28,f,1,1,6351,Defund the police,Abortion rights,1,1,1,4,3,0.02506903489984103,2,6,3,0.9275542912941213,1,2,-1,-1,-2,1,2,-1,1,-1,-2,0,Left,6.351
36,R_PMAJHlKifY8RhgR,29,f,1,1,1397,Abolishing private prisons,Build southern border wall,-1,1,1,4,3,0.02506903489984103,2,6,3,0.9275542912941213,-1,2,-3,-1,-2,3,2,-3,3,-1,-2,0,Left,1.397
36,R_PMAJHlKifY8RhgR,30,f,1,1,7159,Mandatory drug tests for welfare recipients,Stop police brutality,-1,-1,3,6,3,1.8300395476884015,-1,3,3,-1.7799014778887194,-3,1,-4,4,3,4,3,-4,4,4,3,0,Left,7.159
36,R_PMAJHlKifY8RhgR,31,j,2,0,3029,Mask mandates,Legalization of marijuana,1,-1,2,5,2,0.9275542912941213,0,5,3,-0.8774162214944392,2,-0,-2,-2,0,2,0,2,-2,2,0,1,Right,3.029
36,R_PMAJHlKifY8RhgR,32,j,2,0,3051,Mandatory drug tests for welfare recipients,Ban on research with animals,1,1,3,6,3,1.8300395476884015,-2,1,2,-2.682386734283,3,-2,-5,-5,-5,5,5,5,-5,5,5,1,Right,3.051
36,R_PMAJHlKifY8RhgR,33,f,1,1,5696,Abortion rights,Mandatory training on sexual consent,-1,-1,2,6,3,0.9275542912941213,2,5,2,0.9275542912941213,-2,-2,0,0,1,0,1,0,0,0,1,0,Left,5.696
36,R_PMAJHlKifY8RhgR,34,f,1,1,196,Remove public Confederate memorials,Abortion rights,-1,1,2,6,4,0.9275542912941213,2,6,3,0.9275542912941213,-2,2,-4,0,0,4,0,-4,4,0,0,0,Left,0.196
36,R_PMAJHlKifY8RhgR,35,f,1,1,690,Physician-assisted suicide,Mandatory vaccinations,-1,1,1,6,2,0.02506903489984103,3,6,3,1.8300395476884015,-1,3,-4,-2,0,4,0,-4,4,-2,0,0,Left,0.69
36,R_PMAJHlKifY8RhgR,36,f,1,1,1541,Mandatory training on sexual consent,Mandatory drug tests for welfare recipients,-1,-1,2,5,2,0.9275542912941213,3,6,3,1.8300395476884015,-2,-3,1,-1,-1,1,1,1,-1,-1,-1,0,Left,1.541
36,R_PMAJHlKifY8RhgR,37,j,2,0,1861,Ban on ethnic Halloween costumes,Bathrooms restricted based on biological sex,-1,-1,2,6,3,0.9275542912941213,1,5,2,0.02506903489984103,-2,-1,1,-1,-1,1,1,-1,1,1,1,1,Right,1.861
36,R_PMAJHlKifY8RhgR,38,j,2,0,590,Allow alt-right speakers on campus,Abortion rights,-1,1,2,7,3,0.9275542912941213,2,6,3,0.9275542912941213,-2,2,4,0,-1,4,1,-4,4,0,1,1,Right,0.59
36,R_PMAJHlKifY8RhgR,39,j,2,0,1742,Mandatory vaccinations,University Campus should be a Sanctuary,1,-1,3,6,3,1.8300395476884015,2,7,3,0.9275542912941213,3,-2,-5,-1,1,5,1,5,-5,1,-1,1,Right,1.742
36,R_PMAJHlKifY8RhgR,40,j,2,0,2820,Mandatory training on sexual consent,War on Drugs,-1,1,2,5,2,0.9275542912941213,-1,3,2,-1.7799014778887194,-2,-1,1,-3,-2,1,2,-1,1,3,2,1,Right,2.82
36,R_PMAJHlKifY8RhgR,41,f,1,1,3161,War on Drugs,Lift COVID lockdowns,-1,-1,-1,3,2,-1.7799014778887194,2,5,3,0.9275542912941213,1,-2,3,-3,-2,3,2,3,-3,-3,-2,0,Left,3.161
36,R_PMAJHlKifY8RhgR,42,f,1,1,1678,Ban on research with animals,Remove public Confederate memorials,-1,1,-2,1,2,-2.682386734283,2,6,4,0.9275542912941213,2,2,0,-4,-5,0,5,0,0,-4,-5,0,Left,1.678
36,R_PMAJHlKifY8RhgR,43,f,1,1,766,Mandatory training on sexual consent,Dorms determined by gender identity,1,1,2,5,2,0.9275542912941213,1,4,3,0.02506903489984103,2,1,1,1,1,1,1,1,-1,1,1,0,Left,0.766
36,R_PMAJHlKifY8RhgR,44,j,2,0,1753,Ban on ethnic Halloween costumes,Allow alt-right speakers on campus,-1,1,2,6,3,0.9275542912941213,2,7,3,0.9275542912941213,-2,2,4,0,1,4,1,-4,4,0,-1,1,Right,1.753
36,R_PMAJHlKifY8RhgR,45,f,1,1,2331,Affirmative action,Mandatory vaccinations,1,1,1,5,2,0.02506903489984103,3,6,3,1.8300395476884015,1,3,-2,-2,-1,2,1,-2,2,-2,-1,0,Left,2.331
36,R_PMAJHlKifY8RhgR,46,f,1,1,2186,War on Drugs,Abortion rights,1,-1,-1,3,2,-1.7799014778887194,2,6,3,0.9275542912941213,-1,-2,1,-3,-3,1,3,1,-1,-3,-3,0,Left,2.186
36,R_PMAJHlKifY8RhgR,47,j,2,0,3606,Mandatory vaccinations,Remove police from schools,-1,-1,3,6,3,1.8300395476884015,-1,4,2,-1.7799014778887194,-3,1,4,-4,-2,4,2,-4,4,4,2,1,Right,3.606
36,R_PMAJHlKifY8RhgR,48,f,1,1,3459,Abortion rights,Remove Christopher Columbus statues,-1,1,2,6,3,0.9275542912941213,0,6,3,-0.8774162214944392,-2,0,-2,2,0,2,0,-2,2,2,0,0,Left,3.459
36,R_PMAJHlKifY8RhgR,49,f,1,1,228,Ban on research with animals,Remove public Confederate memorials,-1,-1,-2,1,2,-2.682386734283,2,6,4,0.9275542912941213,2,-2,4,-4,-5,4,5,4,-4,-4,-5,0,Left,0.228
36,R_PMAJHlKifY8RhgR,50,f,1,1,1017,Defund the police,Mandatory vaccinations,-1,1,1,4,3,0.02506903489984103,3,6,3,1.8300395476884015,-1,3,-4,-2,-2,4,2,-4,4,-2,-2,0,Left,1.017
36,R_PMAJHlKifY8RhgR,51,j,2,0,610,Mandatory vaccinations,War on Drugs,1,-1,3,6,3,1.8300395476884015,-1,3,2,-1.7799014778887194,3,1,-2,-4,-3,2,3,2,-2,4,3,1,Right,0.61
36,R_PMAJHlKifY8RhgR,52,f,1,1,3274,Mandatory drug tests for welfare recipients,Ban on research with animals,1,-1,3,6,3,1.8300395476884015,-2,1,2,-2.682386734283,3,2,1,5,5,1,5,1,-1,5,5,0,Left,3.274
36,R_PMAJHlKifY8RhgR,53,j,2,0,2826,Mask mandates,Allow alt-right speakers on campus,1,-1,2,5,2,0.9275542912941213,2,7,3,0.9275542912941213,2,-2,-4,0,2,4,2,4,-4,0,-2,1,Right,2.826
36,R_PMAJHlKifY8RhgR,54,f,1,1,2922,Ban on ethnic Halloween costumes,Mandatory vaccinations,-1,1,2,6,3,0.9275542912941213,3,6,3,1.8300395476884015,-2,3,-5,-1,0,5,0,-5,5,-1,0,0,Left,2.922
36,R_PMAJHlKifY8RhgR,55,j,2,0,2541,Physician-assisted suicide,Build southern border wall,-1,-1,1,6,2,0.02506903489984103,2,6,3,0.9275542912941213,-1,-2,-1,1,0,1,0,1,-1,-1,0,1,Right,2.541
36,R_PMAJHlKifY8RhgR,56,j,2,0,429,Mandatory drug tests for welfare recipients,Abortion rights,-1,-1,3,6,3,1.8300395476884015,2,6,3,0.9275542912941213,-3,-2,1,-1,0,1,0,-1,1,1,0,1,Right,0.429
36,R_PMAJHlKifY8RhgR,57,j,2,0,662,Mask mandates,Mask mandates,1,-1,2,5,2,0.9275542912941213,2,5,2,0.9275542912941213,2,-2,-4,0,0,4,0,4,-4,0,0,1,Right,0.662
36,R_PMAJHlKifY8RhgR,58,j,2,0,1194,Abortion rights,Mask mandates,1,1,2,6,3,0.9275542912941213,2,5,2,0.9275542912941213,2,2,0,0,-1,0,1,0,0,0,1,1,Right,1.194
36,R_PMAJHlKifY8RhgR,59,f,1,1,1481,Mandatory vaccinations,Ban on research with animals,-1,-1,3,6,3,1.8300395476884015,-2,1,2,-2.682386734283,-3,2,-5,5,5,5,5,-5,5,5,5,0,Left,1.481
36,R_PMAJHlKifY8RhgR,60,f,1,1,508,Lift COVID lockdowns,Allow alt-right speakers on campus,-1,-1,2,5,3,0.9275542912941213,2,7,3,0.9275542912941213,-2,-2,0,0,-2,0,2,0,0,0,-2,0,Left,0.508
36,R_PMAJHlKifY8RhgR,61,j,2,0,3890,Remove public Confederate memorials,University Campus should be a Sanctuary,-1,-1,2,6,4,0.9275542912941213,2,7,3,0.9275542912941213,-2,-2,0,0,1,0,1,0,0,0,-1,1,Right,3.89
36,R_PMAJHlKifY8RhgR,62,f,1,1,776,Mandatory vaccinations,Student worker unionization,-1,-1,3,6,3,1.8300395476884015,0,5,2,-0.8774162214944392,-3,-0,-3,3,1,3,1,-3,3,3,1,0,Left,0.776
36,R_PMAJHlKifY8RhgR,63,f,1,1,1378,Black Lives Matter,Abortion rights,1,-1,1,6,2,0.02506903489984103,2,6,3,0.9275542912941213,1,-2,3,-1,0,3,0,3,-3,-1,0,0,Left,1.378
36,R_PMAJHlKifY8RhgR,64,f,1,1,1476,Physician-assisted suicide,Mask mandates,1,-1,1,6,2,0.02506903489984103,2,5,2,0.9275542912941213,1,-2,3,-1,1,3,1,3,-3,-1,1,0,Left,1.476
36,R_PMAJHlKifY8RhgR,65,f,1,1,466,Stop police brutality,Ban on ethnic Halloween costumes,1,1,-1,3,3,-1.7799014778887194,2,6,3,0.9275542912941213,-1,2,-3,-3,-3,3,3,-3,3,-3,-3,0,Left,0.466
36,R_PMAJHlKifY8RhgR,66,j,2,0,3372,Ban on research with animals,Remove public Confederate memorials,1,-1,-2,1,2,-2.682386734283,2,6,4,0.9275542912941213,-2,-2,0,4,5,0,5,0,0,-4,-5,1,Right,3.372
36,R_PMAJHlKifY8RhgR,67,f,1,1,1393,Increased Gun regulations,Mandatory training on sexual consent,-1,1,1,5,3,0.02506903489984103,2,5,2,0.9275542912941213,-1,2,-3,-1,0,3,0,-3,3,-1,0,0,Left,1.393
36,R_PMAJHlKifY8RhgR,68,f,1,1,957,Black Lives Matter,Abortion rights,1,1,1,6,2,0.02506903489984103,2,6,3,0.9275542912941213,1,2,-1,-1,0,1,0,-1,1,-1,0,0,Left,0.957
36,R_PMAJHlKifY8RhgR,69,j,2,0,2394,Safe injection locations,Mandatory training on sexual consent,-1,-1,1,5,2,0.02506903489984103,2,5,2,0.9275542912941213,-1,-2,-1,1,0,1,0,1,-1,-1,0,1,Right,2.394
36,R_PMAJHlKifY8RhgR,70,j,2,0,1254,Mask mandates,Mandatory vaccinations,1,-1,2,5,2,0.9275542912941213,3,6,3,1.8300395476884015,2,-3,-5,1,1,5,1,5,-5,-1,-1,1,Right,1.254
36,R_PMAJHlKifY8RhgR,71,f,1,1,875,Remove public Confederate memorials,Bathrooms restricted based on biological sex,1,-1,2,6,4,0.9275542912941213,1,5,2,0.02506903489984103,2,-1,3,1,1,3,1,3,-3,1,1,0,Left,0.875
36,R_PMAJHlKifY8RhgR,72,f,1,1,676,Build southern border wall,Dorms determined by gender identity,-1,1,2,6,3,0.9275542912941213,1,4,3,0.02506903489984103,-2,1,-3,1,2,3,2,-3,3,1,2,0,Left,0.676
36,R_PMAJHlKifY8RhgR,73,f,1,1,2854,Abortion rights,Raise the minimum wage,1,1,2,6,3,0.9275542912941213,1,5,3,0.02506903489984103,2,1,1,1,1,1,1,1,-1,1,1,0,Left,2.854
36,R_PMAJHlKifY8RhgR,74,f,1,1,407,Mandatory vaccinations,Hardening schools/Arming teachers,-1,1,3,6,3,1.8300395476884015,0,6,2,-0.8774162214944392,-3,0,-3,3,0,3,0,-3,3,3,0,0,Left,0.407
36,R_PMAJHlKifY8RhgR,75,j,2,0,2560,Student worker unionization,Lift COVID lockdowns,1,-1,0,5,2,-0.8774162214944392,2,5,3,0.9275542912941213,0,-2,-2,2,0,2,0,2,-2,-2,0,1,Right,2.56
36,R_PMAJHlKifY8RhgR,76,j,2,0,713,War on Drugs,Mandatory drug tests for welfare recipients,1,1,-1,3,2,-1.7799014778887194,3,6,3,1.8300395476884015,-1,3,4,4,3,4,3,-4,4,-4,-3,1,Right,0.713
36,R_PMAJHlKifY8RhgR,77,f,1,1,2924,Mask mandates,Gun-free campus police,1,1,2,5,2,0.9275542912941213,1,5,2,0.02506903489984103,2,1,1,1,0,1,0,1,-1,1,0,0,Left,2.924
36,R_PMAJHlKifY8RhgR,78,j,2,0,1730,Mandatory training on sexual consent,Raise the minimum wage,-1,1,2,5,2,0.9275542912941213,1,5,3,0.02506903489984103,-2,1,3,-1,0,3,0,-3,3,1,0,1,Right,1.73
36,R_PMAJHlKifY8RhgR,79,f,1,1,5617,Mandatory vaccinations,Gun-free campus police,-1,1,3,6,3,1.8300395476884015,1,5,2,0.02506903489984103,-3,1,-4,2,1,4,1,-4,4,2,1,0,Left,5.617
36,R_PMAJHlKifY8RhgR,80,j,2,0,6570,Mandatory vaccinations,Ban on ethnic Halloween costumes,-1,1,3,6,3,1.8300395476884015,2,6,3,0.9275542912941213,-3,2,5,-1,0,5,0,-5,5,1,0,1,Right,6.57
36,R_PMAJHlKifY8RhgR,81,f,1,1,2934,Remove public Confederate memorials,Hardening schools/Arming teachers,1,-1,2,6,4,0.9275542912941213,0,6,2,-0.8774162214944392,2,-0,2,2,0,2,0,2,-2,2,0,0,Left,2.934
36,R_PMAJHlKifY8RhgR,82,f,1,1,1826,Mask mandates,Mandatory vaccinations,1,1,2,5,2,0.9275542912941213,3,6,3,1.8300395476884015,2,3,-1,-1,-1,1,1,-1,1,-1,-1,0,Left,1.826
36,R_PMAJHlKifY8RhgR,83,f,1,1,523,Mandatory vaccinations,Allow alt-right speakers on campus,-1,-1,3,6,3,1.8300395476884015,2,7,3,0.9275542912941213,-3,-2,-1,1,-1,1,1,-1,1,1,-1,0,Left,0.523
36,R_PMAJHlKifY8RhgR,84,j,2,0,2152,Mandatory drug tests for welfare recipients,U.S. drone strikes in Afghanistan,1,1,3,6,3,1.8300395476884015,1,6,2,0.02506903489984103,3,1,-2,-2,0,2,0,2,-2,2,0,1,Right,2.152
36,R_PMAJHlKifY8RhgR,85,f,1,1,2713,Build southern border wall,Mandatory training on sexual consent,1,-1,2,6,3,0.9275542912941213,2,5,2,0.9275542912941213,2,-2,4,0,1,4,1,4,-4,0,1,0,Left,2.713
36,R_PMAJHlKifY8RhgR,86,j,2,0,4543,Ban on research with animals,Lift COVID lockdowns,1,-1,-2,1,2,-2.682386734283,2,5,3,0.9275542912941213,-2,-2,0,4,4,0,4,0,0,-4,-4,1,Right,4.543
36,R_PMAJHlKifY8RhgR,87,f,1,1,1353,Dorms determined by gender identity,Mandatory drug tests for welfare recipients,1,1,1,4,3,0.02506903489984103,3,6,3,1.8300395476884015,1,3,-2,-2,-2,2,2,-2,2,-2,-2,0,Left,1.353
36,R_PMAJHlKifY8RhgR,88,j,2,0,3532,Mask mandates,Ban on research with animals,1,-1,2,5,2,0.9275542912941213,-2,1,2,-2.682386734283,2,2,0,-4,-4,0,4,0,0,4,4,1,Right,3.532
36,R_PMAJHlKifY8RhgR,89,j,2,0,690,"Boycott, Divest, and Sanction Israel",Lift COVID lockdowns,-1,-1,1,6,2,0.02506903489984103,2,5,3,0.9275542912941213,-1,-2,-1,1,-1,1,1,1,-1,-1,1,1,Right,0.69
36,R_PMAJHlKifY8RhgR,90,j,2,0,859,Abolishing fraternities,Mandatory vaccinations,-1,-1,1,5,2,0.02506903489984103,3,6,3,1.8300395476884015,-1,-3,-2,2,1,2,1,2,-2,-2,-1,1,Right,0.859
36,R_PMAJHlKifY8RhgR,91,j,2,0,555,Ban on research with animals,Abortion rights,1,1,-2,1,2,-2.682386734283,2,6,3,0.9275542912941213,-2,2,4,4,5,4,5,-4,4,-4,-5,1,Right,0.555
36,R_PMAJHlKifY8RhgR,92,j,2,0,1220,Mandatory drug tests for welfare recipients,Ban on ethnic Halloween costumes,1,1,3,6,3,1.8300395476884015,2,6,3,0.9275542912941213,3,2,-1,-1,0,1,0,1,-1,1,0,1,Right,1.22
36,R_PMAJHlKifY8RhgR,93,j,2,0,348,Mandatory drug tests for welfare recipients,Affirmative action,1,-1,3,6,3,1.8300395476884015,1,5,2,0.02506903489984103,3,-1,-4,-2,-1,4,1,4,-4,2,1,1,Right,0.348
36,R_PMAJHlKifY8RhgR,94,j,2,0,729,Ban on research with animals,Mandatory vaccinations,1,-1,-2,1,2,-2.682386734283,3,6,3,1.8300395476884015,-2,-3,-1,5,5,1,5,1,-1,-5,-5,1,Right,0.729
36,R_PMAJHlKifY8RhgR,95,f,1,1,1182,Mask mandates,Dorms determined by gender identity,-1,1,2,5,2,0.9275542912941213,1,4,3,0.02506903489984103,-2,1,-3,1,1,3,1,-3,3,1,1,0,Left,1.182
36,R_PMAJHlKifY8RhgR,96,j,2,0,1536,Lift COVID lockdowns,Ban on research with animals,1,1,2,5,3,0.9275542912941213,-2,1,2,-2.682386734283,2,-2,-4,-4,-4,4,4,4,-4,4,4,1,Right,1.536
36,R_PMAJHlKifY8RhgR,97,j,2,0,4900,Detention of migrant children,Abortion rights,-1,1,0,5,3,-0.8774162214944392,2,6,3,0.9275542912941213,-0,2,2,2,1,2,1,-2,2,-2,-1,1,Right,4.9
36,R_PMAJHlKifY8RhgR,98,j,2,0,3172,Mask mandates,Abolishing private prisons,-1,-1,2,5,2,0.9275542912941213,1,4,3,0.02506903489984103,-2,-1,1,-1,-1,1,1,-1,1,1,1,1,Right,3.172
36,R_PMAJHlKifY8RhgR,99,f,1,1,1781,Mandatory training on sexual consent,Ban on research with animals,-1,-1,2,5,2,0.9275542912941213,-2,1,2,-2.682386734283,-2,2,-4,4,4,4,4,-4,4,4,4,0,Left,1.781
36,R_PMAJHlKifY8RhgR,100,f,1,1,1053,Stop police brutality,Mask mandates,-1,1,-1,3,3,-1.7799014778887194,2,5,2,0.9275542912941213,1,2,-1,-3,-2,1,2,-1,1,-3,-2,0,Left,1.053
38,R_RxbJDvw3IoWO1AB,1,j,2,0,886,Bathrooms restricted based on biological sex,Bathrooms restricted based on biological sex,1,-1,1,5,3,-2.629420796895177,1,5,3,-2.629420796895177,1,-1,-2,0,0,2,0,2,-2,0,0,1,Right,0.886
38,R_RxbJDvw3IoWO1AB,2,f,1,1,12343,Remove police from schools,On campus concealed carry,-1,1,3,6,1,0.9426225498303462,2,6,3,-0.8433991235324153,-3,2,-5,1,0,5,0,-5,5,1,0,0,Left,12.343
38,R_RxbJDvw3IoWO1AB,3,j,2,0,24441,Detention of migrant children,Mandatory vaccinations,-1,-1,3,5,2,0.9426225498303462,3,7,3,0.9426225498303462,-3,-3,0,0,2,0,2,0,0,0,-2,1,Right,24.441
38,R_RxbJDvw3IoWO1AB,4,j,2,0,2721,Bathrooms restricted based on biological sex,Student worker unionization,1,1,1,5,3,-2.629420796895177,3,5,2,0.9426225498303462,1,3,2,2,0,2,0,-2,2,-2,0,1,Right,2.721
38,R_RxbJDvw3IoWO1AB,5,f,1,1,799,Bathrooms restricted based on biological sex,Mandatory vaccinations,1,1,1,5,3,-2.629420796895177,3,7,3,0.9426225498303462,1,3,-2,-2,-2,2,2,-2,2,-2,-2,0,Left,0.799
38,R_RxbJDvw3IoWO1AB,6,j,2,0,1746,Abortion rights,Gun-free campus police,1,1,2,6,3,-0.8433991235324153,3,7,3,0.9426225498303462,2,3,1,1,1,1,1,-1,1,-1,-1,1,Right,1.746
38,R_RxbJDvw3IoWO1AB,7,f,1,1,484,Bathrooms restricted based on biological sex,Gun-free campus police,-1,-1,1,5,3,-2.629420796895177,3,7,3,0.9426225498303462,-1,-3,2,-2,-2,2,2,2,-2,-2,-2,0,Left,0.484
38,R_RxbJDvw3IoWO1AB,8,j,2,0,1326,Religious exemptions for discrimination laws,Bathrooms restricted based on biological sex,1,1,3,6,3,0.9426225498303462,1,5,3,-2.629420796895177,3,1,-2,-2,-1,2,1,2,-2,2,1,1,Right,1.326
38,R_RxbJDvw3IoWO1AB,9,f,1,1,1020,Religious exemptions for discrimination laws,Ban on ethnic Halloween costumes,1,-1,3,6,3,0.9426225498303462,3,5,2,0.9426225498303462,3,-3,6,0,1,6,1,6,-6,0,1,0,Left,1.02
38,R_RxbJDvw3IoWO1AB,10,j,2,0,1353,Expel students with white nationlist views,Mandatory training on sexual consent,1,1,3,4,2,0.9426225498303462,3,6,3,0.9426225498303462,3,3,0,0,2,0,2,0,0,0,-2,1,Right,1.353
38,R_RxbJDvw3IoWO1AB,11,f,1,1,998,Safe injection locations,Abolishing private prisons,1,1,3,5,2,0.9426225498303462,2,5,3,-0.8433991235324153,3,2,1,1,0,1,0,1,-1,1,0,0,Left,0.998
38,R_RxbJDvw3IoWO1AB,12,j,2,0,595,Remove public Confederate memorials,Dorms determined by gender identity,1,-1,2,6,3,-0.8433991235324153,3,5,3,0.9426225498303462,2,-3,-5,1,-1,5,1,5,-5,-1,1,1,Right,0.595
38,R_RxbJDvw3IoWO1AB,13,f,1,1,619,Remove Christopher Columbus statues,Mandatory vaccinations,1,-1,2,6,3,-0.8433991235324153,3,7,3,0.9426225498303462,2,-3,5,-1,-1,5,1,5,-5,-1,-1,0,Left,0.619
38,R_RxbJDvw3IoWO1AB,14,j,2,0,756,Gun-free campus police,"Boycott, Divest, and Sanction Israel",-1,-1,3,7,3,0.9426225498303462,2,5,2,-0.8433991235324153,-3,-2,1,-1,-2,1,2,-1,1,1,2,1,Right,0.756
38,R_RxbJDvw3IoWO1AB,15,j,2,0,179,Legalization of marijuana,Mandatory training on sexual consent,1,1,3,5,2,0.9426225498303462,3,6,3,0.9426225498303462,3,3,0,0,1,0,1,0,0,0,-1,1,Right,0.179
38,R_RxbJDvw3IoWO1AB,16,f,1,1,625,Recognize Jerusalem as capital of Israel,Mandatory vaccinations,1,-1,3,6,3,0.9426225498303462,3,7,3,0.9426225498303462,3,-3,6,0,-1,6,1,6,-6,0,-1,0,Left,0.625
38,R_RxbJDvw3IoWO1AB,17,j,2,0,916,Bathrooms restricted based on biological sex,Allow alt-right speakers on campus,1,-1,1,5,3,-2.629420796895177,2,6,3,-0.8433991235324153,1,-2,-3,1,1,3,1,3,-3,-1,-1,1,Right,0.916
38,R_RxbJDvw3IoWO1AB,18,f,1,1,554,Ban on research with animals,Mandatory vaccinations,-1,1,2,5,4,-0.8433991235324153,3,7,3,0.9426225498303462,-2,3,-5,-1,-2,5,2,-5,5,-1,-2,0,Left,0.554
38,R_RxbJDvw3IoWO1AB,19,j,2,0,690,Expel students with white nationlist views,Expel students with white nationlist views,1,-1,3,4,2,0.9426225498303462,3,4,2,0.9426225498303462,3,-3,-6,0,0,6,0,6,-6,0,0,1,Right,0.69
38,R_RxbJDvw3IoWO1AB,20,j,2,0,736,Lift COVID lockdowns,Increased Gun regulations,1,1,2,5,3,-0.8433991235324153,2,6,3,-0.8433991235324153,2,2,0,0,1,0,1,0,0,0,-1,1,Right,0.736
38,R_RxbJDvw3IoWO1AB,21,f,1,1,477,Bathrooms restricted based on biological sex,"Boycott, Divest, and Sanction Israel",1,1,1,5,3,-2.629420796895177,2,5,2,-0.8433991235324153,1,2,-1,-1,0,1,0,-1,1,-1,0,0,Left,0.477
38,R_RxbJDvw3IoWO1AB,22,j,2,0,1647,Ban on research with animals,Allow alt-right speakers on campus,-1,-1,2,5,4,-0.8433991235324153,2,6,3,-0.8433991235324153,-2,-2,0,0,1,0,1,0,0,0,-1,1,Right,1.647
38,R_RxbJDvw3IoWO1AB,23,f,1,1,753,War on Drugs,Gun-free campus police,1,-1,3,4,2,0.9426225498303462,3,7,3,0.9426225498303462,3,-3,6,0,-3,6,3,6,-6,0,-3,0,Left,0.753
38,R_RxbJDvw3IoWO1AB,24,j,2,0,1173,Bathrooms restricted based on biological sex,Physician-assisted suicide,-1,1,1,5,3,-2.629420796895177,2,6,2,-0.8433991235324153,-1,2,3,1,1,3,1,-3,3,-1,-1,1,Right,1.173
38,R_RxbJDvw3IoWO1AB,25,j,2,0,754,Remove Christopher Columbus statues,Mask mandates,-1,-1,2,6,3,-0.8433991235324153,3,6,3,0.9426225498303462,-2,-3,-1,1,0,1,0,1,-1,-1,0,1,Right,0.754
38,R_RxbJDvw3IoWO1AB,26,f,1,1,1084,Safe injection locations,Cuts to National Parks budget,1,-1,3,5,2,0.9426225498303462,3,5,2,0.9426225498303462,3,-3,6,0,0,6,0,6,-6,0,0,0,Left,1.084
38,R_RxbJDvw3IoWO1AB,27,j,2,0,862,Bathrooms restricted based on biological sex,Mask mandates,-1,1,1,5,3,-2.629420796895177,3,6,3,0.9426225498303462,-1,3,4,2,1,4,1,-4,4,-2,-1,1,Right,0.862
38,R_RxbJDvw3IoWO1AB,28,f,1,1,579,War on Drugs,Lift COVID lockdowns,-1,-1,3,4,2,0.9426225498303462,2,5,3,-0.8433991235324153,-3,-2,-1,1,-1,1,1,-1,1,1,-1,0,Left,0.579
38,R_RxbJDvw3IoWO1AB,29,f,1,1,916,Legalization of marijuana,Remove public Confederate memorials,1,1,3,5,2,0.9426225498303462,2,6,3,-0.8433991235324153,3,2,1,1,-1,1,1,1,-1,1,-1,0,Left,0.916
38,R_RxbJDvw3IoWO1AB,30,j,2,0,559,Gun-free campus police,Mandatory vaccinations,-1,1,3,7,3,0.9426225498303462,3,7,3,0.9426225498303462,-3,3,6,0,0,6,0,-6,6,0,0,1,Right,0.559
38,R_RxbJDvw3IoWO1AB,31,j,2,0,1599,Recognize Jerusalem as capital of Israel,Ban on research with animals,-1,1,3,6,3,0.9426225498303462,2,5,4,-0.8433991235324153,-3,2,5,-1,-1,5,1,-5,5,1,1,1,Right,1.599
38,R_RxbJDvw3IoWO1AB,32,f,1,1,705,Abolishing private prisons,U.S. drone strikes in Afghanistan,1,-1,2,5,3,-0.8433991235324153,2,5,3,-0.8433991235324153,2,-2,4,0,0,4,0,4,-4,0,0,0,Left,0.705
38,R_RxbJDvw3IoWO1AB,33,j,2,0,769,Mandatory vaccinations,Bathrooms restricted based on biological sex,-1,1,3,7,3,0.9426225498303462,1,5,3,-2.629420796895177,-3,1,4,-2,-2,4,2,-4,4,2,2,1,Right,0.769
38,R_RxbJDvw3IoWO1AB,34,f,1,1,814,Abolishing fraternities,Expel students with white nationlist views,1,1,3,6,2,0.9426225498303462,3,4,2,0.9426225498303462,3,3,0,0,2,0,2,0,0,0,2,0,Left,0.814
38,R_RxbJDvw3IoWO1AB,35,j,2,0,800,Mandatory training on sexual consent,Expel students with white nationlist views,-1,1,3,6,3,0.9426225498303462,3,4,2,0.9426225498303462,-3,3,6,0,-2,6,2,-6,6,0,2,1,Right,0.8
38,R_RxbJDvw3IoWO1AB,36,f,1,1,675,Bathrooms restricted based on biological sex,Ban on research with animals,-1,1,1,5,3,-2.629420796895177,2,5,4,-0.8433991235324153,-1,2,-3,-1,0,3,0,-3,3,-1,0,0,Left,0.675
38,R_RxbJDvw3IoWO1AB,37,j,2,0,868,War on Drugs,Ban on ethnic Halloween costumes,-1,-1,3,4,2,0.9426225498303462,3,5,2,0.9426225498303462,-3,-3,0,0,1,0,1,0,0,0,-1,1,Right,0.868
38,R_RxbJDvw3IoWO1AB,38,f,1,1,756,Lift COVID lockdowns,Legalization of marijuana,-1,-1,2,5,3,-0.8433991235324153,3,5,2,0.9426225498303462,-2,-3,1,-1,0,1,0,1,-1,-1,0,0,Left,0.756
38,R_RxbJDvw3IoWO1AB,39,j,2,0,642,U.S. drone strikes in Afghanistan,War on Drugs,1,-1,2,5,3,-0.8433991235324153,3,4,2,0.9426225498303462,2,-3,-5,1,-1,5,1,5,-5,-1,1,1,Right,0.642
38,R_RxbJDvw3IoWO1AB,40,f,1,1,615,Religious exemptions for discrimination laws,Mandatory trigger warnings,1,1,3,6,3,0.9426225498303462,2,6,3,-0.8433991235324153,3,2,1,1,0,1,0,1,-1,1,0,0,Left,0.615
38,R_RxbJDvw3IoWO1AB,41,j,2,0,827,Expel students with white nationlist views,Physician-assisted suicide,-1,1,3,4,2,0.9426225498303462,2,6,2,-0.8433991235324153,-3,2,5,-1,2,5,2,-5,5,1,-2,1,Right,0.827
38,R_RxbJDvw3IoWO1AB,42,f,1,1,631,"Boycott, Divest, and Sanction Israel",Bathrooms restricted based on biological sex,-1,-1,2,5,2,-0.8433991235324153,1,5,3,-2.629420796895177,-2,-1,-1,1,0,1,0,-1,1,1,0,0,Left,0.631
38,R_RxbJDvw3IoWO1AB,43,j,2,0,840,Ban on ethnic Halloween costumes,Recognize Jerusalem as capital of Israel,-1,-1,3,5,2,0.9426225498303462,3,6,3,0.9426225498303462,-3,-3,0,0,1,0,1,0,0,0,-1,1,Right,0.84
38,R_RxbJDvw3IoWO1AB,44,f,1,1,864,War on Drugs,Bathrooms restricted based on biological sex,-1,1,3,4,2,0.9426225498303462,1,5,3,-2.629420796895177,-3,1,-4,2,-1,4,1,-4,4,2,-1,0,Left,0.864
38,R_RxbJDvw3IoWO1AB,45,j,2,0,704,Expel students with white nationlist views,Gun-free campus police,1,1,3,4,2,0.9426225498303462,3,7,3,0.9426225498303462,3,3,0,0,3,0,3,0,0,0,-3,1,Right,0.704
38,R_RxbJDvw3IoWO1AB,46,f,1,1,678,Gun-free campus police,War on Drugs,-1,-1,3,7,3,0.9426225498303462,3,4,2,0.9426225498303462,-3,-3,0,0,3,0,3,0,0,0,3,0,Left,0.678
38,R_RxbJDvw3IoWO1AB,47,f,1,1,777,Religious exemptions for discrimination laws,Gun-free campus police,1,1,3,6,3,0.9426225498303462,3,7,3,0.9426225498303462,3,3,0,0,-1,0,1,0,0,0,-1,0,Left,0.777
38,R_RxbJDvw3IoWO1AB,48,j,2,0,818,Student worker unionization,Lift COVID lockdowns,-1,1,3,5,2,0.9426225498303462,2,5,3,-0.8433991235324153,-3,2,5,-1,0,5,0,-5,5,1,0,1,Right,0.818
38,R_RxbJDvw3IoWO1AB,49,j,2,0,869,Abolishing private prisons,Mask mandates,-1,-1,2,5,3,-0.8433991235324153,3,6,3,0.9426225498303462,-2,-3,-1,1,1,1,1,1,-1,-1,-1,1,Right,0.869
38,R_RxbJDvw3IoWO1AB,50,f,1,1,618,Abortion rights,Gun-free campus police,-1,1,2,6,3,-0.8433991235324153,3,7,3,0.9426225498303462,-2,3,-5,-1,-1,5,1,-5,5,-1,-1,0,Left,0.618
38,R_RxbJDvw3IoWO1AB,51,j,2,0,1440,Bathrooms restricted based on biological sex,Lift COVID lockdowns,1,-1,1,5,3,-2.629420796895177,2,5,3,-0.8433991235324153,1,-2,-3,1,0,3,0,3,-3,-1,0,1,Right,1.44
38,R_RxbJDvw3IoWO1AB,52,f,1,1,379,Abolishing fraternities,Gun-free campus police,-1,-1,3,6,2,0.9426225498303462,3,7,3,0.9426225498303462,-3,-3,0,0,-1,0,1,0,0,0,-1,0,Left,0.379
38,R_RxbJDvw3IoWO1AB,53,j,2,0,656,Bathrooms restricted based on biological sex,Detention of migrant children,1,-1,1,5,3,-2.629420796895177,3,5,2,0.9426225498303462,1,-3,-4,2,0,4,0,4,-4,-2,0,1,Right,0.656
38,R_RxbJDvw3IoWO1AB,54,f,1,1,754,Mandatory training on sexual consent,Lift COVID lockdowns,1,1,3,6,3,0.9426225498303462,2,5,3,-0.8433991235324153,3,2,1,1,1,1,1,1,-1,1,1,0,Left,0.754
38,R_RxbJDvw3IoWO1AB,55,j,2,0,689,Mandatory vaccinations,War on Drugs,1,1,3,7,3,0.9426225498303462,3,4,2,0.9426225498303462,3,3,0,0,-3,0,3,0,0,0,3,1,Right,0.689
38,R_RxbJDvw3IoWO1AB,56,f,1,1,558,Bathrooms restricted based on biological sex,Abolishing fraternities,1,-1,1,5,3,-2.629420796895177,3,6,2,0.9426225498303462,1,-3,4,-2,-1,4,1,4,-4,-2,-1,0,Left,0.558
38,R_RxbJDvw3IoWO1AB,57,j,2,0,632,On campus concealed carry,War on Drugs,1,1,2,6,3,-0.8433991235324153,3,4,2,0.9426225498303462,2,3,1,1,-2,1,2,-1,1,-1,2,1,Right,0.632
38,R_RxbJDvw3IoWO1AB,58,f,1,1,735,War on Drugs,Bathrooms restricted based on biological sex,-1,-1,3,4,2,0.9426225498303462,1,5,3,-2.629420796895177,-3,-1,-2,2,-1,2,1,-2,2,2,-1,0,Left,0.735
38,R_RxbJDvw3IoWO1AB,59,j,2,0,839,Student worker unionization,Gun-free campus police,1,-1,3,5,2,0.9426225498303462,3,7,3,0.9426225498303462,3,-3,-6,0,2,6,2,6,-6,0,-2,1,Right,0.839
38,R_RxbJDvw3IoWO1AB,60,f,1,1,623,Stop police brutality,Mandatory vaccinations,1,-1,2,5,4,-0.8433991235324153,3,7,3,0.9426225498303462,2,-3,5,-1,-2,5,2,5,-5,-1,-2,0,Left,0.623
38,R_RxbJDvw3IoWO1AB,61,j,2,0,546,Gun-free campus police,War on Drugs,1,-1,3,7,3,0.9426225498303462,3,4,2,0.9426225498303462,3,-3,-6,0,-3,6,3,6,-6,0,3,1,Right,0.546
38,R_RxbJDvw3IoWO1AB,62,f,1,1,1198,Expel students with white nationlist views,Ban on ethnic Halloween costumes,1,-1,3,4,2,0.9426225498303462,3,5,2,0.9426225498303462,3,-3,6,0,-1,6,1,6,-6,0,-1,0,Left,1.198
38,R_RxbJDvw3IoWO1AB,63,f,1,1,1030,Remove police from schools,Stop police brutality,1,-1,3,6,1,0.9426225498303462,2,5,4,-0.8433991235324153,3,-2,5,1,1,5,1,5,-5,1,1,0,Left,1.03
38,R_RxbJDvw3IoWO1AB,64,f,1,1,698,Cuts to National Parks budget,Mandatory vaccinations,1,1,3,5,2,0.9426225498303462,3,7,3,0.9426225498303462,3,3,0,0,-2,0,2,0,0,0,-2,0,Left,0.698
38,R_RxbJDvw3IoWO1AB,65,j,2,0,1035,War on Drugs,Abolishing private prisons,1,1,3,4,2,0.9426225498303462,2,5,3,-0.8433991235324153,3,2,-1,-1,1,1,1,1,-1,1,-1,1,Right,1.035
38,R_RxbJDvw3IoWO1AB,66,j,2,0,596,Abolishing fraternities,War on Drugs,-1,-1,3,6,2,0.9426225498303462,3,4,2,0.9426225498303462,-3,-3,0,0,-2,0,2,0,0,0,2,1,Right,0.596
38,R_RxbJDvw3IoWO1AB,67,j,2,0,908,War on Drugs,Mandatory trigger warnings,-1,-1,3,4,2,0.9426225498303462,2,6,3,-0.8433991235324153,-3,-2,1,-1,2,1,2,-1,1,1,-2,1,Right,0.908
38,R_RxbJDvw3IoWO1AB,68,f,1,1,991,Increased Gun regulations,Increased Gun regulations,-1,1,2,6,3,-0.8433991235324153,2,6,3,-0.8433991235324153,-2,2,-4,0,0,4,0,-4,4,0,0,0,Left,0.991
38,R_RxbJDvw3IoWO1AB,69,j,2,0,651,Abortion rights,Cuts to National Parks budget,-1,1,2,6,3,-0.8433991235324153,3,5,2,0.9426225498303462,-2,3,5,1,-1,5,1,-5,5,-1,1,1,Right,0.651
38,R_RxbJDvw3IoWO1AB,70,j,2,0,1093,Mandatory trigger warnings,Mandatory vaccinations,-1,-1,2,6,3,-0.8433991235324153,3,7,3,0.9426225498303462,-2,-3,-1,1,1,1,1,1,-1,-1,-1,1,Right,1.093
38,R_RxbJDvw3IoWO1AB,71,f,1,1,1018,Physician-assisted suicide,"Boycott, Divest, and Sanction Israel",1,-1,2,6,2,-0.8433991235324153,2,5,2,-0.8433991235324153,2,-2,4,0,1,4,1,4,-4,0,1,0,Left,1.018
38,R_RxbJDvw3IoWO1AB,72,f,1,1,958,Bathrooms restricted based on biological sex,On campus concealed carry,1,1,1,5,3,-2.629420796895177,2,6,3,-0.8433991235324153,1,2,-1,-1,-1,1,1,-1,1,-1,-1,0,Left,0.958
38,R_RxbJDvw3IoWO1AB,73,j,2,0,561,Bathrooms restricted based on biological sex,Mask mandates,-1,-1,1,5,3,-2.629420796895177,3,6,3,0.9426225498303462,-1,-3,-2,2,1,2,1,2,-2,-2,-1,1,Right,0.561
38,R_RxbJDvw3IoWO1AB,74,f,1,1,719,War on Drugs,War on Drugs,1,-1,3,4,2,0.9426225498303462,3,4,2,0.9426225498303462,3,-3,6,0,0,6,0,6,-6,0,0,0,Left,0.719
38,R_RxbJDvw3IoWO1AB,75,j,2,0,544,Mandatory vaccinations,Bathrooms restricted based on biological sex,1,-1,3,7,3,0.9426225498303462,1,5,3,-2.629420796895177,3,-1,-4,-2,-2,4,2,4,-4,2,2,1,Right,0.544
38,R_RxbJDvw3IoWO1AB,76,f,1,1,850,Bathrooms restricted based on biological sex,Dorms determined by gender identity,-1,1,1,5,3,-2.629420796895177,3,5,3,0.9426225498303462,-1,3,-4,-2,0,4,0,-4,4,-2,0,0,Left,0.85
38,R_RxbJDvw3IoWO1AB,77,j,2,0,990,Bathrooms restricted based on biological sex,Cuts to National Parks budget,-1,-1,1,5,3,-2.629420796895177,3,5,2,0.9426225498303462,-1,-3,-2,2,0,2,0,2,-2,-2,0,1,Right,0.99
38,R_RxbJDvw3IoWO1AB,78,j,2,0,726,Remove police from schools,Legalization of marijuana,-1,1,3,6,1,0.9426225498303462,3,5,2,0.9426225498303462,-3,3,6,0,-1,6,1,-6,6,0,1,1,Right,0.726
38,R_RxbJDvw3IoWO1AB,79,j,2,0,1150,Ban on research with animals,Gun-free campus police,1,1,2,5,4,-0.8433991235324153,3,7,3,0.9426225498303462,2,3,1,1,2,1,2,-1,1,-1,-2,1,Right,1.15
38,R_RxbJDvw3IoWO1AB,80,f,1,1,922,Expel students with white nationlist views,U.S. drone strikes in Afghanistan,1,-1,3,4,2,0.9426225498303462,2,5,3,-0.8433991235324153,3,-2,5,1,-1,5,1,5,-5,1,-1,0,Left,0.922
38,R_RxbJDvw3IoWO1AB,81,j,2,0,770,Recognize Jerusalem as capital of Israel,Recognize Jerusalem as capital of Israel,1,-1,3,6,3,0.9426225498303462,3,6,3,0.9426225498303462,3,-3,-6,0,0,6,0,6,-6,0,0,1,Right,0.77
38,R_RxbJDvw3IoWO1AB,82,j,2,0,946,Safe injection locations,Gun-free campus police,-1,1,3,5,2,0.9426225498303462,3,7,3,0.9426225498303462,-3,3,6,0,2,6,2,-6,6,0,-2,1,Right,0.946
38,R_RxbJDvw3IoWO1AB,83,f,1,1,985,Mandatory vaccinations,War on Drugs,-1,1,3,7,3,0.9426225498303462,3,4,2,0.9426225498303462,-3,3,-6,0,3,6,3,-6,6,0,3,0,Left,0.985
38,R_RxbJDvw3IoWO1AB,84,j,2,0,1151,War on Drugs,Abortion rights,1,-1,3,4,2,0.9426225498303462,2,6,3,-0.8433991235324153,3,-2,-5,-1,2,5,2,5,-5,1,-2,1,Right,1.151
38,R_RxbJDvw3IoWO1AB,85,j,2,0,889,Safe injection locations,Expel students with white nationlist views,1,1,3,5,2,0.9426225498303462,3,4,2,0.9426225498303462,3,3,0,0,-1,0,1,0,0,0,1,1,Right,0.889
38,R_RxbJDvw3IoWO1AB,86,j,2,0,803,Remove police from schools,Remove Christopher Columbus statues,1,-1,3,6,1,0.9426225498303462,2,6,3,-0.8433991235324153,3,-2,-5,-1,0,5,0,5,-5,1,0,1,Right,0.803
38,R_RxbJDvw3IoWO1AB,87,j,2,0,547,Lift COVID lockdowns,Mandatory trigger warnings,1,-1,2,5,3,-0.8433991235324153,2,6,3,-0.8433991235324153,2,-2,-4,0,1,4,1,4,-4,0,-1,1,Right,0.547
38,R_RxbJDvw3IoWO1AB,88,f,1,1,799,Bathrooms restricted based on biological sex,Expel students with white nationlist views,-1,1,1,5,3,-2.629420796895177,3,4,2,0.9426225498303462,-1,3,-4,-2,1,4,1,-4,4,-2,1,0,Left,0.799
38,R_RxbJDvw3IoWO1AB,89,j,2,0,705,Expel students with white nationlist views,Detention of migrant children,1,-1,3,4,2,0.9426225498303462,3,5,2,0.9426225498303462,3,-3,-6,0,1,6,1,6,-6,0,-1,1,Right,0.705
38,R_RxbJDvw3IoWO1AB,90,j,2,0,828,Bathrooms restricted based on biological sex,Affirmative action,-1,-1,1,5,3,-2.629420796895177,2,6,3,-0.8433991235324153,-1,-2,-1,1,1,1,1,1,-1,-1,-1,1,Right,0.828
38,R_RxbJDvw3IoWO1AB,91,j,2,0,944,Gun-free campus police,Mask mandates,1,-1,3,7,3,0.9426225498303462,3,6,3,0.9426225498303462,3,-3,-6,0,-1,6,1,6,-6,0,1,1,Right,0.944
38,R_RxbJDvw3IoWO1AB,92,f,1,1,736,Build southern border wall,Ban on ethnic Halloween costumes,-1,-1,2,6,3,-0.8433991235324153,3,5,2,0.9426225498303462,-2,-3,1,-1,1,1,1,1,-1,-1,1,0,Left,0.736
38,R_RxbJDvw3IoWO1AB,93,j,2,0,1005,Ban on ethnic Halloween costumes,Expel students with white nationlist views,1,-1,3,5,2,0.9426225498303462,3,4,2,0.9426225498303462,3,-3,-6,0,-1,6,1,6,-6,0,1,1,Right,1.005
38,R_RxbJDvw3IoWO1AB,94,f,1,1,855,Lift COVID lockdowns,Safe injection locations,-1,1,2,5,3,-0.8433991235324153,3,5,2,0.9426225498303462,-2,3,-5,-1,0,5,0,-5,5,-1,0,0,Left,0.855
38,R_RxbJDvw3IoWO1AB,95,j,2,0,851,War on Drugs,Dorms determined by gender identity,1,1,3,4,2,0.9426225498303462,3,5,3,0.9426225498303462,3,3,0,0,1,0,1,0,0,0,-1,1,Right,0.851
38,R_RxbJDvw3IoWO1AB,96,j,2,0,710,Ban on research with animals,Expel students with white nationlist views,-1,1,2,5,4,-0.8433991235324153,3,4,2,0.9426225498303462,-2,3,5,1,-1,5,1,-5,5,-1,1,1,Right,0.71
38,R_RxbJDvw3IoWO1AB,97,j,2,0,644,War on Drugs,Mask mandates,1,-1,3,4,2,0.9426225498303462,3,6,3,0.9426225498303462,3,-3,-6,0,2,6,2,6,-6,0,-2,1,Right,0.644
38,R_RxbJDvw3IoWO1AB,98,f,1,1,839,Recognize Jerusalem as capital of Israel,War on Drugs,1,-1,3,6,3,0.9426225498303462,3,4,2,0.9426225498303462,3,-3,6,0,2,6,2,6,-6,0,2,0,Left,0.839
38,R_RxbJDvw3IoWO1AB,99,j,2,0,1006,Expel students with white nationlist views,Bathrooms restricted based on biological sex,1,1,3,4,2,0.9426225498303462,1,5,3,-2.629420796895177,3,1,-2,-2,1,2,1,2,-2,2,-1,1,Right,1.006
38,R_RxbJDvw3IoWO1AB,100,j,2,0,869,Lift COVID lockdowns,Expel students with white nationlist views,1,1,2,5,3,-0.8433991235324153,3,4,2,0.9426225498303462,2,3,1,1,-1,1,1,-1,1,-1,1,1,Right,0.869
