Subj,SID,Trial,Resp,Response,ChooseLeft,RT,IssueLeft,IssueRight,PosLeft,PosRight,LeftSupport,LeftMoral,LeftFamiliar,Support_z.x,RightSupport,RightMoral,RightFamiliar,Support_z.y,LeftAdj,RightAdj,ChoiceSupport,ChoiceSupportNaive,ChoiceMoral,ChoiceSupportDist,ChoiceMoralDist,LeftAdjDiff,RightAdjDiff,LeftDiff_raw,LeftMoral_diff,ChooseRight,Choice,RTs
16,R_2Yxsaos59MLqKPE,1,j,2,0,11985.65999999852,Abolishing private prisons,Raise the minimum wage,-1,-1,3,4,2,1.9333873324249353,2,3,2,1.114155411905895,-3,-2,1,-1,-1,1,1,-1,1,1,1,1,Right,11.98565999999852
16,R_2Yxsaos59MLqKPE,2,j,2,0,3941.145000000717,Build southern border wall,Mask mandates,1,1,-1,0,2,-1.3435403496512264,2,4,4,1.114155411905895,-1,2,3,3,4,3,4,-3,3,-3,-4,1,Right,3.9411450000007173
16,R_2Yxsaos59MLqKPE,3,j,2,0,4618.1299999988405,Mask mandates,Raise the minimum wage,1,1,2,4,4,1.114155411905895,2,3,2,1.114155411905895,2,2,0,0,-1,0,1,0,0,0,1,1,Right,4.618129999998841
16,R_2Yxsaos59MLqKPE,4,f,1,1,2953.079999999376,Abortion rights,Ban on research with animals,1,-1,2,4,3,1.114155411905895,1,6,1,0.2949234913868545,2,-1,3,1,-2,3,2,3,-3,1,-2,0,Left,2.953079999999376
16,R_2Yxsaos59MLqKPE,5,j,2,0,4385.320000001229,Abolishing private prisons,Abolishing private prisons,-1,1,3,4,2,1.9333873324249353,3,4,2,1.9333873324249353,-3,3,6,0,0,6,0,-6,6,0,0,1,Right,4.385320000001229
16,R_2Yxsaos59MLqKPE,6,j,2,0,7041.014999998966,Abortion rights,Abolishing private prisons,-1,1,2,4,3,1.114155411905895,3,4,2,1.9333873324249353,-2,3,5,1,0,5,0,-5,5,-1,0,1,Right,7.041014999998966
16,R_2Yxsaos59MLqKPE,7,j,2,0,14197.560000000522,Abolishing private prisons,Bathrooms restricted based on biological sex,-1,1,3,4,2,1.9333873324249353,0,1,1,-0.524308429132186,-3,0,3,-3,-3,3,3,-3,3,3,3,1,Right,14.197560000000522
16,R_2Yxsaos59MLqKPE,8,j,2,0,2505.909999999916,Ban on ethnic Halloween costumes,Abolishing private prisons,1,1,1,1,1,0.2949234913868545,3,4,2,1.9333873324249353,1,3,2,2,3,2,3,-2,2,-2,-3,1,Right,2.505909999999916
16,R_2Yxsaos59MLqKPE,9,f,1,1,7539.130000001052,Abolishing fraternities,Cuts to National Parks budget,-1,1,2,4,1,1.114155411905895,-1,2,1,-1.3435403496512264,-2,-1,-1,3,2,1,2,-1,1,3,2,0,Left,7.539130000001053
16,R_2Yxsaos59MLqKPE,10,j,2,0,2920.739999997779,Abolishing private prisons,Abortion rights,-1,1,3,4,2,1.9333873324249353,2,4,3,1.114155411905895,-3,2,5,-1,0,5,0,-5,5,1,0,1,Right,2.920739999997779
16,R_2Yxsaos59MLqKPE,11,j,2,0,2710.4749999998603,Abortion rights,Stop police brutality,-1,1,2,4,3,1.114155411905895,2,5,2,1.114155411905895,-2,2,4,0,1,4,1,-4,4,0,-1,1,Right,2.7104749999998603
16,R_2Yxsaos59MLqKPE,12,f,1,1,2616.1050000009127,Abolishing fraternities,Bathrooms restricted based on biological sex,1,1,2,4,1,1.114155411905895,0,1,1,-0.524308429132186,2,0,2,2,3,2,3,2,-2,2,3,0,Left,2.6161050000009127
16,R_2Yxsaos59MLqKPE,13,j,2,0,2386.3799999998882,Stop police brutality,Ban on ethnic Halloween costumes,-1,1,2,5,2,1.114155411905895,1,1,1,0.2949234913868545,-2,1,3,-1,-4,3,4,-3,3,1,4,1,Right,2.386379999999888
16,R_2Yxsaos59MLqKPE,14,f,1,1,7272.8399999977555,Mask mandates,Lift COVID lockdowns,-1,1,2,4,4,1.114155411905895,-1,3,2,-1.3435403496512264,-2,-1,-1,3,1,1,1,-1,1,3,1,0,Left,7.272839999997755
16,R_2Yxsaos59MLqKPE,15,j,2,0,4127.9950000025565,Abolishing private prisons,Build southern border wall,-1,-1,3,4,2,1.9333873324249353,-1,0,2,-1.3435403496512264,-3,1,4,-4,-4,4,4,-4,4,4,4,1,Right,4.1279950000025565
16,R_2Yxsaos59MLqKPE,16,j,2,0,3182.085000000312,Abolishing private prisons,Affirmative action,-1,1,3,4,2,1.9333873324249353,1,4,1,0.2949234913868545,-3,1,4,-2,0,4,0,-4,4,2,0,1,Right,3.182085000000312
16,R_2Yxsaos59MLqKPE,17,j,2,0,5531.914999999572,Build southern border wall,Abolishing private prisons,-1,1,-1,0,2,-1.3435403496512264,3,4,2,1.9333873324249353,1,3,2,4,4,2,4,-2,2,-4,-4,1,Right,5.531914999999572
16,R_2Yxsaos59MLqKPE,18,j,2,0,2322.6900000008754,Abolishing private prisons,Raise the minimum wage,-1,1,3,4,2,1.9333873324249353,2,3,2,1.114155411905895,-3,2,5,-1,-1,5,1,-5,5,1,1,1,Right,2.3226900000008754
16,R_2Yxsaos59MLqKPE,19,j,2,0,3718.095000000205,Increased Gun regulations,Abolishing private prisons,-1,1,0,3,3,-0.524308429132186,3,4,2,1.9333873324249353,-0,3,3,3,1,3,1,-3,3,-3,-1,1,Right,3.718095000000205
16,R_2Yxsaos59MLqKPE,20,f,1,1,2045.945000001695,Abortion rights,Increased Gun regulations,1,1,2,4,3,1.114155411905895,0,3,3,-0.524308429132186,2,0,2,2,1,2,1,2,-2,2,1,0,Left,2.045945000001695
16,R_2Yxsaos59MLqKPE,21,f,1,1,3275.2049999980954,Stop police brutality,Expel students with white nationlist views,1,-1,2,5,2,1.114155411905895,-1,3,1,-1.3435403496512264,2,1,1,3,2,1,2,1,-1,3,2,0,Left,3.2752049999980954
16,R_2Yxsaos59MLqKPE,22,f,1,1,9121.100000000326,Physician-assisted suicide,Abolishing private prisons,-1,-1,1,4,2,0.2949234913868545,3,4,2,1.9333873324249353,-1,-3,2,-2,0,2,0,2,-2,-2,0,0,Left,9.121100000000325
16,R_2Yxsaos59MLqKPE,23,f,1,1,11913.964999999735,Stop police brutality,Abortion rights,-1,-1,2,5,2,1.114155411905895,2,4,3,1.114155411905895,-2,-2,0,0,1,0,1,0,0,0,1,0,Left,11.913964999999735
16,R_2Yxsaos59MLqKPE,24,j,2,0,3134.654999998049,Ban on ethnic Halloween costumes,Abolishing fraternities,-1,1,1,1,1,0.2949234913868545,2,4,1,1.114155411905895,-1,2,3,1,3,3,3,-3,3,-1,-3,1,Right,3.134654999998049
16,R_2Yxsaos59MLqKPE,25,j,2,0,2431.904999997583,Abolishing private prisons,Legalization of marijuana,-1,-1,3,4,2,1.9333873324249353,1,3,3,0.2949234913868545,-3,-1,2,-2,-1,2,1,-2,2,2,1,1,Right,2.4319049999975832
16,R_2Yxsaos59MLqKPE,26,f,1,1,2065.370000000228,Ban on research with animals,Abolishing private prisons,1,-1,1,6,1,0.2949234913868545,3,4,2,1.9333873324249353,1,-3,4,-2,2,4,2,4,-4,-2,2,0,Left,2.065370000000228
16,R_2Yxsaos59MLqKPE,27,j,2,0,8900.24500000081,Abolishing private prisons,Increased Gun regulations,-1,1,3,4,2,1.9333873324249353,0,3,3,-0.524308429132186,-3,0,3,-3,-1,3,1,-3,3,3,1,1,Right,8.90024500000081
16,R_2Yxsaos59MLqKPE,28,j,2,0,2424.5799999989104,Abolishing private prisons,Ban on ethnic Halloween costumes,-1,1,3,4,2,1.9333873324249353,1,1,1,0.2949234913868545,-3,1,4,-2,-3,4,3,-4,4,2,3,1,Right,2.4245799999989104
16,R_2Yxsaos59MLqKPE,29,j,2,0,2290.304999998538,Ban on ethnic Halloween costumes,Abolishing private prisons,-1,1,1,1,1,0.2949234913868545,3,4,2,1.9333873324249353,-1,3,4,2,3,4,3,-4,4,-2,-3,1,Right,2.2903049999985376
16,R_2Yxsaos59MLqKPE,30,j,2,0,3250.7650000007125,Abolishing fraternities,Ban on ethnic Halloween costumes,-1,-1,2,4,1,1.114155411905895,1,1,1,0.2949234913868545,-2,-1,1,-1,-3,1,3,-1,1,1,3,1,Right,3.2507650000007127
16,R_2Yxsaos59MLqKPE,31,f,1,1,4965.384999999427,Mask mandates,Black Lives Matter,-1,-1,2,4,4,1.114155411905895,1,4,2,0.2949234913868545,-2,-1,-1,1,0,1,0,-1,1,1,0,0,Left,4.9653849999994275
16,R_2Yxsaos59MLqKPE,32,f,1,1,2017.8299999970477,Stop police brutality,Ban on research with animals,1,-1,2,5,2,1.114155411905895,1,6,1,0.2949234913868545,2,-1,3,1,-1,3,1,3,-3,1,-1,0,Left,2.0178299999970477
16,R_2Yxsaos59MLqKPE,33,j,2,0,1596.5250000008382,Stop police brutality,Stop police brutality,-1,1,2,5,2,1.114155411905895,2,5,2,1.114155411905895,-2,2,4,0,0,4,0,-4,4,0,0,1,Right,1.5965250000008382
16,R_2Yxsaos59MLqKPE,34,j,2,0,6293.144999999669,Build southern border wall,Mask mandates,1,-1,-1,0,2,-1.3435403496512264,2,4,4,1.114155411905895,-1,-2,-1,3,4,1,4,1,-1,-3,-4,1,Right,6.29314499999967
16,R_2Yxsaos59MLqKPE,35,j,2,0,1799.8049999986542,Build southern border wall,Stop police brutality,1,1,-1,0,2,-1.3435403496512264,2,5,2,1.114155411905895,-1,2,3,3,5,3,5,-3,3,-3,-5,1,Right,1.7998049999986543
16,R_2Yxsaos59MLqKPE,36,j,2,0,2874.5650000018068,Remove Christopher Columbus statues,Abolishing private prisons,1,1,-1,2,1,-1.3435403496512264,3,4,2,1.9333873324249353,-1,3,4,4,2,4,2,-4,4,-4,-2,1,Right,2.8745650000018066
16,R_2Yxsaos59MLqKPE,37,j,2,0,2070.0700000015786,Physician-assisted suicide,Stop police brutality,-1,1,1,4,2,0.2949234913868545,2,5,2,1.114155411905895,-1,2,3,1,1,3,1,-3,3,-1,-1,1,Right,2.0700700000015786
16,R_2Yxsaos59MLqKPE,38,j,2,0,2020.7399999998743,Raise the minimum wage,Abolishing private prisons,-1,1,2,3,2,1.114155411905895,3,4,2,1.9333873324249353,-2,3,5,1,1,5,1,-5,5,-1,-1,1,Right,2.0207399999998743
16,R_2Yxsaos59MLqKPE,39,j,2,0,2904.230000000214,Detention of migrant children,Abolishing private prisons,-1,1,-1,4,1,-1.3435403496512264,3,4,2,1.9333873324249353,1,3,2,4,0,2,0,-2,2,-4,0,1,Right,2.904230000000214
16,R_2Yxsaos59MLqKPE,40,f,1,1,6045.704999996815,Build southern border wall,Abolishing private prisons,1,-1,-1,0,2,-1.3435403496512264,3,4,2,1.9333873324249353,-1,-3,2,-4,-4,2,4,2,-2,-4,-4,0,Left,6.045704999996815
16,R_2Yxsaos59MLqKPE,41,j,2,0,2960.975000001723,Build southern border wall,Stop police brutality,-1,1,-1,0,2,-1.3435403496512264,2,5,2,1.114155411905895,1,2,1,3,5,1,5,-1,1,-3,-5,1,Right,2.960975000001723
16,R_2Yxsaos59MLqKPE,42,f,1,1,3384.7399999976624,Raise the minimum wage,Stop police brutality,-1,-1,2,3,2,1.114155411905895,2,5,2,1.114155411905895,-2,-2,0,0,-2,0,2,0,0,0,-2,0,Left,3.384739999997662
16,R_2Yxsaos59MLqKPE,43,f,1,1,2565.934999998659,Abortion rights,Build southern border wall,1,-1,2,4,3,1.114155411905895,-1,0,2,-1.3435403496512264,2,1,1,3,4,1,4,1,-1,3,4,0,Left,2.565934999998659
16,R_2Yxsaos59MLqKPE,44,f,1,1,12234.984999999171,Abolishing private prisons,Ban on research with animals,1,1,3,4,2,1.9333873324249353,1,6,1,0.2949234913868545,3,1,2,2,-2,2,2,2,-2,2,-2,0,Left,12.23498499999917
16,R_2Yxsaos59MLqKPE,45,f,1,1,7688.109999999171,Ban on research with animals,Abolishing private prisons,-1,-1,1,6,1,0.2949234913868545,3,4,2,1.9333873324249353,-1,-3,2,-2,2,2,2,2,-2,-2,2,0,Left,7.688109999999171
16,R_2Yxsaos59MLqKPE,46,j,2,0,4432.015000002226,Mask mandates,Cuts to National Parks budget,1,1,2,4,4,1.114155411905895,-1,2,1,-1.3435403496512264,2,-1,-3,-3,-2,3,2,3,-3,3,2,1,Right,4.432015000002226
16,R_2Yxsaos59MLqKPE,47,f,1,1,4223.659999999683,Cuts to National Parks budget,Abolishing private prisons,1,-1,-1,2,1,-1.3435403496512264,3,4,2,1.9333873324249353,-1,-3,2,-4,-2,2,2,2,-2,-4,-2,0,Left,4.2236599999996836
16,R_2Yxsaos59MLqKPE,48,f,1,1,2314.1599999980535,Abolishing fraternities,Ban on ethnic Halloween costumes,1,1,2,4,1,1.114155411905895,1,1,1,0.2949234913868545,2,1,1,1,3,1,3,1,-1,1,3,0,Left,2.3141599999980533
16,R_2Yxsaos59MLqKPE,49,j,2,0,1369.7299999985844,Cuts to National Parks budget,Abortion rights,-1,1,-1,2,1,-1.3435403496512264,2,4,3,1.114155411905895,1,2,1,3,2,1,2,-1,1,-3,-2,1,Right,1.3697299999985844
16,R_2Yxsaos59MLqKPE,50,f,1,1,2402.409999998752,Abolishing private prisons,Bathrooms restricted based on biological sex,1,1,3,4,2,1.9333873324249353,0,1,1,-0.524308429132186,3,0,3,3,3,3,3,3,-3,3,3,0,Left,2.402409999998752
16,R_2Yxsaos59MLqKPE,51,j,2,0,2827.744999998715,Abortion rights,Cuts to National Parks budget,-1,-1,2,4,3,1.114155411905895,-1,2,1,-1.3435403496512264,-2,1,3,-3,-2,3,2,-3,3,3,2,1,Right,2.827744999998715
16,R_2Yxsaos59MLqKPE,52,f,1,1,2328.1499999975786,Mask mandates,Lift COVID lockdowns,1,-1,2,4,4,1.114155411905895,-1,3,2,-1.3435403496512264,2,1,1,3,1,1,1,1,-1,3,1,0,Left,2.3281499999975788
16,R_2Yxsaos59MLqKPE,53,j,2,0,2187.874999999767,Abolishing private prisons,Ban on ethnic Halloween costumes,-1,-1,3,4,2,1.9333873324249353,1,1,1,0.2949234913868545,-3,-1,2,-2,-3,2,3,-2,2,2,3,1,Right,2.1878749999997673
16,R_2Yxsaos59MLqKPE,54,j,2,0,2110.9800000013784,Stop police brutality,Abolishing private prisons,-1,1,2,5,2,1.114155411905895,3,4,2,1.9333873324249353,-2,3,5,1,-1,5,1,-5,5,-1,1,1,Right,2.1109800000013785
16,R_2Yxsaos59MLqKPE,55,f,1,1,3710.890000001993,Expel students with white nationlist views,Stop police brutality,-1,-1,-1,3,1,-1.3435403496512264,2,5,2,1.114155411905895,1,-2,3,-3,-2,3,2,3,-3,-3,-2,0,Left,3.710890000001993
16,R_2Yxsaos59MLqKPE,56,f,1,1,2047.0999999998603,Raise the minimum wage,Mask mandates,1,-1,2,3,2,1.114155411905895,2,4,4,1.114155411905895,2,-2,4,0,-1,4,1,4,-4,0,-1,0,Left,2.0470999999998605
16,R_2Yxsaos59MLqKPE,57,j,2,0,1724.8849999995437,Raise the minimum wage,Stop police brutality,1,1,2,3,2,1.114155411905895,2,5,2,1.114155411905895,2,2,0,0,2,0,2,0,0,0,-2,1,Right,1.7248849999995437
16,R_2Yxsaos59MLqKPE,58,f,1,1,3686.480000000214,Abolishing fraternities,Abolishing private prisons,-1,-1,2,4,1,1.114155411905895,3,4,2,1.9333873324249353,-2,-3,1,-1,0,1,0,1,-1,-1,0,0,Left,3.686480000000214
16,R_2Yxsaos59MLqKPE,59,j,2,0,1627.4750000012573,Increased Gun regulations,Stop police brutality,1,1,0,3,3,-0.524308429132186,2,5,2,1.114155411905895,0,2,2,2,2,2,2,-2,2,-2,-2,1,Right,1.6274750000012572
16,R_2Yxsaos59MLqKPE,60,f,1,1,3960.3249999999534,Mask mandates,Mandatory vaccinations,-1,-1,2,4,4,1.114155411905895,-1,4,2,-1.3435403496512264,-2,1,-3,3,0,3,0,-3,3,3,0,0,Left,3.9603249999999535
16,R_2Yxsaos59MLqKPE,61,f,1,1,3645.6599999982864,Ban on research with animals,Mask mandates,1,1,1,6,1,0.2949234913868545,2,4,4,1.114155411905895,1,2,-1,-1,2,1,2,-1,1,-1,2,0,Left,3.645659999998286
16,R_2Yxsaos59MLqKPE,62,f,1,1,1129.9450000005309,Abortion rights,Stop police brutality,1,-1,2,4,3,1.114155411905895,2,5,2,1.114155411905895,2,-2,4,0,-1,4,1,4,-4,0,-1,0,Left,1.1299450000005309
16,R_2Yxsaos59MLqKPE,63,f,1,1,5089.915000000503,Abolishing private prisons,Stop police brutality,1,1,3,4,2,1.9333873324249353,2,5,2,1.114155411905895,3,2,1,1,-1,1,1,1,-1,1,-1,0,Left,5.089915000000503
16,R_2Yxsaos59MLqKPE,64,j,2,0,3552.379999997327,Bathrooms restricted based on biological sex,Mask mandates,-1,-1,0,1,1,-0.524308429132186,2,4,4,1.114155411905895,-0,-2,-2,2,3,2,3,2,-2,-2,-3,1,Right,3.552379999997327
16,R_2Yxsaos59MLqKPE,65,f,1,1,1663.1649999981746,Stop police brutality,Bathrooms restricted based on biological sex,1,1,2,5,2,1.114155411905895,0,1,1,-0.524308429132186,2,0,2,2,4,2,4,2,-2,2,4,0,Left,1.6631649999981746
16,R_2Yxsaos59MLqKPE,66,j,2,0,1900.779999999795,War on Drugs,Stop police brutality,-1,1,1,3,2,0.2949234913868545,2,5,2,1.114155411905895,-1,2,3,1,2,3,2,-3,3,-1,-2,1,Right,1.9007799999997952
16,R_2Yxsaos59MLqKPE,67,j,2,0,3617.1199999991804,Stop police brutality,Ban on research with animals,1,1,2,5,2,1.114155411905895,1,6,1,0.2949234913868545,2,1,-1,-1,1,1,1,1,-1,1,-1,1,Right,3.6171199999991805
16,R_2Yxsaos59MLqKPE,68,j,2,0,2269.799999998184,"Boycott, Divest, and Sanction Israel",Stop police brutality,1,1,1,4,1,0.2949234913868545,2,5,2,1.114155411905895,1,2,1,1,1,1,1,-1,1,-1,-1,1,Right,2.2697999999981837
16,R_2Yxsaos59MLqKPE,69,j,2,0,3898.399999998277,Ban on research with animals,Abolishing fraternities,-1,-1,1,6,1,0.2949234913868545,2,4,1,1.114155411905895,-1,-2,-1,1,-2,1,2,1,-1,-1,2,1,Right,3.898399999998277
16,R_2Yxsaos59MLqKPE,70,f,1,1,2794.7799999965355,Abolishing private prisons,Legalization of marijuana,1,-1,3,4,2,1.9333873324249353,1,3,3,0.2949234913868545,3,-1,4,2,1,4,1,4,-4,2,1,0,Left,2.7947799999965355
16,R_2Yxsaos59MLqKPE,71,j,2,0,1522.1950000012293,Lift COVID lockdowns,Abortion rights,1,1,-1,3,2,-1.3435403496512264,2,4,3,1.114155411905895,-1,2,3,3,1,3,1,-3,3,-3,-1,1,Right,1.5221950000012294
16,R_2Yxsaos59MLqKPE,72,j,2,0,2031.6700000003912,Abortion rights,Raise the minimum wage,-1,-1,2,4,3,1.114155411905895,2,3,2,1.114155411905895,-2,-2,0,0,-1,0,1,0,0,0,1,1,Right,2.0316700000003913
16,R_2Yxsaos59MLqKPE,73,f,1,1,1783.029999998631,Abolishing private prisons,Mask mandates,1,1,3,4,2,1.9333873324249353,2,4,4,1.114155411905895,3,2,1,1,0,1,0,1,-1,1,0,0,Left,1.783029999998631
16,R_2Yxsaos59MLqKPE,74,j,2,0,3087.260000000242,Abortion rights,Ban on research with animals,-1,1,2,4,3,1.114155411905895,1,6,1,0.2949234913868545,-2,1,3,-1,2,3,2,-3,3,1,-2,1,Right,3.087260000000242
16,R_2Yxsaos59MLqKPE,75,f,1,1,5466.89499999769,Abolishing fraternities,Increased Gun regulations,-1,1,2,4,1,1.114155411905895,0,3,3,-0.524308429132186,-2,0,-2,2,1,2,1,-2,2,2,1,0,Left,5.46689499999769
16,R_2Yxsaos59MLqKPE,76,j,2,0,4569.425000001444,Mandatory vaccinations,Mask mandates,-1,1,-1,4,2,-1.3435403496512264,2,4,4,1.114155411905895,1,2,1,3,0,1,0,-1,1,-3,0,1,Right,4.569425000001443
16,R_2Yxsaos59MLqKPE,77,j,2,0,2369.634999999078,Raise the minimum wage,Mask mandates,-1,1,2,3,2,1.114155411905895,2,4,4,1.114155411905895,-2,2,4,0,1,4,1,-4,4,0,-1,1,Right,2.369634999999078
16,R_2Yxsaos59MLqKPE,78,f,1,1,3191.275000001071,Gun-free campus police,Abolishing fraternities,1,-1,1,3,1,0.2949234913868545,2,4,1,1.114155411905895,1,-2,3,-1,-1,3,1,3,-3,-1,-1,0,Left,3.1912750000010712
16,R_2Yxsaos59MLqKPE,79,j,2,0,3603.5699999993667,Abolishing private prisons,Stop police brutality,-1,-1,3,4,2,1.9333873324249353,2,5,2,1.114155411905895,-3,-2,1,-1,1,1,1,-1,1,1,-1,1,Right,3.6035699999993667
16,R_2Yxsaos59MLqKPE,80,j,2,0,2250.985000002198,Ban on research with animals,Abolishing private prisons,-1,1,1,6,1,0.2949234913868545,3,4,2,1.9333873324249353,-1,3,4,2,-2,4,2,-4,4,-2,2,1,Right,2.250985000002198
16,R_2Yxsaos59MLqKPE,81,f,1,1,2985.8399999975227,Ban on ethnic Halloween costumes,Mask mandates,1,-1,1,1,1,0.2949234913868545,2,4,4,1.114155411905895,1,-2,3,-1,-3,3,3,3,-3,-1,-3,0,Left,2.9858399999975225
16,R_2Yxsaos59MLqKPE,82,f,1,1,1608.7850000003818,Stop police brutality,Abolishing private prisons,1,-1,2,5,2,1.114155411905895,3,4,2,1.9333873324249353,2,-3,5,-1,1,5,1,5,-5,-1,1,0,Left,1.6087850000003818
16,R_2Yxsaos59MLqKPE,83,j,2,0,3808.3600000026636,Abolishing fraternities,Stop police brutality,1,1,2,4,1,1.114155411905895,2,5,2,1.114155411905895,2,2,0,0,1,0,1,0,0,0,-1,1,Right,3.8083600000026636
16,R_2Yxsaos59MLqKPE,84,j,2,0,2710.4949999994133,Abolishing fraternities,Build southern border wall,-1,-1,2,4,1,1.114155411905895,-1,0,2,-1.3435403496512264,-2,1,3,-3,-4,3,4,-3,3,3,4,1,Right,2.7104949999994132
16,R_2Yxsaos59MLqKPE,85,f,1,1,1676.3199999986682,Abolishing private prisons,Cuts to National Parks budget,1,-1,3,4,2,1.9333873324249353,-1,2,1,-1.3435403496512264,3,1,2,4,2,2,2,2,-2,4,2,0,Left,1.6763199999986682
16,R_2Yxsaos59MLqKPE,86,j,2,0,1664.0050000024494,Expel students with white nationlist views,Abolishing private prisons,-1,1,-1,3,1,-1.3435403496512264,3,4,2,1.9333873324249353,1,3,2,4,1,2,1,-2,2,-4,-1,1,Right,1.6640050000024493
16,R_2Yxsaos59MLqKPE,87,f,1,1,2667.385000000708,Mask mandates,Abolishing fraternities,1,-1,2,4,4,1.114155411905895,2,4,1,1.114155411905895,2,-2,4,0,0,4,0,4,-4,0,0,0,Left,2.6673850000007078
16,R_2Yxsaos59MLqKPE,88,f,1,1,2524.570000001462,Abolishing fraternities,Mandatory vaccinations,1,1,2,4,1,1.114155411905895,-1,4,2,-1.3435403496512264,2,-1,3,3,0,3,0,3,-3,3,0,0,Left,2.524570000001462
16,R_2Yxsaos59MLqKPE,89,f,1,1,1639.9899999997579,Stop police brutality,Ban on ethnic Halloween costumes,1,1,2,5,2,1.114155411905895,1,1,1,0.2949234913868545,2,1,1,1,4,1,4,1,-1,1,4,0,Left,1.6399899999997578
16,R_2Yxsaos59MLqKPE,90,f,1,1,1598.8400000021793,Stop police brutality,Remove Christopher Columbus statues,1,-1,2,5,2,1.114155411905895,-1,2,1,-1.3435403496512264,2,1,1,3,3,1,3,1,-1,3,3,0,Left,1.5988400000021792
16,R_2Yxsaos59MLqKPE,91,j,2,0,1377.7200000004377,Remove public Confederate memorials,Abolishing private prisons,-1,1,1,4,1,0.2949234913868545,3,4,2,1.9333873324249353,-1,3,4,2,0,4,0,-4,4,-2,0,1,Right,1.3777200000004377
16,R_2Yxsaos59MLqKPE,92,j,2,0,2035.8549999983516,Stop police brutality,Raise the minimum wage,-1,1,2,5,2,1.114155411905895,2,3,2,1.114155411905895,-2,2,4,0,-2,4,2,-4,4,0,2,1,Right,2.0358549999983517
16,R_2Yxsaos59MLqKPE,93,j,2,0,1546.994999997085,Remove Christopher Columbus statues,Stop police brutality,1,1,-1,2,1,-1.3435403496512264,2,5,2,1.114155411905895,-1,2,3,3,3,3,3,-3,3,-3,-3,1,Right,1.546994999997085
16,R_2Yxsaos59MLqKPE,94,f,1,1,2087.769999998389,Gun-free campus police,Abolishing private prisons,1,-1,1,3,1,0.2949234913868545,3,4,2,1.9333873324249353,1,-3,4,-2,-1,4,1,4,-4,-2,-1,0,Left,2.0877699999983887
16,R_2Yxsaos59MLqKPE,95,f,1,1,1414.4100000010803,Stop police brutality,Raise the minimum wage,1,-1,2,5,2,1.114155411905895,2,3,2,1.114155411905895,2,-2,4,0,2,4,2,4,-4,0,2,0,Left,1.4144100000010804
16,R_2Yxsaos59MLqKPE,96,j,2,0,3925.139999999432,Stop police brutality,Gun-free campus police,-1,-1,2,5,2,1.114155411905895,1,3,1,0.2949234913868545,-2,-1,1,-1,-2,1,2,-1,1,1,2,1,Right,3.925139999999432
16,R_2Yxsaos59MLqKPE,97,j,2,0,2334.7700000014156,Abolishing private prisons,Remove Christopher Columbus statues,-1,-1,3,4,2,1.9333873324249353,-1,2,1,-1.3435403496512264,-3,1,4,-4,-2,4,2,-4,4,4,2,1,Right,2.3347700000014155
16,R_2Yxsaos59MLqKPE,98,f,1,1,1948.950000001816,Abolishing private prisons,Build southern border wall,1,1,3,4,2,1.9333873324249353,-1,0,2,-1.3435403496512264,3,-1,4,4,4,4,4,4,-4,4,4,0,Left,1.948950000001816
16,R_2Yxsaos59MLqKPE,99,f,1,1,1741.6900000025053,Stop police brutality,Ban on ethnic Halloween costumes,1,-1,2,5,2,1.114155411905895,1,1,1,0.2949234913868545,2,-1,3,1,4,3,4,3,-3,1,4,0,Left,1.7416900000025053
16,R_2Yxsaos59MLqKPE,100,j,2,0,1752.905000001192,Raise the minimum wage,Abolishing private prisons,1,1,2,3,2,1.114155411905895,3,4,2,1.9333873324249353,2,3,1,1,1,1,1,-1,1,-1,-1,1,Right,1.752905000001192
12,R_2tbPVD1DV0HLe3w,1,j,2,0,1432.1999999284744,Mandatory vaccinations,Ban on research with animals,1,-1,2,7,2,0.16666666666666682,3,5,3,1.023809523809524,2,-3,-5,1,-2,5,2,5,-5,-1,2,1,Right,1.4321999999284745
12,R_2tbPVD1DV0HLe3w,2,j,2,0,3582.5,"Boycott, Divest, and Sanction Israel",Abolishing private prisons,1,1,3,5,3,1.023809523809524,3,6,3,1.023809523809524,3,3,0,0,1,0,1,0,0,0,-1,1,Right,3.5825
12,R_2tbPVD1DV0HLe3w,3,j,2,0,20010.5,Mandatory drug tests for welfare recipients,Ban on research with animals,-1,1,2,6,2,0.16666666666666682,3,5,3,1.023809523809524,-2,3,5,1,-1,5,1,-5,5,-1,1,1,Right,20.0105
12,R_2tbPVD1DV0HLe3w,4,j,2,0,6690.900000095367,Mask mandates,Raise the minimum wage,1,-1,3,7,3,1.023809523809524,2,4,4,0.16666666666666682,3,-2,-5,-1,-3,5,3,5,-5,1,3,1,Right,6.690900000095367
12,R_2tbPVD1DV0HLe3w,5,j,2,0,2268.2000000476837,Raise the minimum wage,Mask mandates,1,1,2,4,4,0.16666666666666682,3,7,3,1.023809523809524,2,3,1,1,3,1,3,-1,1,-1,-3,1,Right,2.268200000047684
12,R_2tbPVD1DV0HLe3w,6,j,2,0,4118.699999928474,Student worker unionization,Religious exemptions for discrimination laws,1,1,2,5,4,0.16666666666666682,3,5,3,1.023809523809524,2,3,1,1,0,1,0,-1,1,-1,0,1,Right,4.118699999928475
12,R_2tbPVD1DV0HLe3w,7,j,2,0,3752.5,Affirmative action,U.S. drone strikes in Afghanistan,-1,1,3,7,3,1.023809523809524,2,6,2,0.16666666666666682,-3,2,5,-1,-1,5,1,-5,5,1,1,1,Right,3.7525
12,R_2tbPVD1DV0HLe3w,8,j,2,0,2182.7000000476837,Mask mandates,Abolishing fraternities,1,-1,3,7,3,1.023809523809524,-1,5,3,-2.4047619047619047,3,1,-2,-4,-2,2,2,2,-2,4,2,1,Right,2.1827000000476837
12,R_2tbPVD1DV0HLe3w,9,j,2,0,8248.600000023842,Hardening schools/Arming teachers,Increased Gun regulations,-1,1,3,6,3,1.023809523809524,1,5,3,-0.6904761904761902,-3,1,4,-2,-1,4,1,-4,4,2,1,1,Right,8.248600000023842
12,R_2tbPVD1DV0HLe3w,10,j,2,0,3029.3000000715256,Tuition increases,Hardening schools/Arming teachers,-1,1,0,6,3,-1.5476190476190474,3,6,3,1.023809523809524,-0,3,3,3,0,3,0,-3,3,-3,0,1,Right,3.0293000000715256
12,R_2tbPVD1DV0HLe3w,11,j,2,0,2267.2999999523163,Climate change legislation,Cuts to National Parks budget,1,1,3,6,3,1.023809523809524,2,7,2,0.16666666666666682,3,2,-1,-1,1,1,1,1,-1,1,-1,1,Right,2.2672999999523165
12,R_2tbPVD1DV0HLe3w,12,f,1,1,10956.899999976158,Abortion rights,Defund the police,1,1,3,5,3,1.023809523809524,2,7,2,0.16666666666666682,3,2,1,1,-2,1,2,1,-1,1,-2,0,Left,10.956899999976159
12,R_2tbPVD1DV0HLe3w,13,j,2,0,599.0999999046326,Hardening schools/Arming teachers,Raise the minimum wage,-1,-1,3,6,3,1.023809523809524,2,4,4,0.16666666666666682,-3,-2,1,-1,-2,1,2,-1,1,1,2,1,Right,0.5990999999046326
12,R_2tbPVD1DV0HLe3w,14,f,1,1,1030.1000000238419,On campus concealed carry,"Boycott, Divest, and Sanction Israel",-1,1,0,5,3,-1.5476190476190474,3,5,3,1.023809523809524,-0,3,-3,-3,0,3,0,-3,3,-3,0,0,Left,1.0301000000238418
12,R_2tbPVD1DV0HLe3w,15,j,2,0,2643.100000023842,Mask mandates,Student worker unionization,-1,-1,3,7,3,1.023809523809524,2,5,4,0.16666666666666682,-3,-2,1,-1,-2,1,2,-1,1,1,2,1,Right,2.643100000023842
12,R_2tbPVD1DV0HLe3w,16,j,2,0,4187.600000023842,Affirmative action,University Campus should be a Sanctuary,1,-1,3,7,3,1.023809523809524,1,7,3,-0.6904761904761902,3,-1,-4,-2,0,4,0,4,-4,2,0,1,Right,4.187600000023842
12,R_2tbPVD1DV0HLe3w,17,f,1,1,2564.600000023842,Affirmative action,Remove public Confederate memorials,1,-1,3,7,3,1.023809523809524,2,6,2,0.16666666666666682,3,-2,5,1,1,5,1,5,-5,1,1,0,Left,2.564600000023842
12,R_2tbPVD1DV0HLe3w,18,f,1,1,1273,Hardening schools/Arming teachers,Tuition increases,-1,-1,3,6,3,1.023809523809524,0,6,3,-1.5476190476190474,-3,-0,-3,3,0,3,0,-3,3,3,0,0,Left,1.273
12,R_2tbPVD1DV0HLe3w,19,j,2,0,854.1999999284744,Defund Planned Parenthood,Climate change legislation,-1,1,3,6,3,1.023809523809524,3,6,3,1.023809523809524,-3,3,6,0,0,6,0,-6,6,0,0,1,Right,0.8541999999284744
12,R_2tbPVD1DV0HLe3w,20,j,2,0,1637.0999999046326,Build southern border wall,Climate change legislation,1,1,0,5,3,-1.5476190476190474,3,6,3,1.023809523809524,0,3,3,3,1,3,1,-3,3,-3,-1,1,Right,1.6370999999046325
12,R_2tbPVD1DV0HLe3w,21,f,1,1,2863.7999999523163,Safe injection locations,War on Drugs,1,1,3,6,3,1.023809523809524,1,6,2,-0.6904761904761902,3,1,2,2,0,2,0,2,-2,2,0,0,Left,2.8637999999523163
12,R_2tbPVD1DV0HLe3w,22,j,2,0,1025.2000000476837,Affirmative action,Mandatory trigger warnings,1,1,3,7,3,1.023809523809524,2,5,2,0.16666666666666682,3,2,-1,-1,-2,1,2,1,-1,1,2,1,Right,1.0252000000476837
12,R_2tbPVD1DV0HLe3w,23,f,1,1,1556.3000000715256,Abortion rights,Physician-assisted suicide,-1,1,3,5,3,1.023809523809524,1,6,2,-0.6904761904761902,-3,1,-4,2,-1,4,1,-4,4,2,-1,0,Left,1.5563000000715255
12,R_2tbPVD1DV0HLe3w,24,j,2,0,1937.3999999761581,Abortion rights,Physician-assisted suicide,-1,-1,3,5,3,1.023809523809524,1,6,2,-0.6904761904761902,-3,-1,2,-2,1,2,1,-2,2,2,-1,1,Right,1.9373999999761582
12,R_2tbPVD1DV0HLe3w,25,j,2,0,1873.8999999761581,Safe injection locations,Raise the minimum wage,1,1,3,6,3,1.023809523809524,2,4,4,0.16666666666666682,3,2,-1,-1,-2,1,2,1,-1,1,2,1,Right,1.873899999976158
12,R_2tbPVD1DV0HLe3w,26,f,1,1,1328.8999999761581,Climate change legislation,Affirmative action,1,1,3,6,3,1.023809523809524,3,7,3,1.023809523809524,3,3,0,0,-1,0,1,0,0,0,-1,0,Left,1.3288999999761582
12,R_2tbPVD1DV0HLe3w,27,f,1,1,2462.7000000476837,Climate change legislation,Mandatory training on sexual consent,-1,1,3,6,3,1.023809523809524,1,7,3,-0.6904761904761902,-3,1,-4,2,-1,4,1,-4,4,2,-1,0,Left,2.4627000000476835
12,R_2tbPVD1DV0HLe3w,28,j,2,0,1672.8000000715256,Student worker unionization,Religious exemptions for discrimination laws,1,-1,2,5,4,0.16666666666666682,3,5,3,1.023809523809524,2,-3,-5,1,0,5,0,5,-5,-1,0,1,Right,1.6728000000715255
12,R_2tbPVD1DV0HLe3w,29,j,2,0,2383.2000000476837,Raise the minimum wage,"Boycott, Divest, and Sanction Israel",-1,-1,2,4,4,0.16666666666666682,3,5,3,1.023809523809524,-2,-3,-1,1,1,1,1,1,-1,-1,-1,1,Right,2.3832000000476836
12,R_2tbPVD1DV0HLe3w,30,f,1,1,1901.1000000238419,Physician-assisted suicide,Ban on research with animals,1,1,1,6,2,-0.6904761904761902,3,5,3,1.023809523809524,1,3,-2,-2,1,2,1,-2,2,-2,1,0,Left,1.9011000000238418
12,R_2tbPVD1DV0HLe3w,31,f,1,1,2156.8000000715256,Physician-assisted suicide,Abolishing private prisons,1,-1,1,6,2,-0.6904761904761902,3,6,3,1.023809523809524,1,-3,4,-2,0,4,0,4,-4,-2,0,0,Left,2.1568000000715255
12,R_2tbPVD1DV0HLe3w,32,j,2,0,4317.800000071526,Abortion rights,Mandatory training on sexual consent,1,1,3,5,3,1.023809523809524,1,7,3,-0.6904761904761902,3,1,-2,-2,2,2,2,2,-2,2,-2,1,Right,4.317800000071526
12,R_2tbPVD1DV0HLe3w,33,f,1,1,3523.3000000715256,Detention of migrant children,Expel students with white nationlist views,-1,-1,2,6,2,0.16666666666666682,3,6,3,1.023809523809524,-2,-3,1,-1,0,1,0,1,-1,-1,0,0,Left,3.5233000000715258
12,R_2tbPVD1DV0HLe3w,34,j,2,0,1445.2000000476837,Legalization of marijuana,Affirmative action,1,1,-1,5,3,-2.4047619047619047,3,7,3,1.023809523809524,-1,3,4,4,2,4,2,-4,4,-4,-2,1,Right,1.4452000000476837
12,R_2tbPVD1DV0HLe3w,35,f,1,1,2106.4000000953674,Mask mandates,Abortion rights,1,-1,3,7,3,1.023809523809524,3,5,3,1.023809523809524,3,-3,6,0,2,6,2,6,-6,0,2,0,Left,2.1064000000953675
12,R_2tbPVD1DV0HLe3w,36,f,1,1,2224.7000000476837,Student worker unionization,Expel students with white nationlist views,-1,1,2,5,4,0.16666666666666682,3,6,3,1.023809523809524,-2,3,-5,-1,-1,5,1,-5,5,-1,-1,0,Left,2.2247000000476835
12,R_2tbPVD1DV0HLe3w,37,j,2,0,2980.399999976158,Mask mandates,On campus concealed carry,1,-1,3,7,3,1.023809523809524,0,5,3,-1.5476190476190474,3,-0,-3,-3,-2,3,2,3,-3,3,2,1,Right,2.980399999976158
12,R_2tbPVD1DV0HLe3w,38,j,2,0,1433.2000000476837,Gun-free campus police,Abortion rights,-1,-1,1,7,2,-0.6904761904761902,3,5,3,1.023809523809524,-1,-3,-2,2,-2,2,2,2,-2,-2,2,1,Right,1.4332000000476837
12,R_2tbPVD1DV0HLe3w,39,f,1,1,1651.8000000715256,Remove public Confederate memorials,Expel students with white nationlist views,1,-1,2,6,2,0.16666666666666682,3,6,3,1.023809523809524,2,-3,5,-1,0,5,0,5,-5,-1,0,0,Left,1.6518000000715256
12,R_2tbPVD1DV0HLe3w,40,j,2,0,2083.5,Student worker unionization,Affirmative action,-1,1,2,5,4,0.16666666666666682,3,7,3,1.023809523809524,-2,3,5,1,2,5,2,-5,5,-1,-2,1,Right,2.0835
12,R_2tbPVD1DV0HLe3w,41,f,1,1,1614.2999999523163,Detention of migrant children,Safe injection locations,1,1,2,6,2,0.16666666666666682,3,6,3,1.023809523809524,2,3,-1,-1,0,1,0,-1,1,-1,0,0,Left,1.6142999999523162
12,R_2tbPVD1DV0HLe3w,42,f,1,1,2154.9000000953674,Expel students with white nationlist views,Ban on research with animals,1,-1,3,6,3,1.023809523809524,3,5,3,1.023809523809524,3,-3,6,0,1,6,1,6,-6,0,1,0,Left,2.1549000000953673
12,R_2tbPVD1DV0HLe3w,43,j,2,0,2398.2999999523163,Remove Christopher Columbus statues,Defund Planned Parenthood,-1,-1,1,5,2,-0.6904761904761902,3,6,3,1.023809523809524,-1,-3,-2,2,1,2,1,2,-2,-2,-1,1,Right,2.3982999999523162
12,R_2tbPVD1DV0HLe3w,44,f,1,1,1902.3999999761581,Affirmative action,Mandatory drug tests for welfare recipients,1,1,3,7,3,1.023809523809524,2,6,2,0.16666666666666682,3,2,1,1,1,1,1,1,-1,1,1,0,Left,1.902399999976158
12,R_2tbPVD1DV0HLe3w,45,j,2,0,1112.3000000715256,Gun-free campus police,"Boycott, Divest, and Sanction Israel",-1,1,1,7,2,-0.6904761904761902,3,5,3,1.023809523809524,-1,3,4,2,-2,4,2,-4,4,-2,2,1,Right,1.1123000000715255
12,R_2tbPVD1DV0HLe3w,46,f,1,1,1867.5,"Boycott, Divest, and Sanction Israel","Boycott, Divest, and Sanction Israel",1,-1,3,5,3,1.023809523809524,3,5,3,1.023809523809524,3,-3,6,0,0,6,0,6,-6,0,0,0,Left,1.8675
12,R_2tbPVD1DV0HLe3w,47,f,1,1,2032,Affirmative action,War on Drugs,1,-1,3,7,3,1.023809523809524,1,6,2,-0.6904761904761902,3,-1,4,2,1,4,1,4,-4,2,1,0,Left,2.032
12,R_2tbPVD1DV0HLe3w,48,f,1,1,2354.7000000476837,Ban on research with animals,Affirmative action,-1,-1,3,5,3,1.023809523809524,3,7,3,1.023809523809524,-3,-3,0,0,-2,0,2,0,0,0,-2,0,Left,2.354700000047684
12,R_2tbPVD1DV0HLe3w,49,f,1,1,2112.5,Mandatory trigger warnings,Abortion rights,-1,1,2,5,2,0.16666666666666682,3,5,3,1.023809523809524,-2,3,-5,-1,0,5,0,-5,5,-1,0,0,Left,2.1125
12,R_2tbPVD1DV0HLe3w,50,j,2,0,2046.6999999284744,Tuition increases,Ban on research with animals,1,1,0,6,3,-1.5476190476190474,3,5,3,1.023809523809524,0,3,3,3,-1,3,1,-3,3,-3,1,1,Right,2.0466999999284745
12,R_2tbPVD1DV0HLe3w,51,f,1,1,1513.2000000476837,Mask mandates,Expel students with white nationlist views,1,-1,3,7,3,1.023809523809524,3,6,3,1.023809523809524,3,-3,6,0,1,6,1,6,-6,0,1,0,Left,1.5132000000476837
12,R_2tbPVD1DV0HLe3w,52,f,1,1,1372.3000000715256,Mandatory training on sexual consent,"Boycott, Divest, and Sanction Israel",1,-1,1,7,3,-0.6904761904761902,3,5,3,1.023809523809524,1,-3,4,-2,2,4,2,4,-4,-2,2,0,Left,1.3723000000715255
12,R_2tbPVD1DV0HLe3w,53,j,2,0,2055.100000023842,Climate change legislation,"Boycott, Divest, and Sanction Israel",-1,1,3,6,3,1.023809523809524,3,5,3,1.023809523809524,-3,3,6,0,-1,6,1,-6,6,0,1,1,Right,2.0551000000238417
12,R_2tbPVD1DV0HLe3w,54,f,1,1,1859.5999999046326,Raise the minimum wage,Safe injection locations,-1,1,2,4,4,0.16666666666666682,3,6,3,1.023809523809524,-2,3,-5,-1,-2,5,2,-5,5,-1,-2,0,Left,1.8595999999046327
12,R_2tbPVD1DV0HLe3w,55,j,2,0,1528.6000000238419,Mask mandates,Cuts to National Parks budget,1,1,3,7,3,1.023809523809524,2,7,2,0.16666666666666682,3,2,-1,-1,0,1,0,1,-1,1,0,1,Right,1.5286000000238418
12,R_2tbPVD1DV0HLe3w,56,j,2,0,2047.7000000476837,Remove Christopher Columbus statues,Expel students with white nationlist views,1,1,1,5,2,-0.6904761904761902,3,6,3,1.023809523809524,1,3,2,2,1,2,1,-2,2,-2,-1,1,Right,2.047700000047684
12,R_2tbPVD1DV0HLe3w,57,f,1,1,1198,Dorms determined by gender identity,Affirmative action,1,-1,2,5,3,0.16666666666666682,3,7,3,1.023809523809524,2,-3,5,-1,-2,5,2,5,-5,-1,-2,0,Left,1.198
12,R_2tbPVD1DV0HLe3w,58,j,2,0,1904.3999999761581,Mandatory vaccinations,Ban on research with animals,-1,-1,2,7,2,0.16666666666666682,3,5,3,1.023809523809524,-2,-3,-1,1,-2,1,2,1,-1,-1,2,1,Right,1.904399999976158
12,R_2tbPVD1DV0HLe3w,59,f,1,1,1869.3999999761581,Raise the minimum wage,Abortion rights,1,1,2,4,4,0.16666666666666682,3,5,3,1.023809523809524,2,3,-1,-1,-1,1,1,-1,1,-1,-1,0,Left,1.8693999999761581
12,R_2tbPVD1DV0HLe3w,60,f,1,1,2332.399999976158,Mask mandates,Defund the police,1,-1,3,7,3,1.023809523809524,2,7,2,0.16666666666666682,3,-2,5,1,0,5,0,5,-5,1,0,0,Left,2.332399999976158
12,R_2tbPVD1DV0HLe3w,61,f,1,1,2123.5,Religious exemptions for discrimination laws,On campus concealed carry,-1,-1,3,5,3,1.023809523809524,0,5,3,-1.5476190476190474,-3,-0,-3,3,0,3,0,-3,3,3,0,0,Left,2.1235
12,R_2tbPVD1DV0HLe3w,62,j,2,0,1952,Hardening schools/Arming teachers,Mandatory vaccinations,-1,-1,3,6,3,1.023809523809524,2,7,2,0.16666666666666682,-3,-2,1,-1,1,1,1,-1,1,1,-1,1,Right,1.952
12,R_2tbPVD1DV0HLe3w,63,j,2,0,2279.399999976158,Raise the minimum wage,Religious exemptions for discrimination laws,-1,1,2,4,4,0.16666666666666682,3,5,3,1.023809523809524,-2,3,5,1,1,5,1,-5,5,-1,-1,1,Right,2.279399999976158
12,R_2tbPVD1DV0HLe3w,64,j,2,0,1887.6000000238419,Mask mandates,Ban on research with animals,1,1,3,7,3,1.023809523809524,3,5,3,1.023809523809524,3,3,0,0,-2,0,2,0,0,0,2,1,Right,1.8876000000238418
12,R_2tbPVD1DV0HLe3w,65,j,2,0,1874.7000000476837,Expel students with white nationlist views,Raise the minimum wage,-1,1,3,6,3,1.023809523809524,2,4,4,0.16666666666666682,-3,2,5,-1,-2,5,2,-5,5,1,2,1,Right,1.8747000000476837
12,R_2tbPVD1DV0HLe3w,66,f,1,1,2186,Abortion rights,Tuition increases,-1,-1,3,5,3,1.023809523809524,0,6,3,-1.5476190476190474,-3,-0,-3,3,-1,3,1,-3,3,3,-1,0,Left,2.186
12,R_2tbPVD1DV0HLe3w,67,f,1,1,1247.5,Defund Planned Parenthood,Mandatory trigger warnings,1,1,3,6,3,1.023809523809524,2,5,2,0.16666666666666682,3,2,1,1,1,1,1,1,-1,1,1,0,Left,1.2475
12,R_2tbPVD1DV0HLe3w,68,j,2,0,1315.5,Affirmative action,Religious exemptions for discrimination laws,-1,1,3,7,3,1.023809523809524,3,5,3,1.023809523809524,-3,3,6,0,-2,6,2,-6,6,0,2,1,Right,1.3155
12,R_2tbPVD1DV0HLe3w,69,f,1,1,1248.6000000238419,Defund the police,Climate change legislation,-1,1,2,7,2,0.16666666666666682,3,6,3,1.023809523809524,-2,3,-5,-1,1,5,1,-5,5,-1,1,0,Left,1.2486000000238417
12,R_2tbPVD1DV0HLe3w,70,j,2,0,1994,Religious exemptions for discrimination laws,Remove Christopher Columbus statues,1,-1,3,5,3,1.023809523809524,1,5,2,-0.6904761904761902,3,-1,-4,-2,0,4,0,4,-4,2,0,1,Right,1.994
12,R_2tbPVD1DV0HLe3w,71,f,1,1,1728.5,Remove public Confederate memorials,"Boycott, Divest, and Sanction Israel",1,-1,2,6,2,0.16666666666666682,3,5,3,1.023809523809524,2,-3,5,-1,1,5,1,5,-5,-1,1,0,Left,1.7285
12,R_2tbPVD1DV0HLe3w,72,j,2,0,1013.6000000238419,Gun-free campus police,Climate change legislation,-1,1,1,7,2,-0.6904761904761902,3,6,3,1.023809523809524,-1,3,4,2,-1,4,1,-4,4,-2,1,1,Right,1.0136000000238419
12,R_2tbPVD1DV0HLe3w,73,f,1,1,1348.7000000476837,Student worker unionization,Ban on research with animals,-1,-1,2,5,4,0.16666666666666682,3,5,3,1.023809523809524,-2,-3,1,-1,0,1,0,1,-1,-1,0,0,Left,1.3487000000476836
12,R_2tbPVD1DV0HLe3w,74,f,1,1,1100.7999999523163,Remove Christopher Columbus statues,Ban on research with animals,1,1,1,5,2,-0.6904761904761902,3,5,3,1.023809523809524,1,3,-2,-2,0,2,0,-2,2,-2,0,0,Left,1.1007999999523164
12,R_2tbPVD1DV0HLe3w,75,j,2,0,1890.7999999523163,Mask mandates,Detention of migrant children,-1,-1,3,7,3,1.023809523809524,2,6,2,0.16666666666666682,-3,-2,1,-1,-1,1,1,-1,1,1,1,1,Right,1.8907999999523162
12,R_2tbPVD1DV0HLe3w,76,f,1,1,1013.7000000476837,Religious exemptions for discrimination laws,Ban on ethnic Halloween costumes,1,1,3,5,3,1.023809523809524,2,6,2,0.16666666666666682,3,2,1,1,-1,1,1,1,-1,1,-1,0,Left,1.0137000000476837
12,R_2tbPVD1DV0HLe3w,77,j,2,0,1859.8999999761581,Abortion rights,Physician-assisted suicide,1,-1,3,5,3,1.023809523809524,1,6,2,-0.6904761904761902,3,-1,-4,-2,1,4,1,4,-4,2,-1,1,Right,1.859899999976158
12,R_2tbPVD1DV0HLe3w,78,j,2,0,1462.2000000476837,"Boycott, Divest, and Sanction Israel",Raise the minimum wage,-1,1,3,5,3,1.023809523809524,2,4,4,0.16666666666666682,-3,2,5,-1,-1,5,1,-5,5,1,1,1,Right,1.4622000000476838
12,R_2tbPVD1DV0HLe3w,79,j,2,0,2130,Tuition increases,Mask mandates,1,1,0,6,3,-1.5476190476190474,3,7,3,1.023809523809524,0,3,3,3,1,3,1,-3,3,-3,-1,1,Right,2.13
12,R_2tbPVD1DV0HLe3w,80,j,2,0,3684.899999976158,Mask mandates,Mandatory vaccinations,-1,1,3,7,3,1.023809523809524,2,7,2,0.16666666666666682,-3,2,5,-1,0,5,0,-5,5,1,0,1,Right,3.684899999976158
12,R_2tbPVD1DV0HLe3w,81,f,1,1,1742.8999999761581,Climate change legislation,Mandatory trigger warnings,-1,-1,3,6,3,1.023809523809524,2,5,2,0.16666666666666682,-3,-2,-1,1,1,1,1,-1,1,1,1,0,Left,1.742899999976158
12,R_2tbPVD1DV0HLe3w,82,f,1,1,2333.5,Religious exemptions for discrimination laws,Abolishing fraternities,-1,-1,3,5,3,1.023809523809524,-1,5,3,-2.4047619047619047,-3,1,-4,4,0,4,0,-4,4,4,0,0,Left,2.3335
12,R_2tbPVD1DV0HLe3w,83,j,2,0,1287.2000000476837,Religious exemptions for discrimination laws,Defund the police,1,-1,3,5,3,1.023809523809524,2,7,2,0.16666666666666682,3,-2,-5,-1,2,5,2,5,-5,1,-2,1,Right,1.2872000000476838
12,R_2tbPVD1DV0HLe3w,84,f,1,1,1938,Mandatory drug tests for welfare recipients,Expel students with white nationlist views,-1,1,2,6,2,0.16666666666666682,3,6,3,1.023809523809524,-2,3,-5,-1,0,5,0,-5,5,-1,0,0,Left,1.938
12,R_2tbPVD1DV0HLe3w,85,j,2,0,1474,Increased Gun regulations,Abortion rights,-1,-1,1,5,3,-0.6904761904761902,3,5,3,1.023809523809524,-1,-3,-2,2,0,2,0,2,-2,-2,0,1,Right,1.474
12,R_2tbPVD1DV0HLe3w,86,j,2,0,2305.1999999284744,On campus concealed carry,Defund Planned Parenthood,-1,-1,0,5,3,-1.5476190476190474,3,6,3,1.023809523809524,-0,-3,-3,3,1,3,1,3,-3,-3,-1,1,Right,2.3051999999284742
12,R_2tbPVD1DV0HLe3w,87,j,2,0,2432.2999999523163,Ban on research with animals,Safe injection locations,-1,-1,3,5,3,1.023809523809524,3,6,3,1.023809523809524,-3,-3,0,0,1,0,1,0,0,0,-1,1,Right,2.4322999999523165
12,R_2tbPVD1DV0HLe3w,88,f,1,1,2477.399999976158,Abolishing private prisons,Dorms determined by gender identity,-1,1,3,6,3,1.023809523809524,2,5,3,0.16666666666666682,-3,2,-5,1,1,5,1,-5,5,1,1,0,Left,2.477399999976158
12,R_2tbPVD1DV0HLe3w,89,j,2,0,1655.2000000476837,Remove public Confederate memorials,"Boycott, Divest, and Sanction Israel",-1,-1,2,6,2,0.16666666666666682,3,5,3,1.023809523809524,-2,-3,-1,1,-1,1,1,1,-1,-1,1,1,Right,1.6552000000476836
12,R_2tbPVD1DV0HLe3w,90,j,2,0,1821.8999999761581,Climate change legislation,Remove Christopher Columbus statues,1,-1,3,6,3,1.023809523809524,1,5,2,-0.6904761904761902,3,-1,-4,-2,-1,4,1,4,-4,2,1,1,Right,1.821899999976158
12,R_2tbPVD1DV0HLe3w,91,j,2,0,2259.7000000476837,Affirmative action,Mask mandates,-1,1,3,7,3,1.023809523809524,3,7,3,1.023809523809524,-3,3,6,0,0,6,0,-6,6,0,0,1,Right,2.2597000000476837
12,R_2tbPVD1DV0HLe3w,92,f,1,1,2262.9000000953674,Climate change legislation,Mask mandates,-1,-1,3,6,3,1.023809523809524,3,7,3,1.023809523809524,-3,-3,0,0,-1,0,1,0,0,0,-1,0,Left,2.2629000000953674
12,R_2tbPVD1DV0HLe3w,93,j,2,0,2201.8000000715256,Affirmative action,War on Drugs,1,1,3,7,3,1.023809523809524,1,6,2,-0.6904761904761902,3,1,-2,-2,-1,2,1,2,-2,2,1,1,Right,2.2018000000715254
12,R_2tbPVD1DV0HLe3w,94,j,2,0,1866.7000000476837,War on Drugs,Hardening schools/Arming teachers,-1,-1,1,6,2,-0.6904761904761902,3,6,3,1.023809523809524,-1,-3,-2,2,0,2,0,2,-2,-2,0,1,Right,1.8667000000476837
12,R_2tbPVD1DV0HLe3w,95,j,2,0,2435,Mandatory training on sexual consent,Affirmative action,1,1,1,7,3,-0.6904761904761902,3,7,3,1.023809523809524,1,3,2,2,0,2,0,-2,2,-2,0,1,Right,2.435
12,R_2tbPVD1DV0HLe3w,96,j,2,0,3273.600000023842,Mandatory training on sexual consent,Defund Planned Parenthood,-1,-1,1,7,3,-0.6904761904761902,3,6,3,1.023809523809524,-1,-3,-2,2,-1,2,1,2,-2,-2,1,1,Right,3.273600000023842
12,R_2tbPVD1DV0HLe3w,97,j,2,0,535.9000000953674,Defund Planned Parenthood,Mandatory training on sexual consent,1,1,3,6,3,1.023809523809524,1,7,3,-0.6904761904761902,3,1,-2,-2,1,2,1,2,-2,2,-1,1,Right,0.5359000000953674
12,R_2tbPVD1DV0HLe3w,98,f,1,1,4051.1999999284744,Defund the police,Hardening schools/Arming teachers,1,-1,2,7,2,0.16666666666666682,3,6,3,1.023809523809524,2,-3,5,-1,1,5,1,5,-5,-1,1,0,Left,4.051199999928475
12,R_2tbPVD1DV0HLe3w,99,j,2,0,1601,Defund Planned Parenthood,Affirmative action,1,-1,3,6,3,1.023809523809524,3,7,3,1.023809523809524,3,-3,-6,0,1,6,1,6,-6,0,-1,1,Right,1.601
12,R_2tbPVD1DV0HLe3w,100,f,1,1,1694.3999999761581,Abolishing private prisons,Physician-assisted suicide,1,-1,3,6,3,1.023809523809524,1,6,2,-0.6904761904761902,3,-1,4,2,0,4,0,4,-4,2,0,0,Left,1.694399999976158
11,R_2t56Fwl8ddfXWCS,1,j,2,0,1013.3000000119209,Hardening schools/Arming teachers,Dorms determined by gender identity,1,1,0,6,3,-1.5583874449479593,1,5,2,0.25973124082465976,0,1,1,1,-1,1,1,-1,1,-1,1,1,Right,1.013300000011921
11,R_2t56Fwl8ddfXWCS,2,f,1,1,4797.300000011921,Defund Planned Parenthood,Increased Gun regulations,-1,-1,2,3,2,2.077849926597279,1,7,2,0.25973124082465976,-2,-1,-1,1,-4,1,4,-1,1,1,-4,0,Left,4.797300000011921
11,R_2t56Fwl8ddfXWCS,3,j,2,0,3366.100000023842,Affirmative action,Raise the minimum wage,1,1,1,6,1,0.25973124082465976,2,5,2,2.077849926597279,1,2,1,1,-1,1,1,-1,1,-1,1,1,Right,3.3661000000238417
11,R_2t56Fwl8ddfXWCS,4,j,2,0,4611.699999988079,Raise the minimum wage,Defund Planned Parenthood,1,1,2,5,2,2.077849926597279,2,3,2,2.077849926597279,2,2,0,0,-2,0,2,0,0,0,2,1,Right,4.611699999988079
11,R_2t56Fwl8ddfXWCS,5,j,2,0,4947.600000023842,Mask mandates,Increased Gun regulations,-1,-1,-1,4,2,-3.376506130720579,1,7,2,0.25973124082465976,1,-1,-2,2,3,2,3,2,-2,-2,-3,1,Right,4.947600000023842
11,R_2t56Fwl8ddfXWCS,6,f,1,1,3308.5,Defund Planned Parenthood,Mask mandates,-1,-1,2,3,2,2.077849926597279,-1,4,2,-3.376506130720579,-2,1,-3,3,-1,3,1,-3,3,3,-1,0,Left,3.3085
11,R_2t56Fwl8ddfXWCS,7,j,2,0,4730,Physician-assisted suicide,Defund Planned Parenthood,-1,-1,0,5,2,-1.5583874449479593,2,3,2,2.077849926597279,-0,-2,-2,2,-2,2,2,2,-2,-2,2,1,Right,4.73
11,R_2t56Fwl8ddfXWCS,8,j,2,0,4038.400000035763,Increased Gun regulations,Hardening schools/Arming teachers,-1,-1,1,7,2,0.25973124082465976,0,6,3,-1.5583874449479593,-1,-0,1,-1,-1,1,1,-1,1,1,1,1,Right,4.038400000035763
11,R_2t56Fwl8ddfXWCS,9,j,2,0,3948.2999999523163,Affirmative action,Defund Planned Parenthood,1,1,1,6,1,0.25973124082465976,2,3,2,2.077849926597279,1,2,1,1,-3,1,3,-1,1,-1,3,1,Right,3.948299999952316
11,R_2t56Fwl8ddfXWCS,10,f,1,1,4952.800000011921,Detention of migrant children,Defund Planned Parenthood,1,-1,1,5,2,0.25973124082465976,2,3,2,2.077849926597279,1,-2,3,-1,2,3,2,3,-3,-1,2,0,Left,4.952800000011921
11,R_2t56Fwl8ddfXWCS,11,j,2,0,6821.399999976158,Hardening schools/Arming teachers,Bathrooms restricted based on biological sex,1,-1,0,6,3,-1.5583874449479593,1,6,1,0.25973124082465976,0,-1,-1,1,0,1,0,1,-1,-1,0,1,Right,6.821399999976158
11,R_2t56Fwl8ddfXWCS,12,j,2,0,4564.800000011921,"Boycott, Divest, and Sanction Israel",Raise the minimum wage,1,1,1,5,2,0.25973124082465976,2,5,2,2.077849926597279,1,2,1,1,0,1,0,-1,1,-1,0,1,Right,4.564800000011921
11,R_2t56Fwl8ddfXWCS,13,j,2,0,4031.899999976158,Increased Gun regulations,Defund the police,-1,1,1,7,2,0.25973124082465976,1,5,2,0.25973124082465976,-1,1,2,0,-2,2,2,-2,2,0,2,1,Right,4.031899999976158
11,R_2t56Fwl8ddfXWCS,14,f,1,1,3132,Increased Gun regulations,Lift COVID lockdowns,1,1,1,7,2,0.25973124082465976,1,6,1,0.25973124082465976,1,1,0,0,1,0,1,0,0,0,1,0,Left,3.132
11,R_2t56Fwl8ddfXWCS,15,j,2,0,2384.800000011921,Raise the minimum wage,Defund Planned Parenthood,-1,-1,2,5,2,2.077849926597279,2,3,2,2.077849926597279,-2,-2,0,0,-2,0,2,0,0,0,2,1,Right,2.384800000011921
11,R_2t56Fwl8ddfXWCS,16,j,2,0,3989.899999976158,Lift COVID lockdowns,Student worker unionization,1,1,1,6,1,0.25973124082465976,1,5,2,0.25973124082465976,1,1,0,0,-1,0,1,0,0,0,1,1,Right,3.989899999976158
11,R_2t56Fwl8ddfXWCS,17,j,2,0,8200.399999976158,Mask mandates,Raise the minimum wage,1,-1,-1,4,2,-3.376506130720579,2,5,2,2.077849926597279,-1,-2,-1,3,1,1,1,1,-1,-3,-1,1,Right,8.200399999976158
11,R_2t56Fwl8ddfXWCS,18,j,2,0,2310.800000011921,Defund Planned Parenthood,Raise the minimum wage,-1,1,2,3,2,2.077849926597279,2,5,2,2.077849926597279,-2,2,4,0,2,4,2,-4,4,0,-2,1,Right,2.310800000011921
11,R_2t56Fwl8ddfXWCS,19,f,1,1,4338.599999964237,Defund Planned Parenthood,Mask mandates,1,-1,2,3,2,2.077849926597279,-1,4,2,-3.376506130720579,2,1,1,3,-1,1,1,1,-1,3,-1,0,Left,4.338599999964237
11,R_2t56Fwl8ddfXWCS,20,j,2,0,2507.099999964237,Raise the minimum wage,Raise the minimum wage,-1,1,2,5,2,2.077849926597279,2,5,2,2.077849926597279,-2,2,4,0,0,4,0,-4,4,0,0,1,Right,2.5070999999642374
11,R_2t56Fwl8ddfXWCS,21,j,2,0,8245.800000011921,Hardening schools/Arming teachers,U.S. drone strikes in Afghanistan,1,-1,0,6,3,-1.5583874449479593,1,5,2,0.25973124082465976,0,-1,-1,1,-1,1,1,1,-1,-1,1,1,Right,8.24580000001192
11,R_2t56Fwl8ddfXWCS,22,f,1,1,7165.199999988079,Raise the minimum wage,Bathrooms restricted based on biological sex,1,-1,2,5,2,2.077849926597279,1,6,1,0.25973124082465976,2,-1,3,1,-1,3,1,3,-3,1,-1,0,Left,7.165199999988079
11,R_2t56Fwl8ddfXWCS,23,j,2,0,4390.5,Raise the minimum wage,"Boycott, Divest, and Sanction Israel",1,-1,2,5,2,2.077849926597279,1,5,2,0.25973124082465976,2,-1,-3,-1,0,3,0,3,-3,1,0,1,Right,4.3905
11,R_2t56Fwl8ddfXWCS,24,f,1,1,4985,Defund Planned Parenthood,Increased Gun regulations,-1,1,2,3,2,2.077849926597279,1,7,2,0.25973124082465976,-2,1,-3,1,-4,3,4,-3,3,1,-4,0,Left,4.985
11,R_2t56Fwl8ddfXWCS,25,f,1,1,3643.100000023842,Gun-free campus police,Increased Gun regulations,-1,1,0,5,3,-1.5583874449479593,1,7,2,0.25973124082465976,-0,1,-1,-1,-2,1,2,-1,1,-1,-2,0,Left,3.643100000023842
11,R_2t56Fwl8ddfXWCS,26,f,1,1,4338.600000023842,Affirmative action,Raise the minimum wage,1,-1,1,6,1,0.25973124082465976,2,5,2,2.077849926597279,1,-2,3,-1,1,3,1,3,-3,-1,1,0,Left,4.338600000023842
11,R_2t56Fwl8ddfXWCS,27,j,2,0,7575.099999964237,Affirmative action,Affirmative action,1,-1,1,6,1,0.25973124082465976,1,6,1,0.25973124082465976,1,-1,-2,0,0,2,0,2,-2,0,0,1,Right,7.575099999964237
11,R_2t56Fwl8ddfXWCS,28,f,1,1,3504,Increased Gun regulations,Raise the minimum wage,-1,-1,1,7,2,0.25973124082465976,2,5,2,2.077849926597279,-1,-2,1,-1,2,1,2,1,-1,-1,2,0,Left,3.504
11,R_2t56Fwl8ddfXWCS,29,f,1,1,5572.900000035763,Raise the minimum wage,Increased Gun regulations,-1,1,2,5,2,2.077849926597279,1,7,2,0.25973124082465976,-2,1,-3,1,-2,3,2,-3,3,1,-2,0,Left,5.572900000035763
11,R_2t56Fwl8ddfXWCS,30,j,2,0,5168.400000035763,Increased Gun regulations,Raise the minimum wage,-1,1,1,7,2,0.25973124082465976,2,5,2,2.077849926597279,-1,2,3,1,-2,3,2,-3,3,-1,2,1,Right,5.168400000035763
11,R_2t56Fwl8ddfXWCS,31,j,2,0,6096.199999988079,Increased Gun regulations,Raise the minimum wage,1,1,1,7,2,0.25973124082465976,2,5,2,2.077849926597279,1,2,1,1,-2,1,2,-1,1,-1,2,1,Right,6.096199999988079
11,R_2t56Fwl8ddfXWCS,32,j,2,0,13460.699999988079,Increased Gun regulations,Mask mandates,1,1,1,7,2,0.25973124082465976,-1,4,2,-3.376506130720579,1,-1,-2,-2,-3,2,3,2,-2,2,3,1,Right,13.46069999998808
11,R_2t56Fwl8ddfXWCS,33,f,1,1,3964.800000011921,Mask mandates,Raise the minimum wage,-1,1,-1,4,2,-3.376506130720579,2,5,2,2.077849926597279,1,2,-1,-3,-1,1,1,-1,1,-3,-1,0,Left,3.964800000011921
11,R_2t56Fwl8ddfXWCS,34,j,2,0,3170.699999988079,Mask mandates,Mask mandates,1,-1,-1,4,2,-3.376506130720579,-1,4,2,-3.376506130720579,-1,1,2,0,0,2,0,-2,2,0,0,1,Right,3.170699999988079
11,R_2t56Fwl8ddfXWCS,35,j,2,0,5309.400000035763,Defund Planned Parenthood,Hardening schools/Arming teachers,1,1,2,3,2,2.077849926597279,0,6,3,-1.5583874449479593,2,0,-2,-2,3,2,3,2,-2,2,-3,1,Right,5.309400000035763
11,R_2t56Fwl8ddfXWCS,36,j,2,0,2706.600000023842,Defund Planned Parenthood,Increased Gun regulations,1,1,2,3,2,2.077849926597279,1,7,2,0.25973124082465976,2,1,-1,-1,4,1,4,1,-1,1,-4,1,Right,2.7066000000238417
11,R_2t56Fwl8ddfXWCS,37,j,2,0,2634.399999976158,Affirmative action,Increased Gun regulations,-1,1,1,6,1,0.25973124082465976,1,7,2,0.25973124082465976,-1,1,2,0,1,2,1,-2,2,0,-1,1,Right,2.634399999976158
11,R_2t56Fwl8ddfXWCS,38,j,2,0,3844.400000035763,Raise the minimum wage,Expel students with white nationlist views,-1,1,2,5,2,2.077849926597279,1,5,2,0.25973124082465976,-2,1,3,-1,0,3,0,-3,3,1,0,1,Right,3.8444000000357628
11,R_2t56Fwl8ddfXWCS,39,j,2,0,7370.800000011921,Lift COVID lockdowns,Abortion rights,1,-1,1,6,1,0.25973124082465976,1,5,2,0.25973124082465976,1,-1,-2,0,-1,2,1,2,-2,0,1,1,Right,7.370800000011921
11,R_2t56Fwl8ddfXWCS,40,f,1,1,5540.800000011921,Affirmative action,Raise the minimum wage,1,1,1,6,1,0.25973124082465976,2,5,2,2.077849926597279,1,2,-1,-1,1,1,1,-1,1,-1,1,0,Left,5.540800000011921
11,R_2t56Fwl8ddfXWCS,41,j,2,0,3060.899999976158,Raise the minimum wage,Hardening schools/Arming teachers,-1,1,2,5,2,2.077849926597279,0,6,3,-1.5583874449479593,-2,0,2,-2,1,2,1,-2,2,2,-1,1,Right,3.0608999999761584
11,R_2t56Fwl8ddfXWCS,42,j,2,0,6549.099999964237,Defund Planned Parenthood,Lift COVID lockdowns,-1,1,2,3,2,2.077849926597279,1,6,1,0.25973124082465976,-2,1,3,-1,3,3,3,-3,3,1,-3,1,Right,6.549099999964238
11,R_2t56Fwl8ddfXWCS,43,j,2,0,3601.699999988079,Remove public Confederate memorials,Lift COVID lockdowns,-1,1,0,5,3,-1.5583874449479593,1,6,1,0.25973124082465976,-0,1,1,1,1,1,1,-1,1,-1,-1,1,Right,3.601699999988079
11,R_2t56Fwl8ddfXWCS,44,f,1,1,5531.5,Mask mandates,Defund Planned Parenthood,1,1,-1,4,2,-3.376506130720579,2,3,2,2.077849926597279,-1,2,-3,-3,1,3,1,-3,3,-3,1,0,Left,5.5315
11,R_2t56Fwl8ddfXWCS,45,f,1,1,7845.900000035763,Bathrooms restricted based on biological sex,Hardening schools/Arming teachers,1,-1,1,6,1,0.25973124082465976,0,6,3,-1.5583874449479593,1,-0,1,1,0,1,0,1,-1,1,0,0,Left,7.845900000035763
11,R_2t56Fwl8ddfXWCS,46,j,2,0,4536.800000011921,Ban on ethnic Halloween costumes,Increased Gun regulations,-1,1,1,5,2,0.25973124082465976,1,7,2,0.25973124082465976,-1,1,2,0,2,2,2,-2,2,0,-2,1,Right,4.536800000011921
11,R_2t56Fwl8ddfXWCS,47,j,2,0,2340.199999988079,Defund Planned Parenthood,Mask mandates,-1,1,2,3,2,2.077849926597279,-1,4,2,-3.376506130720579,-2,-1,1,-3,1,1,1,-1,1,3,-1,1,Right,2.340199999988079
11,R_2t56Fwl8ddfXWCS,48,f,1,1,3686.7999999523163,Increased Gun regulations,Raise the minimum wage,-1,1,1,7,2,0.25973124082465976,2,5,2,2.077849926597279,-1,2,-3,-1,2,3,2,-3,3,-1,2,0,Left,3.686799999952316
11,R_2t56Fwl8ddfXWCS,49,f,1,1,2847.300000011921,Lift COVID lockdowns,Defund Planned Parenthood,-1,-1,1,6,1,0.25973124082465976,2,3,2,2.077849926597279,-1,-2,1,-1,3,1,3,1,-1,-1,3,0,Left,2.847300000011921
11,R_2t56Fwl8ddfXWCS,50,j,2,0,3601.199999988079,Affirmative action,Mask mandates,-1,1,1,6,1,0.25973124082465976,-1,4,2,-3.376506130720579,-1,-1,0,-2,-2,0,2,0,0,2,2,1,Right,3.6011999999880793
11,R_2t56Fwl8ddfXWCS,51,f,1,1,2670.899999976158,Bathrooms restricted based on biological sex,Raise the minimum wage,-1,-1,1,6,1,0.25973124082465976,2,5,2,2.077849926597279,-1,-2,1,-1,1,1,1,1,-1,-1,1,0,Left,2.6708999999761582
11,R_2t56Fwl8ddfXWCS,52,f,1,1,3818.2000000476837,Increased Gun regulations,Mask mandates,1,-1,1,7,2,0.25973124082465976,-1,4,2,-3.376506130720579,1,1,0,2,3,0,3,0,0,2,3,0,Left,3.8182000000476837
11,R_2t56Fwl8ddfXWCS,53,j,2,0,9603.600000023842,Raise the minimum wage,Ban on ethnic Halloween costumes,-1,-1,2,5,2,2.077849926597279,1,5,2,0.25973124082465976,-2,-1,1,-1,0,1,0,-1,1,1,0,1,Right,9.603600000023842
11,R_2t56Fwl8ddfXWCS,54,f,1,1,7574,Remove police from schools,Defund Planned Parenthood,-1,-1,1,5,2,0.25973124082465976,2,3,2,2.077849926597279,-1,-2,1,-1,2,1,2,1,-1,-1,2,0,Left,7.574
11,R_2t56Fwl8ddfXWCS,55,f,1,1,10666.800000011921,Defund Planned Parenthood,Recognize Jerusalem as capital of Israel,1,-1,2,3,2,2.077849926597279,1,5,2,0.25973124082465976,2,-1,3,1,-2,3,2,3,-3,1,-2,0,Left,10.666800000011921
11,R_2t56Fwl8ddfXWCS,56,j,2,0,2432.5,Raise the minimum wage,Mask mandates,-1,-1,2,5,2,2.077849926597279,-1,4,2,-3.376506130720579,-2,1,3,-3,-1,3,1,-3,3,3,1,1,Right,2.4325
11,R_2t56Fwl8ddfXWCS,57,f,1,1,2095.199999988079,Gun-free campus police,Mask mandates,1,1,0,5,3,-1.5583874449479593,-1,4,2,-3.376506130720579,0,-1,1,1,1,1,1,1,-1,1,1,0,Left,2.095199999988079
11,R_2t56Fwl8ddfXWCS,58,j,2,0,2777.2999999523163,Raise the minimum wage,Hardening schools/Arming teachers,1,-1,2,5,2,2.077849926597279,0,6,3,-1.5583874449479593,2,-0,-2,-2,1,2,1,2,-2,2,-1,1,Right,2.7772999999523162
11,R_2t56Fwl8ddfXWCS,59,j,2,0,6384.5,Raise the minimum wage,Bathrooms restricted based on biological sex,1,-1,2,5,2,2.077849926597279,1,6,1,0.25973124082465976,2,-1,-3,-1,1,3,1,3,-3,1,-1,1,Right,6.3845
11,R_2t56Fwl8ddfXWCS,60,f,1,1,9920.699999988079,Gun-free campus police,Defund Planned Parenthood,-1,1,0,5,3,-1.5583874449479593,2,3,2,2.077849926597279,-0,2,-2,-2,2,2,2,-2,2,-2,2,0,Left,9.920699999988079
11,R_2t56Fwl8ddfXWCS,61,j,2,0,6679.800000011921,Remove police from schools,Ban on research with animals,1,-1,1,5,2,0.25973124082465976,0,5,2,-1.5583874449479593,1,-0,-1,-1,0,1,0,1,-1,1,0,1,Right,6.679800000011921
11,R_2t56Fwl8ddfXWCS,62,j,2,0,3828.600000023842,Legalization of marijuana,Mask mandates,-1,1,1,5,2,0.25973124082465976,-1,4,2,-3.376506130720579,-1,-1,0,-2,-1,0,1,0,0,2,1,1,Right,3.828600000023842
11,R_2t56Fwl8ddfXWCS,63,f,1,1,2045.800000011921,Raise the minimum wage,Defund Planned Parenthood,1,-1,2,5,2,2.077849926597279,2,3,2,2.077849926597279,2,-2,4,0,2,4,2,4,-4,0,2,0,Left,2.045800000011921
11,R_2t56Fwl8ddfXWCS,64,f,1,1,2149.600000023842,Defund Planned Parenthood,Raise the minimum wage,1,-1,2,3,2,2.077849926597279,2,5,2,2.077849926597279,2,-2,4,0,-2,4,2,4,-4,0,-2,0,Left,2.1496000000238418
11,R_2t56Fwl8ddfXWCS,65,j,2,0,3071.399999976158,Increased Gun regulations,Ban on research with animals,-1,1,1,7,2,0.25973124082465976,0,5,2,-1.5583874449479593,-1,0,1,-1,-2,1,2,-1,1,1,2,1,Right,3.0713999999761583
11,R_2t56Fwl8ddfXWCS,66,f,1,1,3494.5,Hardening schools/Arming teachers,Mask mandates,-1,-1,0,6,3,-1.5583874449479593,-1,4,2,-3.376506130720579,-0,1,-1,1,2,1,2,-1,1,1,2,0,Left,3.4945
11,R_2t56Fwl8ddfXWCS,67,f,1,1,2203.300000011921,Raise the minimum wage,Defund Planned Parenthood,1,1,2,5,2,2.077849926597279,2,3,2,2.077849926597279,2,2,0,0,2,0,2,0,0,0,2,0,Left,2.2033000000119207
11,R_2t56Fwl8ddfXWCS,68,j,2,0,5186.199999988079,Defund Planned Parenthood,Affirmative action,1,-1,2,3,2,2.077849926597279,1,6,1,0.25973124082465976,2,-1,-3,-1,3,3,3,3,-3,1,-3,1,Right,5.186199999988079
11,R_2t56Fwl8ddfXWCS,69,f,1,1,4033.300000011921,Increased Gun regulations,University Campus should be a Sanctuary,1,1,1,7,2,0.25973124082465976,1,5,2,0.25973124082465976,1,1,0,0,2,0,2,0,0,0,2,0,Left,4.033300000011921
11,R_2t56Fwl8ddfXWCS,70,j,2,0,2704.2000000476837,"Boycott, Divest, and Sanction Israel",Climate change legislation,-1,1,1,5,2,0.25973124082465976,1,5,2,0.25973124082465976,-1,1,2,0,0,2,0,-2,2,0,0,1,Right,2.704200000047684
11,R_2t56Fwl8ddfXWCS,71,j,2,0,1936.9000000357628,Hardening schools/Arming teachers,Increased Gun regulations,-1,1,0,6,3,-1.5583874449479593,1,7,2,0.25973124082465976,-0,1,1,1,1,1,1,-1,1,-1,-1,1,Right,1.9369000000357628
11,R_2t56Fwl8ddfXWCS,72,j,2,0,3310.699999988079,Defund the police,Mask mandates,1,1,1,5,2,0.25973124082465976,-1,4,2,-3.376506130720579,1,-1,-2,-2,-1,2,1,2,-2,2,1,1,Right,3.310699999988079
11,R_2t56Fwl8ddfXWCS,73,f,1,1,2864.100000023842,Hardening schools/Arming teachers,Gun-free campus police,1,-1,0,6,3,-1.5583874449479593,0,5,3,-1.5583874449479593,0,-0,0,0,1,0,1,0,-0,0,1,0,Left,2.864100000023842
11,R_2t56Fwl8ddfXWCS,74,j,2,0,3429.5,Increased Gun regulations,Affirmative action,-1,-1,1,7,2,0.25973124082465976,1,6,1,0.25973124082465976,-1,-1,0,0,-1,0,1,0,0,0,1,1,Right,3.4295
11,R_2t56Fwl8ddfXWCS,75,j,2,0,2245.800000011921,Allow alt-right speakers on campus,Increased Gun regulations,-1,-1,1,5,2,0.25973124082465976,1,7,2,0.25973124082465976,-1,-1,0,0,2,0,2,0,0,0,-2,1,Right,2.245800000011921
11,R_2t56Fwl8ddfXWCS,76,j,2,0,2382.800000011921,Defund Planned Parenthood,Defund Planned Parenthood,1,-1,2,3,2,2.077849926597279,2,3,2,2.077849926597279,2,-2,-4,0,0,4,0,4,-4,0,0,1,Right,2.3828000000119207
11,R_2t56Fwl8ddfXWCS,77,j,2,0,5548.900000035763,Lift COVID lockdowns,Student worker unionization,-1,-1,1,6,1,0.25973124082465976,1,5,2,0.25973124082465976,-1,-1,0,0,-1,0,1,0,0,0,1,1,Right,5.548900000035763
11,R_2t56Fwl8ddfXWCS,78,j,2,0,3078.2999999523163,University Campus should be a Sanctuary,Mask mandates,-1,-1,1,5,2,0.25973124082465976,-1,4,2,-3.376506130720579,-1,1,2,-2,-1,2,1,-2,2,2,1,1,Right,3.0782999999523164
11,R_2t56Fwl8ddfXWCS,79,j,2,0,1581.3999999761581,Mask mandates,Lift COVID lockdowns,-1,1,-1,4,2,-3.376506130720579,1,6,1,0.25973124082465976,1,1,0,2,2,0,2,0,0,-2,-2,1,Right,1.581399999976158
11,R_2t56Fwl8ddfXWCS,80,f,1,1,5875.799999952316,Remove public Confederate memorials,Raise the minimum wage,-1,-1,0,5,3,-1.5583874449479593,2,5,2,2.077849926597279,-0,-2,2,-2,0,2,0,2,-2,-2,0,0,Left,5.875799999952316
11,R_2t56Fwl8ddfXWCS,81,j,2,0,2497.899999976158,Mask mandates,Bathrooms restricted based on biological sex,-1,-1,-1,4,2,-3.376506130720579,1,6,1,0.25973124082465976,1,-1,-2,2,2,2,2,2,-2,-2,-2,1,Right,2.497899999976158
11,R_2t56Fwl8ddfXWCS,82,f,1,1,1621.1000000238419,Mandatory vaccinations,Mask mandates,1,-1,1,5,2,0.25973124082465976,-1,4,2,-3.376506130720579,1,1,0,2,1,0,1,0,0,2,1,0,Left,1.6211000000238418
11,R_2t56Fwl8ddfXWCS,83,f,1,1,1701.8999999761581,Defund the police,Lift COVID lockdowns,1,-1,1,5,2,0.25973124082465976,1,6,1,0.25973124082465976,1,-1,2,0,-1,2,1,2,-2,0,-1,0,Left,1.7018999999761582
11,R_2t56Fwl8ddfXWCS,84,j,2,0,1780.0999999642372,Mask mandates,Raise the minimum wage,1,1,-1,4,2,-3.376506130720579,2,5,2,2.077849926597279,-1,2,3,3,1,3,1,-3,3,-3,-1,1,Right,1.7800999999642373
11,R_2t56Fwl8ddfXWCS,85,f,1,1,2094.699999988079,Bathrooms restricted based on biological sex,Mask mandates,1,1,1,6,1,0.25973124082465976,-1,4,2,-3.376506130720579,1,-1,2,2,2,2,2,2,-2,2,2,0,Left,2.094699999988079
11,R_2t56Fwl8ddfXWCS,86,f,1,1,1673.800000011921,Remove public Confederate memorials,Mask mandates,1,-1,0,5,3,-1.5583874449479593,-1,4,2,-3.376506130720579,0,1,-1,1,1,1,1,-1,1,1,1,0,Left,1.6738000000119209
11,R_2t56Fwl8ddfXWCS,87,f,1,1,2046.1000000238419,Mask mandates,Hardening schools/Arming teachers,1,-1,-1,4,2,-3.376506130720579,0,6,3,-1.5583874449479593,-1,-0,-1,-1,-2,1,2,-1,1,-1,-2,0,Left,2.046100000023842
11,R_2t56Fwl8ddfXWCS,88,f,1,1,3082.5,Raise the minimum wage,Tuition increases,1,1,2,5,2,2.077849926597279,1,5,2,0.25973124082465976,2,1,1,1,0,1,0,1,-1,1,0,0,Left,3.0825
11,R_2t56Fwl8ddfXWCS,89,f,1,1,1561.800000011921,Raise the minimum wage,Expel students with white nationlist views,1,-1,2,5,2,2.077849926597279,1,5,2,0.25973124082465976,2,-1,3,1,0,3,0,3,-3,1,0,0,Left,1.561800000011921
11,R_2t56Fwl8ddfXWCS,90,f,1,1,2086.199999988079,Affirmative action,Increased Gun regulations,1,-1,1,6,1,0.25973124082465976,1,7,2,0.25973124082465976,1,-1,2,0,-1,2,1,2,-2,0,-1,0,Left,2.086199999988079
11,R_2t56Fwl8ddfXWCS,91,j,2,0,1858.699999988079,Defund Planned Parenthood,On campus concealed carry,1,1,2,3,2,2.077849926597279,1,5,2,0.25973124082465976,2,1,-1,-1,2,1,2,1,-1,1,-2,1,Right,1.858699999988079
11,R_2t56Fwl8ddfXWCS,92,j,2,0,163285.19999998808,Increased Gun regulations,Increased Gun regulations,-1,1,1,7,2,0.25973124082465976,1,7,2,0.25973124082465976,-1,1,2,0,0,2,0,-2,2,0,0,1,Right,163.28519999998807
11,R_2t56Fwl8ddfXWCS,93,f,1,1,2865.600000023842,Hardening schools/Arming teachers,Defund Planned Parenthood,1,-1,0,6,3,-1.5583874449479593,2,3,2,2.077849926597279,0,-2,2,-2,3,2,3,2,-2,-2,3,0,Left,2.865600000023842
11,R_2t56Fwl8ddfXWCS,94,f,1,1,4361.899999976158,Ban on research with animals,Raise the minimum wage,1,1,0,5,2,-1.5583874449479593,2,5,2,2.077849926597279,0,2,-2,-2,0,2,0,-2,2,-2,0,0,Left,4.361899999976158
11,R_2t56Fwl8ddfXWCS,95,f,1,1,4150.599999964237,Bathrooms restricted based on biological sex,Remove public Confederate memorials,-1,-1,1,6,1,0.25973124082465976,0,5,3,-1.5583874449479593,-1,-0,-1,1,1,1,1,-1,1,1,1,0,Left,4.150599999964237
11,R_2t56Fwl8ddfXWCS,96,j,2,0,52765.40000003576,Increased Gun regulations,Defund Planned Parenthood,-1,1,1,7,2,0.25973124082465976,2,3,2,2.077849926597279,-1,2,3,1,-4,3,4,-3,3,-1,4,1,Right,52.76540000003576
11,R_2t56Fwl8ddfXWCS,97,j,2,0,2240.600000023842,Legalization of marijuana,Ban on research with animals,-1,1,1,5,2,0.25973124082465976,0,5,2,-1.5583874449479593,-1,0,1,-1,0,1,0,-1,1,1,0,1,Right,2.240600000023842
11,R_2t56Fwl8ddfXWCS,98,f,1,1,6472.699999988079,Raise the minimum wage,Raise the minimum wage,-1,1,2,5,2,2.077849926597279,2,5,2,2.077849926597279,-2,2,-4,0,0,4,0,-4,4,0,0,0,Left,6.472699999988079
11,R_2t56Fwl8ddfXWCS,99,j,2,0,3193.300000011921,Increased Gun regulations,Mask mandates,-1,1,1,7,2,0.25973124082465976,-1,4,2,-3.376506130720579,-1,-1,0,-2,-3,0,3,0,0,2,3,1,Right,3.193300000011921
11,R_2t56Fwl8ddfXWCS,100,j,2,0,1879.300000011921,Raise the minimum wage,Increased Gun regulations,1,1,2,5,2,2.077849926597279,1,7,2,0.25973124082465976,2,1,-1,-1,2,1,2,1,-1,1,-2,1,Right,1.8793000000119209
2,R_1ir3HZuypop5xQB,1,f,1,1,10683.900000095367,University Campus should be a Sanctuary,Safe injection locations,-1,-1,2,7,2,1.5168173299110996,2,4,1,1.5168173299110996,-2,-2,0,0,3,0,3,0,0,0,3,0,Left,10.683900000095367
2,R_1ir3HZuypop5xQB,2,j,2,0,1268.6999999284744,Abolishing fraternities,War on Drugs,1,-1,2,6,2,1.5168173299110996,2,5,2,1.5168173299110996,2,-2,-4,0,-1,4,1,4,-4,0,1,1,Right,1.2686999999284745
2,R_1ir3HZuypop5xQB,3,j,2,0,880.1999999284744,Safe injection locations,Gun-free campus police,1,-1,2,4,1,1.5168173299110996,1,5,2,0.48652631336771124,2,-1,-3,-1,1,3,1,3,-3,1,-1,1,Right,0.8801999999284744
2,R_1ir3HZuypop5xQB,4,f,1,1,600.3999999761581,Hardening schools/Arming teachers,Abolishing fraternities,1,-1,0,4,3,-0.543764703175677,2,6,2,1.5168173299110996,0,-2,2,-2,-2,2,2,2,-2,-2,-2,0,Left,0.6003999999761581
2,R_1ir3HZuypop5xQB,5,f,1,1,1110.5,Safe injection locations,Mandatory drug tests for welfare recipients,-1,1,2,4,1,1.5168173299110996,1,2,1,0.48652631336771124,-2,1,-3,1,2,3,2,-3,3,1,2,0,Left,1.1105
2,R_1ir3HZuypop5xQB,6,f,1,1,1120.6999999284744,Safe injection locations,Detention of migrant children,-1,1,2,4,1,1.5168173299110996,2,3,3,1.5168173299110996,-2,2,-4,0,1,4,1,-4,4,0,1,0,Left,1.1206999999284744
2,R_1ir3HZuypop5xQB,7,j,2,0,1162.1000000238419,Safe injection locations,"Boycott, Divest, and Sanction Israel",-1,-1,2,4,1,1.5168173299110996,-1,6,3,-1.5740557197190654,-2,1,3,-3,2,3,2,-3,3,3,-2,1,Right,1.162100000023842
2,R_1ir3HZuypop5xQB,8,f,1,1,907.1000000238419,Remove Christopher Columbus statues,Abolishing fraternities,1,1,0,6,1,-0.543764703175677,2,6,2,1.5168173299110996,0,2,-2,-2,0,2,0,-2,2,-2,0,0,Left,0.9071000000238418
2,R_1ir3HZuypop5xQB,9,j,2,0,940.3999999761581,Abolishing fraternities,Mandatory drug tests for welfare recipients,-1,1,2,6,2,1.5168173299110996,1,2,1,0.48652631336771124,-2,1,3,-1,-4,3,4,-3,3,1,4,1,Right,0.9403999999761582
2,R_1ir3HZuypop5xQB,10,f,1,1,585.2999999523163,War on Drugs,Safe injection locations,1,1,2,5,2,1.5168173299110996,2,4,1,1.5168173299110996,2,2,0,0,1,0,1,0,0,0,1,0,Left,0.5852999999523163
2,R_1ir3HZuypop5xQB,11,f,1,1,2167.5,On campus concealed carry,Recognize Jerusalem as capital of Israel,-1,-1,2,4,2,1.5168173299110996,0,7,3,-0.543764703175677,-2,-0,-2,2,-3,2,3,-2,2,2,-3,0,Left,2.1675
2,R_1ir3HZuypop5xQB,12,f,1,1,1633.6999999284744,Abolishing fraternities,Mandatory drug tests for welfare recipients,-1,-1,2,6,2,1.5168173299110996,1,2,1,0.48652631336771124,-2,-1,-1,1,4,1,4,-1,1,1,4,0,Left,1.6336999999284745
2,R_1ir3HZuypop5xQB,13,j,2,0,794.2999999523163,"Boycott, Divest, and Sanction Israel",Safe injection locations,1,-1,-1,6,3,-1.5740557197190654,2,4,1,1.5168173299110996,-1,-2,-1,3,-2,1,2,1,-1,-3,2,1,Right,0.7942999999523163
2,R_1ir3HZuypop5xQB,14,f,1,1,92.19999992847443,University Campus should be a Sanctuary,Safe injection locations,1,1,2,7,2,1.5168173299110996,2,4,1,1.5168173299110996,2,2,0,0,3,0,3,0,0,0,3,0,Left,0.09219999992847443
2,R_1ir3HZuypop5xQB,15,j,2,0,4325.299999952316,War on Drugs,University Campus should be a Sanctuary,1,-1,2,5,2,1.5168173299110996,2,7,2,1.5168173299110996,2,-2,-4,0,2,4,2,4,-4,0,-2,1,Right,4.325299999952316
2,R_1ir3HZuypop5xQB,16,f,1,1,1948.9000000953674,Safe injection locations,Dorms determined by gender identity,-1,-1,2,4,1,1.5168173299110996,1,4,2,0.48652631336771124,-2,-1,-1,1,0,1,0,-1,1,1,0,0,Left,1.9489000000953673
2,R_1ir3HZuypop5xQB,17,f,1,1,608.6000000238419,Abolishing fraternities,"Boycott, Divest, and Sanction Israel",-1,1,2,6,2,1.5168173299110996,-1,6,3,-1.5740557197190654,-2,-1,-1,3,0,1,0,-1,1,3,0,0,Left,0.6086000000238418
2,R_1ir3HZuypop5xQB,18,j,2,0,453.5,Abolishing fraternities,University Campus should be a Sanctuary,-1,1,2,6,2,1.5168173299110996,2,7,2,1.5168173299110996,-2,2,4,0,1,4,1,-4,4,0,-1,1,Right,0.4535
2,R_1ir3HZuypop5xQB,19,f,1,1,893.8000000715256,Increased Gun regulations,Abolishing fraternities,-1,-1,1,5,2,0.48652631336771124,2,6,2,1.5168173299110996,-1,-2,1,-1,-1,1,1,1,-1,-1,-1,0,Left,0.8938000000715256
2,R_1ir3HZuypop5xQB,20,f,1,1,3369.2000000476837,Safe injection locations,Mandatory drug tests for welfare recipients,1,1,2,4,1,1.5168173299110996,1,2,1,0.48652631336771124,2,1,1,1,2,1,2,1,-1,1,2,0,Left,3.369200000047684
2,R_1ir3HZuypop5xQB,21,f,1,1,236.69999992847443,Ban on ethnic Halloween costumes,War on Drugs,-1,1,-1,5,3,-1.5740557197190654,2,5,2,1.5168173299110996,1,2,-1,-3,0,1,0,-1,1,-3,0,0,Left,0.23669999992847443
2,R_1ir3HZuypop5xQB,22,f,1,1,4596,Expel students with white nationlist views,Safe injection locations,-1,1,2,3,3,1.5168173299110996,2,4,1,1.5168173299110996,-2,2,-4,0,-1,4,1,-4,4,0,-1,0,Left,4.596
2,R_1ir3HZuypop5xQB,23,f,1,1,2111.2999999523163,Abolishing fraternities,"Boycott, Divest, and Sanction Israel",1,1,2,6,2,1.5168173299110996,-1,6,3,-1.5740557197190654,2,-1,3,3,0,3,0,3,-3,3,0,0,Left,2.1112999999523163
2,R_1ir3HZuypop5xQB,24,f,1,1,515.0999999046326,Abolishing fraternities,Recognize Jerusalem as capital of Israel,1,-1,2,6,2,1.5168173299110996,0,7,3,-0.543764703175677,2,-0,2,2,-1,2,1,2,-2,2,-1,0,Left,0.5150999999046326
2,R_1ir3HZuypop5xQB,25,f,1,1,386,Increased Gun regulations,War on Drugs,-1,1,1,5,2,0.48652631336771124,2,5,2,1.5168173299110996,-1,2,-3,-1,0,3,0,-3,3,-1,0,0,Left,0.386
2,R_1ir3HZuypop5xQB,26,f,1,1,459.3000000715256,University Campus should be a Sanctuary,Safe injection locations,1,-1,2,7,2,1.5168173299110996,2,4,1,1.5168173299110996,2,-2,4,0,3,4,3,4,-4,0,3,0,Left,0.45930000007152555
2,R_1ir3HZuypop5xQB,27,j,2,0,1728.6000000238419,Safe injection locations,Safe injection locations,1,-1,2,4,1,1.5168173299110996,2,4,1,1.5168173299110996,2,-2,-4,0,0,4,0,4,-4,0,0,1,Right,1.728600000023842
2,R_1ir3HZuypop5xQB,28,j,2,0,352.39999997615814,Abolishing fraternities,War on Drugs,1,1,2,6,2,1.5168173299110996,2,5,2,1.5168173299110996,2,2,0,0,-1,0,1,0,0,0,1,1,Right,0.3523999999761581
2,R_1ir3HZuypop5xQB,29,f,1,1,963.5,Abolishing fraternities,Affirmative action,1,1,2,6,2,1.5168173299110996,1,7,2,0.48652631336771124,2,1,1,1,-1,1,1,1,-1,1,-1,0,Left,0.9635
2,R_1ir3HZuypop5xQB,30,j,2,0,214.29999995231628,Safe injection locations,Gun-free campus police,1,1,2,4,1,1.5168173299110996,1,5,2,0.48652631336771124,2,1,-1,-1,1,1,1,1,-1,1,-1,1,Right,0.21429999995231627
2,R_1ir3HZuypop5xQB,31,f,1,1,314.7000000476837,Dorms determined by gender identity,Abolishing fraternities,1,-1,1,4,2,0.48652631336771124,2,6,2,1.5168173299110996,1,-2,3,-1,-2,3,2,3,-3,-1,-2,0,Left,0.3147000000476837
2,R_1ir3HZuypop5xQB,32,f,1,1,84.70000004768372,Mandatory vaccinations,Abolishing fraternities,-1,1,1,5,1,0.48652631336771124,2,6,2,1.5168173299110996,-1,2,-3,-1,-1,3,1,-3,3,-1,-1,0,Left,0.08470000004768372
2,R_1ir3HZuypop5xQB,33,f,1,1,1087.5,Abolishing private prisons,Abolishing fraternities,-1,1,0,5,3,-0.543764703175677,2,6,2,1.5168173299110996,-0,2,-2,-2,-1,2,1,-2,2,-2,-1,0,Left,1.0875
2,R_1ir3HZuypop5xQB,34,f,1,1,29.700000047683716,Safe injection locations,Remove Christopher Columbus statues,-1,1,2,4,1,1.5168173299110996,0,6,1,-0.543764703175677,-2,0,-2,2,-2,2,2,-2,2,2,-2,0,Left,0.029700000047683715
2,R_1ir3HZuypop5xQB,35,j,2,0,401.59999990463257,Affirmative action,War on Drugs,1,1,1,7,2,0.48652631336771124,2,5,2,1.5168173299110996,1,2,1,1,-2,1,2,-1,1,-1,2,1,Right,0.4015999999046326
2,R_1ir3HZuypop5xQB,36,j,2,0,770.2000000476837,On campus concealed carry,War on Drugs,1,-1,2,4,2,1.5168173299110996,2,5,2,1.5168173299110996,2,-2,-4,0,1,4,1,4,-4,0,-1,1,Right,0.7702000000476837
2,R_1ir3HZuypop5xQB,37,f,1,1,1271.8000000715256,On campus concealed carry,Abolishing fraternities,-1,-1,2,4,2,1.5168173299110996,2,6,2,1.5168173299110996,-2,-2,0,0,-2,0,2,0,0,0,-2,0,Left,1.2718000000715255
2,R_1ir3HZuypop5xQB,38,f,1,1,1704.7999999523163,Hardening schools/Arming teachers,Abolishing fraternities,1,1,0,4,3,-0.543764703175677,2,6,2,1.5168173299110996,0,2,-2,-2,-2,2,2,-2,2,-2,-2,0,Left,1.7047999999523162
2,R_1ir3HZuypop5xQB,39,f,1,1,859.6999999284744,Abolishing fraternities,Remove Christopher Columbus statues,-1,1,2,6,2,1.5168173299110996,0,6,1,-0.543764703175677,-2,0,-2,2,0,2,0,-2,2,2,0,0,Left,0.8596999999284745
2,R_1ir3HZuypop5xQB,40,f,1,1,503.7000000476837,Abolishing fraternities,Climate change legislation,1,1,2,6,2,1.5168173299110996,1,4,2,0.48652631336771124,2,1,1,1,2,1,2,1,-1,1,2,0,Left,0.5037000000476837
2,R_1ir3HZuypop5xQB,41,j,2,0,309.2999999523163,Cuts to National Parks budget,War on Drugs,1,1,1,4,2,0.48652631336771124,2,5,2,1.5168173299110996,1,2,1,1,1,1,1,-1,1,-1,-1,1,Right,0.3092999999523163
2,R_1ir3HZuypop5xQB,42,f,1,1,365.09999990463257,Mandatory drug tests for welfare recipients,Safe injection locations,-1,-1,1,2,1,0.48652631336771124,2,4,1,1.5168173299110996,-1,-2,1,-1,-2,1,2,1,-1,-1,-2,0,Left,0.36509999990463254
2,R_1ir3HZuypop5xQB,43,f,1,1,226.5,On campus concealed carry,University Campus should be a Sanctuary,1,-1,2,4,2,1.5168173299110996,2,7,2,1.5168173299110996,2,-2,4,0,-3,4,3,4,-4,0,-3,0,Left,0.2265
2,R_1ir3HZuypop5xQB,44,f,1,1,158.70000004768372,"Boycott, Divest, and Sanction Israel",Abolishing fraternities,-1,1,-1,6,3,-1.5740557197190654,2,6,2,1.5168173299110996,1,2,-1,-3,0,1,0,-1,1,-3,0,0,Left,0.15870000004768373
2,R_1ir3HZuypop5xQB,45,f,1,1,1094.2999999523163,University Campus should be a Sanctuary,Abolishing fraternities,-1,1,2,7,2,1.5168173299110996,2,6,2,1.5168173299110996,-2,2,-4,0,1,4,1,-4,4,0,1,0,Left,1.0942999999523162
2,R_1ir3HZuypop5xQB,46,f,1,1,1089.1000000238419,Abolishing fraternities,"Boycott, Divest, and Sanction Israel",-1,-1,2,6,2,1.5168173299110996,-1,6,3,-1.5740557197190654,-2,1,-3,3,0,3,0,-3,3,3,0,0,Left,1.0891000000238418
2,R_1ir3HZuypop5xQB,47,f,1,1,207.19999992847443,Lift COVID lockdowns,Abolishing fraternities,1,-1,0,2,3,-0.543764703175677,2,6,2,1.5168173299110996,0,-2,2,-2,-4,2,4,2,-2,-2,-4,0,Left,0.20719999992847443
2,R_1ir3HZuypop5xQB,48,f,1,1,970.6999999284744,Abolishing private prisons,Safe injection locations,1,-1,0,5,3,-0.543764703175677,2,4,1,1.5168173299110996,0,-2,2,-2,1,2,1,2,-2,-2,1,0,Left,0.9706999999284744
2,R_1ir3HZuypop5xQB,49,j,2,0,1095.5,Stop police brutality,Safe injection locations,1,-1,-1,7,3,-1.5740557197190654,2,4,1,1.5168173299110996,-1,-2,-1,3,-3,1,3,1,-1,-3,3,1,Right,1.0955
2,R_1ir3HZuypop5xQB,50,j,2,0,2314.7999999523163,War on Drugs,Expel students with white nationlist views,1,1,2,5,2,1.5168173299110996,2,3,3,1.5168173299110996,2,2,0,0,-2,0,2,0,0,0,2,1,Right,2.3147999999523163
2,R_1ir3HZuypop5xQB,51,f,1,1,51.699999928474426,Abolishing fraternities,Mandatory drug tests for welfare recipients,1,-1,2,6,2,1.5168173299110996,1,2,1,0.48652631336771124,2,-1,3,1,4,3,4,3,-3,1,4,0,Left,0.051699999928474426
2,R_1ir3HZuypop5xQB,52,f,1,1,781.7000000476837,Safe injection locations,Bathrooms restricted based on biological sex,-1,1,2,4,1,1.5168173299110996,0,2,3,-0.543764703175677,-2,0,-2,2,2,2,2,-2,2,2,2,0,Left,0.7817000000476837
2,R_1ir3HZuypop5xQB,53,f,1,1,235,Ban on ethnic Halloween costumes,Abolishing fraternities,-1,-1,-1,5,3,-1.5740557197190654,2,6,2,1.5168173299110996,1,-2,3,-3,-1,3,1,3,-3,-3,-1,0,Left,0.235
2,R_1ir3HZuypop5xQB,54,j,2,0,1037.1000000238419,Remove Christopher Columbus statues,On campus concealed carry,-1,1,0,6,1,-0.543764703175677,2,4,2,1.5168173299110996,-0,2,2,2,-2,2,2,-2,2,-2,2,1,Right,1.037100000023842
2,R_1ir3HZuypop5xQB,55,j,2,0,443.2999999523163,Abolishing fraternities,War on Drugs,-1,-1,2,6,2,1.5168173299110996,2,5,2,1.5168173299110996,-2,-2,0,0,-1,0,1,0,0,0,1,1,Right,0.4432999999523163
2,R_1ir3HZuypop5xQB,56,j,2,0,462.39999997615814,Black Lives Matter,On campus concealed carry,-1,1,1,4,2,0.48652631336771124,2,4,2,1.5168173299110996,-1,2,3,1,0,3,0,-3,3,-1,0,1,Right,0.46239999997615816
2,R_1ir3HZuypop5xQB,57,j,2,0,1151.7000000476837,Abolishing fraternities,University Campus should be a Sanctuary,1,1,2,6,2,1.5168173299110996,2,7,2,1.5168173299110996,2,2,0,0,1,0,1,0,0,0,-1,1,Right,1.1517000000476838
2,R_1ir3HZuypop5xQB,58,f,1,1,944.7999999523163,Abolishing fraternities,University Campus should be a Sanctuary,-1,-1,2,6,2,1.5168173299110996,2,7,2,1.5168173299110996,-2,-2,0,0,-1,0,1,0,0,0,-1,0,Left,0.9447999999523163
2,R_1ir3HZuypop5xQB,59,f,1,1,291,War on Drugs,Stop police brutality,1,1,2,5,2,1.5168173299110996,-1,7,3,-1.5740557197190654,2,-1,3,3,-2,3,2,3,-3,3,-2,0,Left,0.291
2,R_1ir3HZuypop5xQB,60,f,1,1,229,Safe injection locations,Expel students with white nationlist views,-1,-1,2,4,1,1.5168173299110996,2,3,3,1.5168173299110996,-2,-2,0,0,1,0,1,0,0,0,1,0,Left,0.229
2,R_1ir3HZuypop5xQB,61,f,1,1,2163.600000023842,Abolishing fraternities,Abolishing fraternities,1,-1,2,6,2,1.5168173299110996,2,6,2,1.5168173299110996,2,-2,4,0,0,4,0,4,-4,0,0,0,Left,2.163600000023842
2,R_1ir3HZuypop5xQB,62,f,1,1,519.2000000476837,Safe injection locations,Mask mandates,1,-1,2,4,1,1.5168173299110996,0,4,3,-0.543764703175677,2,-0,2,2,0,2,0,2,-2,2,0,0,Left,0.5192000000476837
2,R_1ir3HZuypop5xQB,63,f,1,1,671.4000000953674,War on Drugs,On campus concealed carry,-1,-1,2,5,2,1.5168173299110996,2,4,2,1.5168173299110996,-2,-2,0,0,1,0,1,0,0,0,1,0,Left,0.6714000000953674
2,R_1ir3HZuypop5xQB,64,j,2,0,448.10000002384186,Abolishing fraternities,Expel students with white nationlist views,-1,-1,2,6,2,1.5168173299110996,2,3,3,1.5168173299110996,-2,-2,0,0,-3,0,3,0,0,0,3,1,Right,0.44810000002384187
2,R_1ir3HZuypop5xQB,65,j,2,0,1105.5,Defund the police,On campus concealed carry,-1,1,1,7,2,0.48652631336771124,2,4,2,1.5168173299110996,-1,2,3,1,-3,3,3,-3,3,-1,3,1,Right,1.1055
2,R_1ir3HZuypop5xQB,66,j,2,0,694,Abolishing fraternities,Recognize Jerusalem as capital of Israel,-1,1,2,6,2,1.5168173299110996,0,7,3,-0.543764703175677,-2,0,2,-2,1,2,1,-2,2,2,-1,1,Right,0.694
2,R_1ir3HZuypop5xQB,67,f,1,1,344.89999997615814,Cuts to National Parks budget,Safe injection locations,1,1,1,4,2,0.48652631336771124,2,4,1,1.5168173299110996,1,2,-1,-1,0,1,0,-1,1,-1,0,0,Left,0.34489999997615817
2,R_1ir3HZuypop5xQB,68,j,2,0,855.1000000238419,Safe injection locations,Mandatory training on sexual consent,-1,1,2,4,1,1.5168173299110996,0,4,2,-0.543764703175677,-2,0,2,-2,0,2,0,-2,2,2,0,1,Right,0.8551000000238419
2,R_1ir3HZuypop5xQB,69,f,1,1,1558.7999999523163,Abolishing fraternities,Detention of migrant children,1,-1,2,6,2,1.5168173299110996,2,3,3,1.5168173299110996,2,-2,4,0,3,4,3,4,-4,0,3,0,Left,1.5587999999523163
2,R_1ir3HZuypop5xQB,70,f,1,1,258.60000002384186,Safe injection locations,Abolishing private prisons,1,1,2,4,1,1.5168173299110996,0,5,3,-0.543764703175677,2,0,2,2,-1,2,1,2,-2,2,-1,0,Left,0.25860000002384187
2,R_1ir3HZuypop5xQB,71,f,1,1,860,Abolishing fraternities,Black Lives Matter,-1,-1,2,6,2,1.5168173299110996,1,4,2,0.48652631336771124,-2,-1,-1,1,2,1,2,-1,1,1,2,0,Left,0.86
2,R_1ir3HZuypop5xQB,72,j,2,0,534.0999999046326,War on Drugs,Abolishing fraternities,1,-1,2,5,2,1.5168173299110996,2,6,2,1.5168173299110996,2,-2,-4,0,1,4,1,4,-4,0,-1,1,Right,0.5340999999046325
2,R_1ir3HZuypop5xQB,73,j,2,0,875.3999999761581,Bathrooms restricted based on biological sex,On campus concealed carry,-1,1,0,2,3,-0.543764703175677,2,4,2,1.5168173299110996,-0,2,2,2,2,2,2,-2,2,-2,-2,1,Right,0.8753999999761581
2,R_1ir3HZuypop5xQB,74,f,1,1,184.80000007152557,"Boycott, Divest, and Sanction Israel",On campus concealed carry,1,1,-1,6,3,-1.5740557197190654,2,4,2,1.5168173299110996,-1,2,-3,-3,2,3,2,-3,3,-3,2,0,Left,0.18480000007152558
2,R_1ir3HZuypop5xQB,75,f,1,1,11,Abolishing fraternities,Defund the police,-1,1,2,6,2,1.5168173299110996,1,7,2,0.48652631336771124,-2,1,-3,1,-1,3,1,-3,3,1,-1,0,Left,0.011
2,R_1ir3HZuypop5xQB,76,j,2,0,263.89999997615814,Ban on ethnic Halloween costumes,Abolishing fraternities,-1,1,-1,5,3,-1.5740557197190654,2,6,2,1.5168173299110996,1,2,1,3,1,1,1,-1,1,-3,-1,1,Right,0.26389999997615815
2,R_1ir3HZuypop5xQB,77,f,1,1,1044.8999999761581,War on Drugs,War on Drugs,-1,1,2,5,2,1.5168173299110996,2,5,2,1.5168173299110996,-2,2,-4,0,0,4,0,-4,4,0,0,0,Left,1.0448999999761581
2,R_1ir3HZuypop5xQB,78,f,1,1,352.5,Abolishing fraternities,On campus concealed carry,1,1,2,6,2,1.5168173299110996,2,4,2,1.5168173299110996,2,2,0,0,2,0,2,0,0,0,2,0,Left,0.3525
2,R_1ir3HZuypop5xQB,79,f,1,1,103.29999995231628,Lift COVID lockdowns,Abolishing fraternities,-1,1,0,2,3,-0.543764703175677,2,6,2,1.5168173299110996,-0,2,-2,-2,-4,2,4,-2,2,-2,-4,0,Left,0.10329999995231628
2,R_1ir3HZuypop5xQB,80,j,2,0,38.89999997615814,Tuition increases,Abolishing fraternities,1,-1,0,5,3,-0.543764703175677,2,6,2,1.5168173299110996,0,-2,-2,2,1,2,1,2,-2,-2,-1,1,Right,0.038899999976158145
2,R_1ir3HZuypop5xQB,81,j,2,0,327.7999999523163,Ban on ethnic Halloween costumes,On campus concealed carry,1,-1,-1,5,3,-1.5740557197190654,2,4,2,1.5168173299110996,-1,-2,-1,3,-1,1,1,1,-1,-3,1,1,Right,0.3277999999523163
2,R_1ir3HZuypop5xQB,82,j,2,0,423.89999997615814,On campus concealed carry,Gun-free campus police,-1,1,2,4,2,1.5168173299110996,1,5,2,0.48652631336771124,-2,1,3,-1,1,3,1,-3,3,1,-1,1,Right,0.4238999999761581
2,R_1ir3HZuypop5xQB,83,f,1,1,151,Detention of migrant children,Abolishing fraternities,1,-1,2,3,3,1.5168173299110996,2,6,2,1.5168173299110996,2,-2,4,0,-3,4,3,4,-4,0,-3,0,Left,0.151
2,R_1ir3HZuypop5xQB,84,j,2,0,216,On campus concealed carry,Affirmative action,1,1,2,4,2,1.5168173299110996,1,7,2,0.48652631336771124,2,1,-1,-1,3,1,3,1,-1,1,-3,1,Right,0.216
2,R_1ir3HZuypop5xQB,85,j,2,0,235.39999997615814,Abolishing fraternities,Stop police brutality,1,1,2,6,2,1.5168173299110996,-1,7,3,-1.5740557197190654,2,-1,-3,-3,1,3,1,3,-3,3,-1,1,Right,0.23539999997615815
2,R_1ir3HZuypop5xQB,86,f,1,1,87.10000002384186,Affirmative action,Abolishing fraternities,-1,-1,1,7,2,0.48652631336771124,2,6,2,1.5168173299110996,-1,-2,1,-1,1,1,1,1,-1,-1,1,0,Left,0.08710000002384186
2,R_1ir3HZuypop5xQB,87,f,1,1,113.39999997615814,Expel students with white nationlist views,War on Drugs,-1,1,2,3,3,1.5168173299110996,2,5,2,1.5168173299110996,-2,2,-4,0,-2,4,2,-4,4,0,-2,0,Left,0.11339999997615814
2,R_1ir3HZuypop5xQB,88,j,2,0,624.1999999284744,Mandatory drug tests for welfare recipients,Abolishing fraternities,1,1,1,2,1,0.48652631336771124,2,6,2,1.5168173299110996,1,2,1,1,4,1,4,-1,1,-1,-4,1,Right,0.6241999999284744
2,R_1ir3HZuypop5xQB,89,j,2,0,607.6000000238419,Recognize Jerusalem as capital of Israel,Safe injection locations,-1,1,0,7,3,-0.543764703175677,2,4,1,1.5168173299110996,-0,2,2,2,-3,2,3,-2,2,-2,3,1,Right,0.6076000000238418
2,R_1ir3HZuypop5xQB,90,j,2,0,742.2000000476837,Dorms determined by gender identity,On campus concealed carry,1,-1,1,4,2,0.48652631336771124,2,4,2,1.5168173299110996,1,-2,-3,1,0,3,0,3,-3,-1,0,1,Right,0.7422000000476837
2,R_1ir3HZuypop5xQB,91,j,2,0,533.5,On campus concealed carry,Abolishing fraternities,1,-1,2,4,2,1.5168173299110996,2,6,2,1.5168173299110996,2,-2,-4,0,2,4,2,4,-4,0,-2,1,Right,0.5335
2,R_1ir3HZuypop5xQB,92,f,1,1,132.79999995231628,Abolishing fraternities,Climate change legislation,1,-1,2,6,2,1.5168173299110996,1,4,2,0.48652631336771124,2,-1,3,1,2,3,2,3,-3,1,2,0,Left,0.13279999995231628
2,R_1ir3HZuypop5xQB,93,j,2,0,310.7000000476837,On campus concealed carry,"Boycott, Divest, and Sanction Israel",1,-1,2,4,2,1.5168173299110996,-1,6,3,-1.5740557197190654,2,1,-1,-3,2,1,2,1,-1,3,-2,1,Right,0.3107000000476837
2,R_1ir3HZuypop5xQB,94,j,2,0,279.10000002384186,Mandatory drug tests for welfare recipients,On campus concealed carry,-1,1,1,2,1,0.48652631336771124,2,4,2,1.5168173299110996,-1,2,3,1,2,3,2,-3,3,-1,-2,1,Right,0.27910000002384183
2,R_1ir3HZuypop5xQB,95,f,1,1,1540182.3999999762,On campus concealed carry,Expel students with white nationlist views,1,1,2,4,2,1.5168173299110996,2,3,3,1.5168173299110996,2,2,0,0,1,0,1,0,0,0,1,0,Left,1540.1823999999763
2,R_1ir3HZuypop5xQB,96,j,2,0,825.3999999761581,Safe injection locations,Affirmative action,-1,1,2,4,1,1.5168173299110996,1,7,2,0.48652631336771124,-2,1,3,-1,3,3,3,-3,3,1,-3,1,Right,0.8253999999761581
2,R_1ir3HZuypop5xQB,97,f,1,1,165.40000009536743,Abolishing fraternities,Expel students with white nationlist views,1,1,2,6,2,1.5168173299110996,2,3,3,1.5168173299110996,2,2,0,0,3,0,3,0,0,0,3,0,Left,0.16540000009536743
2,R_1ir3HZuypop5xQB,98,f,1,1,256.7000000476837,War on Drugs,Safe injection locations,1,-1,2,5,2,1.5168173299110996,2,4,1,1.5168173299110996,2,-2,4,0,1,4,1,4,-4,0,1,0,Left,0.25670000004768373
2,R_1ir3HZuypop5xQB,99,f,1,1,361.2000000476837,University Campus should be a Sanctuary,War on Drugs,1,1,2,7,2,1.5168173299110996,2,5,2,1.5168173299110996,2,2,0,0,2,0,2,0,0,0,2,0,Left,0.3612000000476837
2,R_1ir3HZuypop5xQB,100,f,1,1,85.20000004768372,Abolishing fraternities,Safe injection locations,1,-1,2,6,2,1.5168173299110996,2,4,1,1.5168173299110996,2,-2,4,0,2,4,2,4,-4,0,2,0,Left,0.08520000004768372
10,R_2Si8iSDiTMldrAB,1,j,2,0,11777.300000000745,Climate change legislation,On campus concealed carry,-1,1,3,8,3,1.1278690186247062,1,1,3,0.31874559222002574,-3,1,4,-2,-7,4,7,-4,4,2,7,1,Right,11.777300000000745
10,R_2Si8iSDiTMldrAB,2,j,2,0,4628.199999999255,Bathrooms restricted based on biological sex,Build southern border wall,1,-1,-3,4,4,-1.2995012605893355,-3,8,4,-1.2995012605893355,-3,3,6,0,4,6,4,-6,6,0,-4,1,Right,4.628199999999255
10,R_2Si8iSDiTMldrAB,3,f,1,1,7049.0999999996275,Cuts to National Parks budget,Student worker unionization,-1,-1,-2,5,3,-0.8949395473869951,3,5,4,1.1278690186247062,2,-3,5,-5,0,5,0,5,-5,-5,0,0,Left,7.049099999999627
10,R_2Si8iSDiTMldrAB,4,f,1,1,3372.9000000003725,Student worker unionization,Mask mandates,-1,-1,3,5,4,1.1278690186247062,3,7,4,1.1278690186247062,-3,-3,0,0,-2,0,2,0,0,0,-2,0,Left,3.3729000000003726
10,R_2Si8iSDiTMldrAB,5,f,1,1,3633.9000000003725,Climate change legislation,Defund Planned Parenthood,1,1,3,8,3,1.1278690186247062,-3,7,2,-1.2995012605893355,3,-3,6,6,1,6,1,6,-6,6,1,0,Left,3.6339000000003727
10,R_2Si8iSDiTMldrAB,6,f,1,1,4636.5999999996275,Affirmative action,Abolishing private prisons,1,-1,2,4,3,0.7233073054223661,3,8,4,1.1278690186247062,2,-3,5,-1,-4,5,4,5,-5,-1,-4,0,Left,4.6365999999996275
10,R_2Si8iSDiTMldrAB,7,f,1,1,3763,Black Lives Matter,Allow alt-right speakers on campus,1,1,3,8,4,1.1278690186247062,-3,6,4,-1.2995012605893355,3,-3,6,6,2,6,2,6,-6,6,2,0,Left,3.763
10,R_2Si8iSDiTMldrAB,8,f,1,1,6612.9000000003725,Expel students with white nationlist views,War on Drugs,-1,1,3,8,4,1.1278690186247062,-3,7,4,-1.2995012605893355,-3,-3,0,6,1,0,1,0,0,6,1,0,Left,6.612900000000373
10,R_2Si8iSDiTMldrAB,9,f,1,1,4194.0999999996275,Remove police from schools,Climate change legislation,-1,-1,1,2,4,0.31874559222002574,3,8,3,1.1278690186247062,-1,-3,2,-2,-6,2,6,2,-2,-2,-6,0,Left,4.194099999999628
10,R_2Si8iSDiTMldrAB,10,j,2,0,4783.5,On campus concealed carry,Student worker unionization,-1,1,1,1,3,0.31874559222002574,3,5,4,1.1278690186247062,-1,3,4,2,4,4,4,-4,4,-2,-4,1,Right,4.7835
10,R_2Si8iSDiTMldrAB,11,f,1,1,5525.5,Student worker unionization,Increased Gun regulations,-1,-1,3,5,4,1.1278690186247062,2,6,3,0.7233073054223661,-3,-2,-1,1,-1,1,1,-1,1,1,-1,0,Left,5.5255
10,R_2Si8iSDiTMldrAB,12,f,1,1,8602.10000000149,On campus concealed carry,Climate change legislation,-1,-1,1,1,3,0.31874559222002574,3,8,3,1.1278690186247062,-1,-3,2,-2,-7,2,7,2,-2,-2,-7,0,Left,8.60210000000149
10,R_2Si8iSDiTMldrAB,13,f,1,1,26663.60000000149,Student worker unionization,Ban on research with animals,1,-1,3,5,4,1.1278690186247062,-1,0,3,-0.4903778341846548,3,1,2,4,5,2,5,2,-2,4,5,0,Left,26.66360000000149
10,R_2Si8iSDiTMldrAB,14,j,2,0,2640.4000000003725,War on Drugs,Student worker unionization,1,1,-3,7,4,-1.2995012605893355,3,5,4,1.1278690186247062,-3,3,6,6,-2,6,2,-6,6,-6,2,1,Right,2.6404000000003727
10,R_2Si8iSDiTMldrAB,15,j,2,0,8270.800000000745,Religious exemptions for discrimination laws,Student worker unionization,1,1,-1,0,1,-0.4903778341846548,3,5,4,1.1278690186247062,-1,3,4,4,5,4,5,-4,4,-4,-5,1,Right,8.270800000000746
10,R_2Si8iSDiTMldrAB,16,j,2,0,2937.0999999996275,Student worker unionization,On campus concealed carry,-1,1,3,5,4,1.1278690186247062,1,1,3,0.31874559222002574,-3,1,4,-2,-4,4,4,-4,4,2,4,1,Right,2.9370999999996275
10,R_2Si8iSDiTMldrAB,17,j,2,0,2885.800000000745,Bathrooms restricted based on biological sex,Student worker unionization,1,-1,-3,4,4,-1.2995012605893355,3,5,4,1.1278690186247062,-3,-3,0,6,1,0,1,0,0,-6,-1,1,Right,2.885800000000745
10,R_2Si8iSDiTMldrAB,18,f,1,1,16392.5,Abolishing private prisons,Mask mandates,1,1,3,8,4,1.1278690186247062,3,7,4,1.1278690186247062,3,3,0,0,1,0,1,0,0,0,1,0,Left,16.3925
10,R_2Si8iSDiTMldrAB,19,j,2,0,20376,Student worker unionization,Remove police from schools,-1,1,3,5,4,1.1278690186247062,1,2,4,0.31874559222002574,-3,1,4,-2,-3,4,3,-4,4,2,3,1,Right,20.376
10,R_2Si8iSDiTMldrAB,20,j,2,0,20417.199999999255,Mandatory vaccinations,Student worker unionization,-1,1,1,6,3,0.31874559222002574,3,5,4,1.1278690186247062,-1,3,4,2,-1,4,1,-4,4,-2,1,1,Right,20.417199999999255
10,R_2Si8iSDiTMldrAB,21,f,1,1,3970.7999999988824,Increased Gun regulations,Student worker unionization,1,1,2,6,3,0.7233073054223661,3,5,4,1.1278690186247062,2,3,-1,-1,1,1,1,-1,1,-1,1,0,Left,3.9707999999988823
10,R_2Si8iSDiTMldrAB,22,f,1,1,6911.9000000003725,Student worker unionization,Hardening schools/Arming teachers,-1,1,3,5,4,1.1278690186247062,-3,6,4,-1.2995012605893355,-3,-3,0,6,-1,0,1,0,0,6,-1,0,Left,6.911900000000372
10,R_2Si8iSDiTMldrAB,23,f,1,1,3215.2999999988824,Student worker unionization,Dorms determined by gender identity,-1,1,3,5,4,1.1278690186247062,-2,4,1,-0.8949395473869951,-3,-2,-1,5,1,1,1,-1,1,5,1,0,Left,3.2152999999988823
10,R_2Si8iSDiTMldrAB,24,j,2,0,1771.3999999985099,Abolishing private prisons,Student worker unionization,-1,1,3,8,4,1.1278690186247062,3,5,4,1.1278690186247062,-3,3,6,0,-3,6,3,-6,6,0,3,1,Right,1.77139999999851
10,R_2Si8iSDiTMldrAB,25,j,2,0,2961.4000000003725,Student worker unionization,Allow alt-right speakers on campus,-1,-1,3,5,4,1.1278690186247062,-3,6,4,-1.2995012605893355,-3,3,6,-6,1,6,1,-6,6,6,-1,1,Right,2.9614000000003724
10,R_2Si8iSDiTMldrAB,26,j,2,0,5294.700000001118,Build southern border wall,Abolishing fraternities,1,1,-3,8,4,-1.2995012605893355,1,4,3,0.31874559222002574,-3,1,4,4,-4,4,4,-4,4,-4,4,1,Right,5.294700000001118
10,R_2Si8iSDiTMldrAB,27,f,1,1,10465.099999999627,Ban on research with animals,Stop police brutality,1,-1,-1,0,3,-0.4903778341846548,3,8,4,1.1278690186247062,-1,-3,2,-4,-8,2,8,2,-2,-4,-8,0,Left,10.465099999999627
10,R_2Si8iSDiTMldrAB,28,j,2,0,10949.199999999255,Raise the minimum wage,Increased Gun regulations,-1,1,3,8,4,1.1278690186247062,2,6,3,0.7233073054223661,-3,2,5,-1,-2,5,2,-5,5,1,2,1,Right,10.949199999999255
10,R_2Si8iSDiTMldrAB,29,j,2,0,20004,Student worker unionization,Mandatory trigger warnings,1,1,3,5,4,1.1278690186247062,2,5,3,0.7233073054223661,3,2,-1,-1,0,1,0,1,-1,1,0,1,Right,20.004
10,R_2Si8iSDiTMldrAB,30,f,1,1,5703.5999999996275,Ban on research with animals,Student worker unionization,-1,-1,-1,0,3,-0.4903778341846548,3,5,4,1.1278690186247062,1,-3,4,-4,-5,4,5,4,-4,-4,-5,0,Left,5.703599999999628
10,R_2Si8iSDiTMldrAB,31,f,1,1,2383.39999999851,Bathrooms restricted based on biological sex,Black Lives Matter,1,-1,-3,4,4,-1.2995012605893355,3,8,4,1.1278690186247062,-3,-3,0,-6,-4,0,4,0,0,-6,-4,0,Left,2.38339999999851
10,R_2Si8iSDiTMldrAB,32,f,1,1,6345.700000001118,Mask mandates,Student worker unionization,1,1,3,7,4,1.1278690186247062,3,5,4,1.1278690186247062,3,3,0,0,2,0,2,0,0,0,2,0,Left,6.345700000001117
10,R_2Si8iSDiTMldrAB,33,j,2,0,3702.0999999996275,Religious exemptions for discrimination laws,Student worker unionization,1,-1,-1,0,1,-0.4903778341846548,3,5,4,1.1278690186247062,-1,-3,-2,4,5,2,5,2,-2,-4,-5,1,Right,3.7020999999996276
10,R_2Si8iSDiTMldrAB,34,j,2,0,13820.199999999255,Student worker unionization,Remove police from schools,1,1,3,5,4,1.1278690186247062,1,2,4,0.31874559222002574,3,1,-2,-2,-3,2,3,2,-2,2,3,1,Right,13.820199999999256
10,R_2Si8iSDiTMldrAB,35,j,2,0,14601.699999999255,Expel students with white nationlist views,Cuts to National Parks budget,-1,1,3,8,4,1.1278690186247062,-2,5,3,-0.8949395473869951,-3,-2,1,-5,-3,1,3,-1,1,5,3,1,Right,14.601699999999255
10,R_2Si8iSDiTMldrAB,36,f,1,1,2859.89999999851,On campus concealed carry,Student worker unionization,1,1,1,1,3,0.31874559222002574,3,5,4,1.1278690186247062,1,3,-2,-2,-4,2,4,-2,2,-2,-4,0,Left,2.8598999999985097
10,R_2Si8iSDiTMldrAB,37,j,2,0,3116.0999999996275,Increased Gun regulations,Climate change legislation,-1,1,2,6,3,0.7233073054223661,3,8,3,1.1278690186247062,-2,3,5,1,2,5,2,-5,5,-1,-2,1,Right,3.1160999999996273
10,R_2Si8iSDiTMldrAB,38,f,1,1,3608.5,Student worker unionization,Affirmative action,1,-1,3,5,4,1.1278690186247062,2,4,3,0.7233073054223661,3,-2,5,1,1,5,1,5,-5,1,1,0,Left,3.6085
10,R_2Si8iSDiTMldrAB,39,j,2,0,17779.5,Ban on research with animals,Raise the minimum wage,1,1,-1,0,3,-0.4903778341846548,3,8,4,1.1278690186247062,-1,3,4,4,8,4,8,-4,4,-4,-8,1,Right,17.7795
10,R_2Si8iSDiTMldrAB,40,j,2,0,28775.400000000373,Climate change legislation,Bathrooms restricted based on biological sex,-1,-1,3,8,3,1.1278690186247062,-3,4,4,-1.2995012605893355,-3,3,6,-6,-4,6,4,-6,6,6,4,1,Right,28.775400000000374
10,R_2Si8iSDiTMldrAB,41,f,1,1,5340.9000000003725,Dorms determined by gender identity,Student worker unionization,-1,1,-2,4,1,-0.8949395473869951,3,5,4,1.1278690186247062,2,3,-1,-5,-1,1,1,-1,1,-5,-1,0,Left,5.340900000000373
10,R_2Si8iSDiTMldrAB,42,f,1,1,5650.89999999851,Student worker unionization,Student worker unionization,1,-1,3,5,4,1.1278690186247062,3,5,4,1.1278690186247062,3,-3,6,0,0,6,0,6,-6,0,0,0,Left,5.65089999999851
10,R_2Si8iSDiTMldrAB,43,j,2,0,2071.699999999255,Mandatory vaccinations,Student worker unionization,-1,-1,1,6,3,0.31874559222002574,3,5,4,1.1278690186247062,-1,-3,-2,2,-1,2,1,2,-2,-2,1,1,Right,2.071699999999255
10,R_2Si8iSDiTMldrAB,44,j,2,0,15693,Remove police from schools,Student worker unionization,-1,1,1,2,4,0.31874559222002574,3,5,4,1.1278690186247062,-1,3,4,2,3,4,3,-4,4,-2,-3,1,Right,15.693
10,R_2Si8iSDiTMldrAB,45,f,1,1,10066.5,Student worker unionization,Abolishing fraternities,-1,-1,3,5,4,1.1278690186247062,1,4,3,0.31874559222002574,-3,-1,-2,2,1,2,1,-2,2,2,1,0,Left,10.0665
10,R_2Si8iSDiTMldrAB,46,j,2,0,5085.299999998882,Abortion rights,Hardening schools/Arming teachers,1,-1,3,8,4,1.1278690186247062,-3,6,4,-1.2995012605893355,3,3,0,-6,-2,0,2,0,0,6,2,1,Right,5.085299999998883
10,R_2Si8iSDiTMldrAB,47,f,1,1,1864.199999999255,Stop police brutality,Dorms determined by gender identity,1,1,3,8,4,1.1278690186247062,-2,4,1,-0.8949395473869951,3,-2,5,5,4,5,4,5,-5,5,4,0,Left,1.864199999999255
10,R_2Si8iSDiTMldrAB,48,j,2,0,2238,Remove police from schools,Student worker unionization,-1,-1,1,2,4,0.31874559222002574,3,5,4,1.1278690186247062,-1,-3,-2,2,3,2,3,2,-2,-2,-3,1,Right,2.238
10,R_2Si8iSDiTMldrAB,49,j,2,0,22640.300000000745,Student worker unionization,Gun-free campus police,1,1,3,5,4,1.1278690186247062,0,4,3,-0.08581612098231453,3,0,-3,-3,-1,3,1,3,-3,3,1,1,Right,22.640300000000746
10,R_2Si8iSDiTMldrAB,50,j,2,0,9815.5,Ban on ethnic Halloween costumes,Expel students with white nationlist views,-1,1,0,0,2,-0.08581612098231453,3,8,4,1.1278690186247062,-0,3,3,3,8,3,8,-3,3,-3,-8,1,Right,9.8155
10,R_2Si8iSDiTMldrAB,51,j,2,0,3806,Expel students with white nationlist views,Abolishing fraternities,-1,-1,3,8,4,1.1278690186247062,1,4,3,0.31874559222002574,-3,-1,2,-2,-4,2,4,-2,2,2,4,1,Right,3.806
10,R_2Si8iSDiTMldrAB,52,j,2,0,2748,On campus concealed carry,Student worker unionization,-1,-1,1,1,3,0.31874559222002574,3,5,4,1.1278690186247062,-1,-3,-2,2,4,2,4,2,-2,-2,-4,1,Right,2.748
10,R_2Si8iSDiTMldrAB,53,j,2,0,4204,Student worker unionization,Mandatory vaccinations,1,1,3,5,4,1.1278690186247062,1,6,3,0.31874559222002574,3,1,-2,-2,1,2,1,2,-2,2,-1,1,Right,4.204
10,R_2Si8iSDiTMldrAB,54,f,1,1,2293.800000000745,Climate change legislation,Ban on ethnic Halloween costumes,-1,-1,3,8,3,1.1278690186247062,0,0,2,-0.08581612098231453,-3,-0,-3,3,8,3,8,-3,3,3,8,0,Left,2.2938000000007452
10,R_2Si8iSDiTMldrAB,55,j,2,0,3699.4000000003725,Student worker unionization,Defund Planned Parenthood,-1,-1,3,5,4,1.1278690186247062,-3,7,2,-1.2995012605893355,-3,3,6,-6,2,6,2,-6,6,6,-2,1,Right,3.6994000000003724
10,R_2Si8iSDiTMldrAB,56,f,1,1,2328.199999999255,Mandatory vaccinations,Student worker unionization,1,-1,1,6,3,0.31874559222002574,3,5,4,1.1278690186247062,1,-3,4,-2,1,4,1,4,-4,-2,1,0,Left,2.328199999999255
10,R_2Si8iSDiTMldrAB,57,j,2,0,6890.300000000745,Ban on ethnic Halloween costumes,Student worker unionization,1,1,0,0,2,-0.08581612098231453,3,5,4,1.1278690186247062,0,3,3,3,5,3,5,-3,3,-3,-5,1,Right,6.890300000000745
10,R_2Si8iSDiTMldrAB,58,f,1,1,2708.9000000003725,Mandatory drug tests for welfare recipients,Build southern border wall,1,1,-3,6,3,-1.2995012605893355,-3,8,4,-1.2995012605893355,-3,-3,0,0,-2,0,2,0,0,0,-2,0,Left,2.7089000000003725
10,R_2Si8iSDiTMldrAB,59,f,1,1,5440.4000000003725,Remove public Confederate memorials,On campus concealed carry,1,-1,3,8,4,1.1278690186247062,1,1,3,0.31874559222002574,3,-1,4,2,7,4,7,4,-4,2,7,0,Left,5.4404000000003725
10,R_2Si8iSDiTMldrAB,60,f,1,1,2943.7000000011176,Abolishing fraternities,Student worker unionization,1,-1,1,4,3,0.31874559222002574,3,5,4,1.1278690186247062,1,-3,4,-2,-1,4,1,4,-4,-2,-1,0,Left,2.9437000000011175
10,R_2Si8iSDiTMldrAB,61,j,2,0,2292.699999999255,Expel students with white nationlist views,Bathrooms restricted based on biological sex,1,-1,3,8,4,1.1278690186247062,-3,4,4,-1.2995012605893355,3,3,0,-6,-4,0,4,0,0,6,4,1,Right,2.292699999999255
10,R_2Si8iSDiTMldrAB,62,f,1,1,8397.300000000745,Build southern border wall,Abolishing fraternities,-1,-1,-3,8,4,-1.2995012605893355,1,4,3,0.31874559222002574,3,-1,4,-4,4,4,4,4,-4,-4,4,0,Left,8.397300000000746
10,R_2Si8iSDiTMldrAB,63,j,2,0,4881,Mandatory vaccinations,Abortion rights,-1,1,1,6,3,0.31874559222002574,3,8,4,1.1278690186247062,-1,3,4,2,2,4,2,-4,4,-2,-2,1,Right,4.881
10,R_2Si8iSDiTMldrAB,64,f,1,1,18894.400000000373,Abolishing private prisons,Expel students with white nationlist views,1,-1,3,8,4,1.1278690186247062,3,8,4,1.1278690186247062,3,-3,6,0,0,6,0,6,-6,0,0,0,Left,18.894400000000374
10,R_2Si8iSDiTMldrAB,65,j,2,0,1811.300000000745,Abolishing fraternities,Student worker unionization,-1,1,1,4,3,0.31874559222002574,3,5,4,1.1278690186247062,-1,3,4,2,1,4,1,-4,4,-2,-1,1,Right,1.811300000000745
10,R_2Si8iSDiTMldrAB,66,f,1,1,5420.4000000003725,Student worker unionization,Mandatory trigger warnings,1,-1,3,5,4,1.1278690186247062,2,5,3,0.7233073054223661,3,-2,5,1,0,5,0,5,-5,1,0,0,Left,5.420400000000373
10,R_2Si8iSDiTMldrAB,67,j,2,0,17574,Climate change legislation,War on Drugs,-1,-1,3,8,3,1.1278690186247062,-3,7,4,-1.2995012605893355,-3,3,6,-6,-1,6,1,-6,6,6,1,1,Right,17.574
10,R_2Si8iSDiTMldrAB,68,j,2,0,36161.800000000745,Remove police from schools,Remove public Confederate memorials,-1,1,1,2,4,0.31874559222002574,3,8,4,1.1278690186247062,-1,3,4,2,6,4,6,-4,4,-2,-6,1,Right,36.161800000000746
10,R_2Si8iSDiTMldrAB,69,j,2,0,7428.200000001118,Mandatory trigger warnings,Student worker unionization,-1,-1,2,5,3,0.7233073054223661,3,5,4,1.1278690186247062,-2,-3,-1,1,0,1,0,1,-1,-1,0,1,Right,7.428200000001118
10,R_2Si8iSDiTMldrAB,70,f,1,1,7280.4000000003725,Mandatory vaccinations,Remove public Confederate memorials,1,-1,1,6,3,0.31874559222002574,3,8,4,1.1278690186247062,1,-3,4,-2,-2,4,2,4,-4,-2,-2,0,Left,7.280400000000372
10,R_2Si8iSDiTMldrAB,71,f,1,1,12497.5,Ban on research with animals,Black Lives Matter,-1,-1,-1,0,3,-0.4903778341846548,3,8,4,1.1278690186247062,1,-3,4,-4,-8,4,8,4,-4,-4,-8,0,Left,12.4975
10,R_2Si8iSDiTMldrAB,72,j,2,0,5546.699999999255,Student worker unionization,Stop police brutality,-1,1,3,5,4,1.1278690186247062,3,8,4,1.1278690186247062,-3,3,6,0,3,6,3,-6,6,0,-3,1,Right,5.546699999999255
10,R_2Si8iSDiTMldrAB,73,j,2,0,25141.400000000373,Abolishing private prisons,Mandatory trigger warnings,-1,1,3,8,4,1.1278690186247062,2,5,3,0.7233073054223661,-3,2,5,-1,-3,5,3,-5,5,1,3,1,Right,25.141400000000374
10,R_2Si8iSDiTMldrAB,74,j,2,0,2246.800000000745,Student worker unionization,Expel students with white nationlist views,1,1,3,5,4,1.1278690186247062,3,8,4,1.1278690186247062,3,3,0,0,3,0,3,0,0,0,-3,1,Right,2.246800000000745
10,R_2Si8iSDiTMldrAB,75,f,1,1,2508,Raise the minimum wage,On campus concealed carry,1,1,3,8,4,1.1278690186247062,1,1,3,0.31874559222002574,3,1,2,2,7,2,7,2,-2,2,7,0,Left,2.508
10,R_2Si8iSDiTMldrAB,76,f,1,1,1624.0999999996275,Affirmative action,Student worker unionization,1,-1,2,4,3,0.7233073054223661,3,5,4,1.1278690186247062,2,-3,5,-1,-1,5,1,5,-5,-1,-1,0,Left,1.6240999999996275
10,R_2Si8iSDiTMldrAB,77,f,1,1,3016.699999999255,Build southern border wall,Mandatory vaccinations,1,-1,-3,8,4,-1.2995012605893355,1,6,3,0.31874559222002574,-3,-1,-2,-4,2,2,2,-2,2,-4,2,0,Left,3.016699999999255
10,R_2Si8iSDiTMldrAB,78,j,2,0,3566.60000000149,Affirmative action,Abolishing private prisons,1,1,2,4,3,0.7233073054223661,3,8,4,1.1278690186247062,2,3,1,1,4,1,4,-1,1,-1,-4,1,Right,3.56660000000149
10,R_2Si8iSDiTMldrAB,79,j,2,0,9812,Abortion rights,Increased Gun regulations,-1,-1,3,8,4,1.1278690186247062,2,6,3,0.7233073054223661,-3,-2,1,-1,-2,1,2,-1,1,1,2,1,Right,9.812
10,R_2Si8iSDiTMldrAB,80,f,1,1,4029.800000000745,Raise the minimum wage,Mandatory trigger warnings,1,-1,3,8,4,1.1278690186247062,2,5,3,0.7233073054223661,3,-2,5,1,3,5,3,5,-5,1,3,0,Left,4.029800000000745
10,R_2Si8iSDiTMldrAB,81,j,2,0,10168,Bathrooms restricted based on biological sex,Student worker unionization,1,1,-3,4,4,-1.2995012605893355,3,5,4,1.1278690186247062,-3,3,6,6,1,6,1,-6,6,-6,-1,1,Right,10.168
10,R_2Si8iSDiTMldrAB,82,f,1,1,8563.10000000149,Remove police from schools,Raise the minimum wage,1,-1,1,2,4,0.31874559222002574,3,8,4,1.1278690186247062,1,-3,4,-2,-6,4,6,4,-4,-2,-6,0,Left,8.56310000000149
10,R_2Si8iSDiTMldrAB,83,j,2,0,9510.699999999255,Student worker unionization,Hardening schools/Arming teachers,1,1,3,5,4,1.1278690186247062,-3,6,4,-1.2995012605893355,3,-3,-6,-6,1,6,1,6,-6,6,-1,1,Right,9.510699999999256
10,R_2Si8iSDiTMldrAB,84,j,2,0,2557.4000000003725,Increased Gun regulations,Student worker unionization,-1,1,2,6,3,0.7233073054223661,3,5,4,1.1278690186247062,-2,3,5,1,-1,5,1,-5,5,-1,1,1,Right,2.5574000000003725
10,R_2Si8iSDiTMldrAB,85,f,1,1,2570.5999999996275,Raise the minimum wage,Abolishing fraternities,1,1,3,8,4,1.1278690186247062,1,4,3,0.31874559222002574,3,1,2,2,4,2,4,2,-2,2,4,0,Left,2.5705999999996276
10,R_2Si8iSDiTMldrAB,86,j,2,0,5130.700000001118,Mandatory trigger warnings,Stop police brutality,1,1,2,5,3,0.7233073054223661,3,8,4,1.1278690186247062,2,3,1,1,3,1,3,-1,1,-1,-3,1,Right,5.130700000001117
10,R_2Si8iSDiTMldrAB,87,j,2,0,1905.4000000003725,Expel students with white nationlist views,Student worker unionization,-1,-1,3,8,4,1.1278690186247062,3,5,4,1.1278690186247062,-3,-3,0,0,-3,0,3,0,0,0,3,1,Right,1.9054000000003726
10,R_2Si8iSDiTMldrAB,88,f,1,1,1316.199999999255,Dorms determined by gender identity,Abortion rights,1,-1,-2,4,1,-0.8949395473869951,3,8,4,1.1278690186247062,-2,-3,1,-5,-4,1,4,1,-1,-5,-4,0,Left,1.3161999999992549
10,R_2Si8iSDiTMldrAB,89,f,1,1,3787.5999999996275,Increased Gun regulations,Student worker unionization,1,-1,2,6,3,0.7233073054223661,3,5,4,1.1278690186247062,2,-3,5,-1,1,5,1,5,-5,-1,1,0,Left,3.7875999999996273
10,R_2Si8iSDiTMldrAB,90,j,2,0,1790.699999999255,Increased Gun regulations,Abolishing private prisons,1,1,2,6,3,0.7233073054223661,3,8,4,1.1278690186247062,2,3,1,1,2,1,2,-1,1,-1,-2,1,Right,1.790699999999255
10,R_2Si8iSDiTMldrAB,91,j,2,0,3593.10000000149,Climate change legislation,Mandatory drug tests for welfare recipients,-1,-1,3,8,3,1.1278690186247062,-3,6,3,-1.2995012605893355,-3,3,6,-6,-2,6,2,-6,6,6,2,1,Right,3.59310000000149
10,R_2Si8iSDiTMldrAB,92,j,2,0,4699.9000000003725,Mandatory vaccinations,Raise the minimum wage,1,1,1,6,3,0.31874559222002574,3,8,4,1.1278690186247062,1,3,2,2,2,2,2,-2,2,-2,-2,1,Right,4.699900000000373
10,R_2Si8iSDiTMldrAB,93,f,1,1,3144.800000000745,Gun-free campus police,Stop police brutality,1,-1,0,4,3,-0.08581612098231453,3,8,4,1.1278690186247062,0,-3,3,-3,-4,3,4,3,-3,-3,-4,0,Left,3.1448000000007452
10,R_2Si8iSDiTMldrAB,94,f,1,1,1231.7000000011176,Bathrooms restricted based on biological sex,Student worker unionization,-1,-1,-3,4,4,-1.2995012605893355,3,5,4,1.1278690186247062,3,-3,6,-6,-1,6,1,6,-6,-6,-1,0,Left,1.2317000000011176
10,R_2Si8iSDiTMldrAB,95,j,2,0,4814.4000000003725,Gun-free campus police,Abolishing private prisons,1,1,0,4,3,-0.08581612098231453,3,8,4,1.1278690186247062,0,3,3,3,4,3,4,-3,3,-3,-4,1,Right,4.814400000000372
10,R_2Si8iSDiTMldrAB,96,j,2,0,2543.800000000745,Remove police from schools,Expel students with white nationlist views,1,1,1,2,4,0.31874559222002574,3,8,4,1.1278690186247062,1,3,2,2,6,2,6,-2,2,-2,-6,1,Right,2.5438000000007452
10,R_2Si8iSDiTMldrAB,97,f,1,1,1235.9000000003725,Bathrooms restricted based on biological sex,Student worker unionization,-1,1,-3,4,4,-1.2995012605893355,3,5,4,1.1278690186247062,3,3,0,-6,-1,0,1,0,0,-6,-1,0,Left,1.2359000000003726
10,R_2Si8iSDiTMldrAB,98,f,1,1,2230.5,Abolishing fraternities,Student worker unionization,1,1,1,4,3,0.31874559222002574,3,5,4,1.1278690186247062,1,3,-2,-2,-1,2,1,-2,2,-2,-1,0,Left,2.2305
10,R_2Si8iSDiTMldrAB,99,f,1,1,4052,Stop police brutality,Ban on research with animals,1,-1,3,8,4,1.1278690186247062,-1,0,3,-0.4903778341846548,3,1,2,4,8,2,8,2,-2,4,8,0,Left,4.052
10,R_2Si8iSDiTMldrAB,100,f,1,1,8551.400000000373,Mandatory drug tests for welfare recipients,Student worker unionization,-1,1,-3,6,3,-1.2995012605893355,3,5,4,1.1278690186247062,3,3,0,-6,1,0,1,0,0,-6,1,0,Left,8.551400000000372
1,R_1eEotFgXgjm2k7Z,1,f,1,1,2815.2999999523163,Mandatory trigger warnings,Remove police from schools,-1,1,-2,0,2,-0.6081655365649388,-3,5,2,-1.029203215725281,2,-3,5,1,-5,5,5,5,-5,1,-5,0,Left,2.8152999999523165
1,R_1eEotFgXgjm2k7Z,2,f,1,1,1891.1000000238419,Mandatory drug tests for welfare recipients,Mandatory trigger warnings,1,1,3,6,3,1.4970228592367723,-2,0,2,-0.6081655365649388,3,-2,5,5,6,5,6,5,-5,5,6,0,Left,1.8911000000238418
1,R_1eEotFgXgjm2k7Z,3,j,2,0,6650.599999904633,Stop police brutality,Gun-free campus police,1,1,3,5,3,1.4970228592367723,-2,3,1,-0.6081655365649388,3,-2,-5,-5,-2,5,2,5,-5,5,2,1,Right,6.650599999904633
1,R_1eEotFgXgjm2k7Z,4,f,1,1,2761.0999999046326,Black Lives Matter,Raise the minimum wage,-1,1,-2,7,3,-0.6081655365649388,-3,5,4,-1.029203215725281,2,-3,5,1,2,5,2,5,-5,1,2,0,Left,2.7610999999046326
1,R_1eEotFgXgjm2k7Z,5,j,2,0,4517.699999928474,Affirmative action,Raise the minimum wage,1,1,-2,5,3,-0.6081655365649388,-3,5,4,-1.029203215725281,-2,-3,-1,-1,0,1,0,1,-1,1,0,1,Right,4.517699999928475
1,R_1eEotFgXgjm2k7Z,6,f,1,1,3312.2000000476837,Ban on research with animals,Mandatory drug tests for welfare recipients,1,-1,2,6,3,1.07598518007643,3,6,3,1.4970228592367723,2,-3,5,-1,0,5,0,5,-5,-1,0,0,Left,3.312200000047684
1,R_1eEotFgXgjm2k7Z,7,j,2,0,7201.899999976158,Lift COVID lockdowns,Mask mandates,-1,1,3,5,3,1.4970228592367723,-3,3,4,-1.029203215725281,-3,-3,0,-6,-2,0,2,0,0,6,2,1,Right,7.201899999976158
1,R_1eEotFgXgjm2k7Z,8,j,2,0,5601,Mandatory trigger warnings,Mandatory drug tests for welfare recipients,-1,1,-2,0,2,-0.6081655365649388,3,6,3,1.4970228592367723,2,3,1,5,6,1,6,-1,1,-5,-6,1,Right,5.601
1,R_1eEotFgXgjm2k7Z,9,f,1,1,2373.899999976158,Mandatory drug tests for welfare recipients,Affirmative action,1,1,3,6,3,1.4970228592367723,-2,5,3,-0.6081655365649388,3,-2,5,5,1,5,1,5,-5,5,1,0,Left,2.373899999976158
1,R_1eEotFgXgjm2k7Z,10,j,2,0,3915.5,Abolishing fraternities,Remove Christopher Columbus statues,1,-1,-2,2,1,-0.6081655365649388,-3,5,2,-1.029203215725281,-2,3,5,-1,3,5,3,-5,5,1,-3,1,Right,3.9155
1,R_1eEotFgXgjm2k7Z,11,f,1,1,3460.7999999523163,Mandatory vaccinations,Mandatory drug tests for welfare recipients,-1,-1,-3,8,4,-1.029203215725281,3,6,3,1.4970228592367723,3,-3,6,-6,2,6,2,6,-6,-6,2,0,Left,3.4607999999523162
1,R_1eEotFgXgjm2k7Z,12,j,2,0,3350.6999999284744,War on Drugs,Mandatory drug tests for welfare recipients,-1,1,3,7,4,1.4970228592367723,3,6,3,1.4970228592367723,-3,3,6,0,-1,6,1,-6,6,0,1,1,Right,3.3506999999284743
1,R_1eEotFgXgjm2k7Z,13,j,2,0,4227.200000047684,Raise the minimum wage,Hardening schools/Arming teachers,1,1,-3,5,4,-1.029203215725281,1,1,1,0.6549475009160878,-3,1,4,4,-4,4,4,-4,4,-4,4,1,Right,4.2272000000476835
1,R_1eEotFgXgjm2k7Z,14,f,1,1,7418.899999976158,Mandatory drug tests for welfare recipients,Abortion rights,1,1,3,6,3,1.4970228592367723,2,1,4,1.07598518007643,3,2,1,1,5,1,5,1,-1,1,5,0,Left,7.4188999999761585
1,R_1eEotFgXgjm2k7Z,15,j,2,0,2407.5,Legalization of marijuana,Climate change legislation,1,-1,-3,5,3,-1.029203215725281,-2,1,2,-0.6081655365649388,-3,2,5,1,-4,5,4,-5,5,-1,4,1,Right,2.4075
1,R_1eEotFgXgjm2k7Z,16,j,2,0,3570.899999976158,Stop police brutality,War on Drugs,1,1,3,5,3,1.4970228592367723,3,7,4,1.4970228592367723,3,3,0,0,2,0,2,0,0,0,-2,1,Right,3.570899999976158
1,R_1eEotFgXgjm2k7Z,17,j,2,0,5342.899999976158,Legalization of marijuana,Mask mandates,-1,-1,-3,5,3,-1.029203215725281,-3,3,4,-1.029203215725281,3,3,0,0,-2,0,2,0,0,0,2,1,Right,5.342899999976158
1,R_1eEotFgXgjm2k7Z,18,j,2,0,6208.399999976158,Raise the minimum wage,Remove public Confederate memorials,-1,-1,-3,5,4,-1.029203215725281,-3,4,2,-1.029203215725281,3,3,0,0,-1,0,1,0,0,0,1,1,Right,6.208399999976158
1,R_1eEotFgXgjm2k7Z,19,j,2,0,6206.700000047684,Lift COVID lockdowns,Hardening schools/Arming teachers,-1,-1,3,5,3,1.4970228592367723,1,1,1,0.6549475009160878,-3,-1,2,-2,-4,2,4,-2,2,2,4,1,Right,6.206700000047683
1,R_1eEotFgXgjm2k7Z,20,f,1,1,5439.900000095367,Mandatory drug tests for welfare recipients,Hardening schools/Arming teachers,1,1,3,6,3,1.4970228592367723,1,1,1,0.6549475009160878,3,1,2,2,5,2,5,2,-2,2,5,0,Left,5.439900000095367
1,R_1eEotFgXgjm2k7Z,21,j,2,0,3790.2000000476837,Mandatory vaccinations,Mandatory drug tests for welfare recipients,1,1,-3,8,4,-1.029203215725281,3,6,3,1.4970228592367723,-3,3,6,6,-2,6,2,-6,6,-6,2,1,Right,3.7902000000476836
1,R_1eEotFgXgjm2k7Z,22,f,1,1,3782.2000000476837,Raise the minimum wage,Affirmative action,-1,1,-3,5,4,-1.029203215725281,-2,5,3,-0.6081655365649388,3,-2,5,-1,0,5,0,5,-5,-1,0,0,Left,3.7822000000476836
1,R_1eEotFgXgjm2k7Z,23,f,1,1,7394.700000047684,Remove police from schools,Climate change legislation,-1,1,-3,5,2,-1.029203215725281,-2,1,2,-0.6081655365649388,3,-2,5,-1,4,5,4,5,-5,-1,4,0,Left,7.394700000047684
1,R_1eEotFgXgjm2k7Z,24,f,1,1,5368.799999952316,Mandatory drug tests for welfare recipients,Abolishing fraternities,-1,1,3,6,3,1.4970228592367723,-2,2,1,-0.6081655365649388,-3,-2,-1,5,4,1,4,-1,1,5,4,0,Left,5.368799999952317
1,R_1eEotFgXgjm2k7Z,25,j,2,0,2383.3000000715256,Mandatory drug tests for welfare recipients,War on Drugs,-1,1,3,6,3,1.4970228592367723,3,7,4,1.4970228592367723,-3,3,6,0,1,6,1,-6,6,0,-1,1,Right,2.3833000000715256
1,R_1eEotFgXgjm2k7Z,26,f,1,1,8814.399999976158,Remove Christopher Columbus statues,Hardening schools/Arming teachers,-1,-1,-3,5,2,-1.029203215725281,1,1,1,0.6549475009160878,3,-1,4,-4,4,4,4,4,-4,-4,4,0,Left,8.814399999976159
1,R_1eEotFgXgjm2k7Z,27,f,1,1,2489.100000023842,Lift COVID lockdowns,Increased Gun regulations,-1,1,3,5,3,1.4970228592367723,-2,6,3,-0.6081655365649388,-3,-2,-1,5,-1,1,1,-1,1,5,-1,0,Left,2.489100000023842
1,R_1eEotFgXgjm2k7Z,28,f,1,1,3685,Mandatory drug tests for welfare recipients,Ban on research with animals,1,1,3,6,3,1.4970228592367723,2,6,3,1.07598518007643,3,2,1,1,0,1,0,1,-1,1,0,0,Left,3.685
1,R_1eEotFgXgjm2k7Z,29,j,2,0,5673.399999976158,Mandatory training on sexual consent,Remove police from schools,1,-1,0,0,1,0.2339098217557456,-3,5,2,-1.029203215725281,0,3,3,-3,5,3,5,-3,3,3,-5,1,Right,5.673399999976158
1,R_1eEotFgXgjm2k7Z,30,f,1,1,9611.300000071526,Mask mandates,Stop police brutality,1,1,-3,3,4,-1.029203215725281,3,5,3,1.4970228592367723,-3,3,-6,-6,-2,6,2,-6,6,-6,-2,0,Left,9.611300000071525
1,R_1eEotFgXgjm2k7Z,31,f,1,1,3781.899999976158,Defund Planned Parenthood,Remove police from schools,-1,1,1,6,1,0.6549475009160878,-3,5,2,-1.029203215725281,-1,-3,2,4,1,2,1,2,-2,4,1,0,Left,3.781899999976158
1,R_1eEotFgXgjm2k7Z,32,f,1,1,3534.7000000476837,Affirmative action,Remove police from schools,-1,-1,-2,5,3,-0.6081655365649388,-3,5,2,-1.029203215725281,2,3,-1,1,0,1,0,-1,1,1,0,0,Left,3.5347000000476836
1,R_1eEotFgXgjm2k7Z,33,f,1,1,4353,Mandatory drug tests for welfare recipients,Ban on research with animals,1,-1,3,6,3,1.4970228592367723,2,6,3,1.07598518007643,3,-2,5,1,0,5,0,5,-5,1,0,0,Left,4.353
1,R_1eEotFgXgjm2k7Z,34,f,1,1,10291,Affirmative action,Stop police brutality,-1,-1,-2,5,3,-0.6081655365649388,3,5,3,1.4970228592367723,2,-3,5,-5,0,5,0,5,-5,-5,0,0,Left,10.291
1,R_1eEotFgXgjm2k7Z,35,j,2,0,4059.6999999284744,Mandatory drug tests for welfare recipients,Lift COVID lockdowns,-1,-1,3,6,3,1.4970228592367723,3,5,3,1.4970228592367723,-3,-3,0,0,-1,0,1,0,0,0,1,1,Right,4.059699999928474
1,R_1eEotFgXgjm2k7Z,36,f,1,1,3168.100000023842,Mandatory drug tests for welfare recipients,Defund Planned Parenthood,1,1,3,6,3,1.4970228592367723,1,6,1,0.6549475009160878,3,1,2,2,0,2,0,2,-2,2,0,0,Left,3.1681000000238417
1,R_1eEotFgXgjm2k7Z,37,j,2,0,3242.2000000476837,Mandatory trigger warnings,Remove Christopher Columbus statues,-1,-1,-2,0,2,-0.6081655365649388,-3,5,2,-1.029203215725281,2,3,1,-1,5,1,5,-1,1,1,-5,1,Right,3.2422000000476836
1,R_1eEotFgXgjm2k7Z,38,f,1,1,3945.399999976158,Mandatory drug tests for welfare recipients,Recognize Jerusalem as capital of Israel,1,-1,3,6,3,1.4970228592367723,1,1,1,0.6549475009160878,3,-1,4,2,5,4,5,4,-4,2,5,0,Left,3.945399999976158
1,R_1eEotFgXgjm2k7Z,39,j,2,0,3377.6999999284744,Mandatory trigger warnings,Raise the minimum wage,1,1,-2,0,2,-0.6081655365649388,-3,5,4,-1.029203215725281,-2,-3,-1,-1,5,1,5,1,-1,1,-5,1,Right,3.3776999999284745
1,R_1eEotFgXgjm2k7Z,40,f,1,1,3868.600000023842,Raise the minimum wage,Mandatory trigger warnings,-1,1,-3,5,4,-1.029203215725281,-2,0,2,-0.6081655365649388,3,-2,5,-1,5,5,5,5,-5,-1,5,0,Left,3.868600000023842
1,R_1eEotFgXgjm2k7Z,41,j,2,0,5607.399999976158,Stop police brutality,Defund Planned Parenthood,-1,1,3,5,3,1.4970228592367723,1,6,1,0.6549475009160878,-3,1,4,-2,1,4,1,-4,4,2,-1,1,Right,5.607399999976158
1,R_1eEotFgXgjm2k7Z,42,j,2,0,3317.2000000476837,Abolishing fraternities,Remove Christopher Columbus statues,-1,-1,-2,2,1,-0.6081655365649388,-3,5,2,-1.029203215725281,2,3,1,-1,3,1,3,-1,1,1,-3,1,Right,3.317200000047684
1,R_1eEotFgXgjm2k7Z,43,j,2,0,6267.800000071526,Black Lives Matter,Mandatory drug tests for welfare recipients,1,1,-2,7,3,-0.6081655365649388,3,6,3,1.4970228592367723,-2,3,5,5,-1,5,1,-5,5,-5,1,1,Right,6.267800000071525
1,R_1eEotFgXgjm2k7Z,44,f,1,1,2373.600000023842,Mandatory drug tests for welfare recipients,Mask mandates,1,1,3,6,3,1.4970228592367723,-3,3,4,-1.029203215725281,3,-3,6,6,3,6,3,6,-6,6,3,0,Left,2.373600000023842
1,R_1eEotFgXgjm2k7Z,45,j,2,0,4179.700000047684,Affirmative action,Mandatory drug tests for welfare recipients,-1,1,-2,5,3,-0.6081655365649388,3,6,3,1.4970228592367723,2,3,1,5,1,1,1,-1,1,-5,-1,1,Right,4.179700000047684
1,R_1eEotFgXgjm2k7Z,46,j,2,0,3205.2999999523163,On campus concealed carry,Mandatory drug tests for welfare recipients,1,1,2,2,1,1.07598518007643,3,6,3,1.4970228592367723,2,3,1,1,4,1,4,-1,1,-1,-4,1,Right,3.205299999952316
1,R_1eEotFgXgjm2k7Z,47,j,2,0,3799.0999999046326,Remove police from schools,Lift COVID lockdowns,1,1,-3,5,2,-1.029203215725281,3,5,3,1.4970228592367723,-3,3,6,6,0,6,0,-6,6,-6,0,1,Right,3.7990999999046324
1,R_1eEotFgXgjm2k7Z,48,f,1,1,3486,Mandatory drug tests for welfare recipients,Black Lives Matter,1,-1,3,6,3,1.4970228592367723,-2,7,3,-0.6081655365649388,3,2,1,5,-1,1,1,1,-1,5,-1,0,Left,3.486
1,R_1eEotFgXgjm2k7Z,49,j,2,0,4620.799999952316,Remove police from schools,Abolishing fraternities,1,1,-3,5,2,-1.029203215725281,-2,2,1,-0.6081655365649388,-3,-2,1,1,-3,1,3,-1,1,-1,3,1,Right,4.620799999952316
1,R_1eEotFgXgjm2k7Z,50,j,2,0,3556.600000023842,Raise the minimum wage,Mask mandates,1,-1,-3,5,4,-1.029203215725281,-3,3,4,-1.029203215725281,-3,3,6,0,-2,6,2,-6,6,0,2,1,Right,3.556600000023842
1,R_1eEotFgXgjm2k7Z,51,f,1,1,4875.199999928474,Remove public Confederate memorials,Mandatory drug tests for welfare recipients,-1,-1,-3,4,2,-1.029203215725281,3,6,3,1.4970228592367723,3,-3,6,-6,-2,6,2,6,-6,-6,-2,0,Left,4.8751999999284745
1,R_1eEotFgXgjm2k7Z,52,f,1,1,4418.300000071526,Lift COVID lockdowns,Remove public Confederate memorials,-1,1,3,5,3,1.4970228592367723,-3,4,2,-1.029203215725281,-3,-3,0,6,1,0,1,0,0,6,1,0,Left,4.418300000071525
1,R_1eEotFgXgjm2k7Z,53,j,2,0,3934.899999976158,Remove police from schools,Mandatory drug tests for welfare recipients,-1,-1,-3,5,2,-1.029203215725281,3,6,3,1.4970228592367723,3,-3,-6,6,1,6,1,6,-6,-6,-1,1,Right,3.934899999976158
1,R_1eEotFgXgjm2k7Z,54,j,2,0,5062,Defund Planned Parenthood,Remove police from schools,-1,-1,1,6,1,0.6549475009160878,-3,5,2,-1.029203215725281,-1,3,4,-4,-1,4,1,-4,4,4,1,1,Right,5.062
1,R_1eEotFgXgjm2k7Z,55,j,2,0,3842.899999976158,Physician-assisted suicide,Lift COVID lockdowns,-1,-1,2,3,3,1.07598518007643,3,5,3,1.4970228592367723,-2,-3,-1,1,2,1,2,1,-1,-1,-2,1,Right,3.842899999976158
1,R_1eEotFgXgjm2k7Z,56,j,2,0,6701.699999928474,Abortion rights,Mandatory drug tests for welfare recipients,-1,1,2,1,4,1.07598518007643,3,6,3,1.4970228592367723,-2,3,5,1,5,5,5,-5,5,-1,-5,1,Right,6.701699999928475
1,R_1eEotFgXgjm2k7Z,57,f,1,1,3426.5,Mandatory vaccinations,Mandatory drug tests for welfare recipients,-1,1,-3,8,4,-1.029203215725281,3,6,3,1.4970228592367723,3,3,0,-6,2,0,2,0,0,-6,2,0,Left,3.4265
1,R_1eEotFgXgjm2k7Z,58,f,1,1,3745,Mandatory drug tests for welfare recipients,Mandatory vaccinations,-1,1,3,6,3,1.4970228592367723,-3,8,4,-1.029203215725281,-3,-3,0,6,-2,0,2,0,0,6,-2,0,Left,3.745
1,R_1eEotFgXgjm2k7Z,59,f,1,1,3673.100000023842,Mandatory drug tests for welfare recipients,Ban on research with animals,-1,-1,3,6,3,1.4970228592367723,2,6,3,1.07598518007643,-3,-2,-1,1,0,1,0,-1,1,1,0,0,Left,3.673100000023842
1,R_1eEotFgXgjm2k7Z,60,j,2,0,7120.200000047684,Remove Christopher Columbus statues,Mandatory drug tests for welfare recipients,-1,1,-3,5,2,-1.029203215725281,3,6,3,1.4970228592367723,3,3,0,6,1,0,1,0,0,-6,-1,1,Right,7.120200000047683
1,R_1eEotFgXgjm2k7Z,61,f,1,1,5663.200000047684,Gun-free campus police,Mandatory drug tests for welfare recipients,-1,-1,-2,3,1,-0.6081655365649388,3,6,3,1.4970228592367723,2,-3,5,-5,-3,5,3,5,-5,-5,-3,0,Left,5.663200000047683
1,R_1eEotFgXgjm2k7Z,62,f,1,1,2752.2999999523163,Mandatory drug tests for welfare recipients,Abolishing fraternities,1,1,3,6,3,1.4970228592367723,-2,2,1,-0.6081655365649388,3,-2,5,5,4,5,4,5,-5,5,4,0,Left,2.7522999999523163
1,R_1eEotFgXgjm2k7Z,63,f,1,1,4034.399999976158,Stop police brutality,Defund the police,1,1,3,5,3,1.4970228592367723,-3,8,3,-1.029203215725281,3,-3,6,6,-3,6,3,6,-6,6,-3,0,Left,4.034399999976158
1,R_1eEotFgXgjm2k7Z,64,f,1,1,4173.399999976158,Remove police from schools,Black Lives Matter,1,1,-3,5,2,-1.029203215725281,-2,7,3,-0.6081655365649388,-3,-2,-1,-1,-2,1,2,-1,1,-1,-2,0,Left,4.173399999976158
1,R_1eEotFgXgjm2k7Z,65,j,2,0,4754.700000047684,Physician-assisted suicide,Mandatory drug tests for welfare recipients,1,1,2,3,3,1.07598518007643,3,6,3,1.4970228592367723,2,3,1,1,3,1,3,-1,1,-1,-3,1,Right,4.754700000047683
1,R_1eEotFgXgjm2k7Z,66,f,1,1,2730.899999976158,Physician-assisted suicide,Lift COVID lockdowns,1,-1,2,3,3,1.07598518007643,3,5,3,1.4970228592367723,2,-3,5,-1,-2,5,2,5,-5,-1,-2,0,Left,2.7308999999761583
1,R_1eEotFgXgjm2k7Z,67,f,1,1,1910.5,Mandatory drug tests for welfare recipients,Gun-free campus police,1,1,3,6,3,1.4970228592367723,-2,3,1,-0.6081655365649388,3,-2,5,5,3,5,3,5,-5,5,3,0,Left,1.9105
1,R_1eEotFgXgjm2k7Z,68,j,2,0,13557.199999928474,Legalization of marijuana,Defund the police,1,-1,-3,5,3,-1.029203215725281,-3,8,3,-1.029203215725281,-3,3,6,0,3,6,3,-6,6,0,-3,1,Right,13.557199999928475
1,R_1eEotFgXgjm2k7Z,69,j,2,0,2767.1999999284744,Raise the minimum wage,Defund the police,-1,-1,-3,5,4,-1.029203215725281,-3,8,3,-1.029203215725281,3,3,0,0,3,0,3,0,0,0,-3,1,Right,2.7671999999284744
1,R_1eEotFgXgjm2k7Z,70,f,1,1,2940.7000000476837,Mandatory drug tests for welfare recipients,Mandatory training on sexual consent,1,1,3,6,3,1.4970228592367723,0,0,1,0.2339098217557456,3,0,3,3,6,3,6,3,-3,3,6,0,Left,2.9407000000476837
1,R_1eEotFgXgjm2k7Z,71,f,1,1,5414.600000023842,Mask mandates,Mandatory drug tests for welfare recipients,-1,-1,-3,3,4,-1.029203215725281,3,6,3,1.4970228592367723,3,-3,6,-6,-3,6,3,6,-6,-6,-3,0,Left,5.4146000000238415
1,R_1eEotFgXgjm2k7Z,72,f,1,1,3178.3000000715256,Mandatory drug tests for welfare recipients,Remove public Confederate memorials,-1,1,3,6,3,1.4970228592367723,-3,4,2,-1.029203215725281,-3,-3,0,6,2,0,2,0,0,6,2,0,Left,3.1783000000715256
1,R_1eEotFgXgjm2k7Z,73,j,2,0,4568.5,Mask mandates,Mandatory drug tests for welfare recipients,-1,1,-3,3,4,-1.029203215725281,3,6,3,1.4970228592367723,3,3,0,6,3,0,3,0,0,-6,-3,1,Right,4.5685
1,R_1eEotFgXgjm2k7Z,74,f,1,1,3164.5,Mandatory drug tests for welfare recipients,Defund Planned Parenthood,1,-1,3,6,3,1.4970228592367723,1,6,1,0.6549475009160878,3,-1,4,2,0,4,0,4,-4,2,0,0,Left,3.1645
1,R_1eEotFgXgjm2k7Z,75,f,1,1,2665.1999999284744,Ban on research with animals,Remove police from schools,1,1,2,6,3,1.07598518007643,-3,5,2,-1.029203215725281,2,-3,5,5,1,5,1,5,-5,5,1,0,Left,2.6651999999284746
1,R_1eEotFgXgjm2k7Z,76,f,1,1,4875,Remove police from schools,Defund the police,1,1,-3,5,2,-1.029203215725281,-3,8,3,-1.029203215725281,-3,-3,0,0,-3,0,3,0,0,0,-3,0,Left,4.875
1,R_1eEotFgXgjm2k7Z,77,f,1,1,6076.800000071526,Remove Christopher Columbus statues,War on Drugs,-1,-1,-3,5,2,-1.029203215725281,3,7,4,1.4970228592367723,3,-3,6,-6,-2,6,2,6,-6,-6,-2,0,Left,6.076800000071525
1,R_1eEotFgXgjm2k7Z,78,j,2,0,3712.600000023842,Black Lives Matter,Remove police from schools,1,-1,-2,7,3,-0.6081655365649388,-3,5,2,-1.029203215725281,-2,3,5,-1,-2,5,2,-5,5,1,2,1,Right,3.712600000023842
1,R_1eEotFgXgjm2k7Z,79,f,1,1,3917.7999999523163,Black Lives Matter,Lift COVID lockdowns,-1,1,-2,7,3,-0.6081655365649388,3,5,3,1.4970228592367723,2,3,-1,-5,2,1,2,-1,1,-5,2,0,Left,3.917799999952316
1,R_1eEotFgXgjm2k7Z,80,f,1,1,3953.2999999523163,Lift COVID lockdowns,Physician-assisted suicide,1,1,3,5,3,1.4970228592367723,2,3,3,1.07598518007643,3,2,1,1,2,1,2,1,-1,1,2,0,Left,3.9532999999523164
1,R_1eEotFgXgjm2k7Z,81,f,1,1,3336.3000000715256,Mandatory training on sexual consent,Remove Christopher Columbus statues,-1,1,0,0,1,0.2339098217557456,-3,5,2,-1.029203215725281,-0,-3,3,3,-5,3,5,3,-3,3,-5,0,Left,3.3363000000715255
1,R_1eEotFgXgjm2k7Z,82,f,1,1,5117.399999976158,Mandatory drug tests for welfare recipients,Mask mandates,-1,1,3,6,3,1.4970228592367723,-3,3,4,-1.029203215725281,-3,-3,0,6,3,0,3,0,0,6,3,0,Left,5.117399999976159
1,R_1eEotFgXgjm2k7Z,83,j,2,0,3198.5,Increased Gun regulations,Lift COVID lockdowns,1,1,-2,6,3,-0.6081655365649388,3,5,3,1.4970228592367723,-2,3,5,5,-1,5,1,-5,5,-5,1,1,Right,3.1985
1,R_1eEotFgXgjm2k7Z,84,f,1,1,3052.100000023842,Remove public Confederate memorials,Remove police from schools,-1,1,-3,4,2,-1.029203215725281,-3,5,2,-1.029203215725281,3,-3,6,0,-1,6,1,6,-6,0,-1,0,Left,3.052100000023842
1,R_1eEotFgXgjm2k7Z,85,f,1,1,3540.600000023842,Raise the minimum wage,Remove public Confederate memorials,-1,1,-3,5,4,-1.029203215725281,-3,4,2,-1.029203215725281,3,-3,6,0,1,6,1,6,-6,0,1,0,Left,3.540600000023842
1,R_1eEotFgXgjm2k7Z,86,j,2,0,2947.9000000953674,Remove public Confederate memorials,Mandatory drug tests for welfare recipients,1,1,-3,4,2,-1.029203215725281,3,6,3,1.4970228592367723,-3,3,6,6,2,6,2,-6,6,-6,-2,1,Right,2.9479000000953675
1,R_1eEotFgXgjm2k7Z,87,f,1,1,3493.2999999523163,Ban on research with animals,Raise the minimum wage,1,-1,2,6,3,1.07598518007643,-3,5,4,-1.029203215725281,2,3,-1,5,1,1,1,-1,1,5,1,0,Left,3.4932999999523164
1,R_1eEotFgXgjm2k7Z,88,f,1,1,4815.799999952316,Mandatory drug tests for welfare recipients,War on Drugs,1,1,3,6,3,1.4970228592367723,3,7,4,1.4970228592367723,3,3,0,0,-1,0,1,0,0,0,-1,0,Left,4.815799999952317
1,R_1eEotFgXgjm2k7Z,89,j,2,0,3095.1999999284744,War on Drugs,Mandatory drug tests for welfare recipients,-1,-1,3,7,4,1.4970228592367723,3,6,3,1.4970228592367723,-3,-3,0,0,-1,0,1,0,0,0,1,1,Right,3.0951999999284743
1,R_1eEotFgXgjm2k7Z,90,j,2,0,2599.600000023842,Legalization of marijuana,Abolishing fraternities,1,-1,-3,5,3,-1.029203215725281,-2,2,1,-0.6081655365649388,-3,2,5,1,-3,5,3,-5,5,-1,3,1,Right,2.599600000023842
1,R_1eEotFgXgjm2k7Z,91,f,1,1,2460,Mandatory drug tests for welfare recipients,Mandatory drug tests for welfare recipients,1,-1,3,6,3,1.4970228592367723,3,6,3,1.4970228592367723,3,-3,6,0,0,6,0,6,-6,0,0,0,Left,2.46
1,R_1eEotFgXgjm2k7Z,92,j,2,0,3081.7000000476837,Hardening schools/Arming teachers,Remove Christopher Columbus statues,1,-1,1,1,1,0.6549475009160878,-3,5,2,-1.029203215725281,1,3,2,-4,4,2,4,-2,2,4,-4,1,Right,3.0817000000476837
1,R_1eEotFgXgjm2k7Z,93,f,1,1,3592.3000000715256,Mandatory drug tests for welfare recipients,Remove public Confederate memorials,1,-1,3,6,3,1.4970228592367723,-3,4,2,-1.029203215725281,3,3,0,6,2,0,2,0,0,6,2,0,Left,3.5923000000715257
1,R_1eEotFgXgjm2k7Z,94,f,1,1,6945.299999952316,Abortion rights,Remove police from schools,-1,1,2,1,4,1.07598518007643,-3,5,2,-1.029203215725281,-2,-3,1,5,-4,1,4,1,-1,5,-4,0,Left,6.945299999952316
1,R_1eEotFgXgjm2k7Z,95,f,1,1,6909.5,Remove Christopher Columbus statues,War on Drugs,1,-1,-3,5,2,-1.029203215725281,3,7,4,1.4970228592367723,-3,-3,0,-6,-2,0,2,0,0,-6,-2,0,Left,6.9095
1,R_1eEotFgXgjm2k7Z,96,j,2,0,2983,Mandatory drug tests for welfare recipients,On campus concealed carry,-1,1,3,6,3,1.4970228592367723,2,2,1,1.07598518007643,-3,2,5,-1,-4,5,4,-5,5,1,4,1,Right,2.983
1,R_1eEotFgXgjm2k7Z,97,j,2,0,4323.099999904633,Defund Planned Parenthood,Remove Christopher Columbus statues,1,-1,1,6,1,0.6549475009160878,-3,5,2,-1.029203215725281,1,3,2,-4,-1,2,1,-2,2,4,1,1,Right,4.323099999904633
1,R_1eEotFgXgjm2k7Z,98,j,2,0,4591.899999976158,Abortion rights,Lift COVID lockdowns,1,1,2,1,4,1.07598518007643,3,5,3,1.4970228592367723,2,3,1,1,4,1,4,-1,1,-1,-4,1,Right,4.5918999999761585
1,R_1eEotFgXgjm2k7Z,99,f,1,1,2894.5,Mandatory drug tests for welfare recipients,Legalization of marijuana,1,1,3,6,3,1.4970228592367723,-3,5,3,-1.029203215725281,3,-3,6,6,1,6,1,6,-6,6,1,0,Left,2.8945
1,R_1eEotFgXgjm2k7Z,100,j,2,0,1858.8000000715256,Remove police from schools,War on Drugs,1,1,-3,5,2,-1.029203215725281,3,7,4,1.4970228592367723,-3,3,6,6,2,6,2,-6,6,-6,-2,1,Right,1.8588000000715257
18,R_32SljSkAHRv1s4C,1,f,1,1,2056.800000190735,Bathrooms restricted based on biological sex,Physician-assisted suicide,1,1,2,7,3,0.3486083443891983,2,6,3,0.3486083443891983,2,2,0,0,1,0,1,0,0,0,1,0,Left,2.056800000190735
18,R_32SljSkAHRv1s4C,2,f,1,1,78.30000019073486,Mandatory trigger warnings,Mandatory training on sexual consent,1,1,1,6,3,-1.2201292053621933,3,7,3,1.91734589414059,1,3,-2,-2,-1,2,1,-2,2,-2,-1,0,Left,0.07830000019073487
18,R_32SljSkAHRv1s4C,3,f,1,1,229,Defund Planned Parenthood,Recognize Jerusalem as capital of Israel,1,-1,3,7,3,1.91734589414059,2,7,2,0.3486083443891983,3,-2,5,1,0,5,0,5,-5,1,0,0,Left,0.229
18,R_32SljSkAHRv1s4C,4,f,1,1,176.30000019073486,University Campus should be a Sanctuary,On campus concealed carry,1,-1,3,6,3,1.91734589414059,2,3,3,0.3486083443891983,3,-2,5,1,3,5,3,5,-5,1,3,0,Left,0.17630000019073486
18,R_32SljSkAHRv1s4C,5,f,1,1,721.1999998092651,On campus concealed carry,Mandatory training on sexual consent,-1,-1,2,3,3,0.3486083443891983,3,7,3,1.91734589414059,-2,-3,1,-1,-4,1,4,1,-1,-1,-4,0,Left,0.7211999998092652
18,R_32SljSkAHRv1s4C,6,f,1,1,187.2999997138977,Tuition increases,War on Drugs,1,1,2,8,4,0.3486083443891983,2,6,3,0.3486083443891983,2,2,0,0,2,0,2,0,0,0,2,0,Left,0.1872999997138977
18,R_32SljSkAHRv1s4C,7,f,1,1,23060.700000286102,Defund Planned Parenthood,Ban on ethnic Halloween costumes,-1,1,3,7,3,1.91734589414059,1,7,3,-1.2201292053621933,-3,1,-4,2,0,4,0,-4,4,2,0,0,Left,23.0607000002861
18,R_32SljSkAHRv1s4C,8,f,1,1,1605,Recognize Jerusalem as capital of Israel,Expel students with white nationlist views,-1,-1,2,7,2,0.3486083443891983,1,6,4,-1.2201292053621933,-2,-1,-1,1,1,1,1,-1,1,1,1,0,Left,1.605
18,R_32SljSkAHRv1s4C,9,j,2,0,2465.699999809265,Build southern border wall,Defund Planned Parenthood,-1,-1,1,7,3,-1.2201292053621933,3,7,3,1.91734589414059,-1,-3,-2,2,0,2,0,2,-2,-2,0,1,Right,2.465699999809265
18,R_32SljSkAHRv1s4C,10,f,1,1,1765,Safe injection locations,On campus concealed carry,1,-1,2,7,3,0.3486083443891983,2,3,3,0.3486083443891983,2,-2,4,0,4,4,4,4,-4,0,4,0,Left,1.765
18,R_32SljSkAHRv1s4C,11,f,1,1,16197.099999904633,University Campus should be a Sanctuary,Tuition increases,-1,1,3,6,3,1.91734589414059,2,8,4,0.3486083443891983,-3,2,-5,1,-2,5,2,-5,5,1,-2,0,Left,16.197099999904633
18,R_32SljSkAHRv1s4C,12,f,1,1,4580.900000095367,Tuition increases,University Campus should be a Sanctuary,-1,-1,2,8,4,0.3486083443891983,3,6,3,1.91734589414059,-2,-3,1,-1,2,1,2,1,-1,-1,2,0,Left,4.580900000095367
18,R_32SljSkAHRv1s4C,13,j,2,0,2275.0999999046326,Mandatory training on sexual consent,Defund Planned Parenthood,1,-1,3,7,3,1.91734589414059,3,7,3,1.91734589414059,3,-3,-6,0,0,6,0,6,-6,0,0,1,Right,2.2750999999046324
18,R_32SljSkAHRv1s4C,14,f,1,1,2056.800000190735,Mandatory training on sexual consent,Abolishing private prisons,-1,1,3,7,3,1.91734589414059,2,6,3,0.3486083443891983,-3,2,-5,1,1,5,1,-5,5,1,1,0,Left,2.056800000190735
18,R_32SljSkAHRv1s4C,15,j,2,0,4324.900000095367,Mandatory training on sexual consent,Ban on ethnic Halloween costumes,1,-1,3,7,3,1.91734589414059,1,7,3,-1.2201292053621933,3,-1,-4,-2,0,4,0,4,-4,2,0,1,Right,4.324900000095368
18,R_32SljSkAHRv1s4C,16,j,2,0,5312.300000190735,Stop police brutality,Tuition increases,1,-1,2,7,3,0.3486083443891983,2,8,4,0.3486083443891983,2,-2,-4,0,1,4,1,4,-4,0,-1,1,Right,5.312300000190735
18,R_32SljSkAHRv1s4C,17,f,1,1,4630.5,Tuition increases,On campus concealed carry,-1,1,2,8,4,0.3486083443891983,2,3,3,0.3486083443891983,-2,2,-4,0,5,4,5,-4,4,0,5,0,Left,4.6305
18,R_32SljSkAHRv1s4C,18,j,2,0,3520.4000000953674,Remove Christopher Columbus statues,Expel students with white nationlist views,-1,1,2,7,3,0.3486083443891983,1,6,4,-1.2201292053621933,-2,1,3,-1,-1,3,1,-3,3,1,1,1,Right,3.5204000000953672
18,R_32SljSkAHRv1s4C,19,j,2,0,1229,Mask mandates,Gun-free campus police,1,1,1,7,3,-1.2201292053621933,2,7,3,0.3486083443891983,1,2,1,1,0,1,0,-1,1,-1,0,1,Right,1.229
18,R_32SljSkAHRv1s4C,20,j,2,0,3489.5,Religious exemptions for discrimination laws,War on Drugs,1,1,3,7,2,1.91734589414059,2,6,3,0.3486083443891983,3,2,-1,-1,-1,1,1,1,-1,1,1,1,Right,3.4895
18,R_32SljSkAHRv1s4C,21,f,1,1,396014.39999961853,Cuts to National Parks budget,Ban on ethnic Halloween costumes,-1,-1,2,6,3,0.3486083443891983,1,7,3,-1.2201292053621933,-2,-1,-1,1,-1,1,1,-1,1,1,-1,0,Left,396.01439999961855
18,R_32SljSkAHRv1s4C,22,f,1,1,1648.9000000953674,Mandatory vaccinations,Physician-assisted suicide,-1,-1,1,6,3,-1.2201292053621933,2,6,3,0.3486083443891983,-1,-2,1,-1,0,1,0,1,-1,-1,0,0,Left,1.6489000000953675
18,R_32SljSkAHRv1s4C,23,j,2,0,1809.3000001907349,Mask mandates,Remove public Confederate memorials,1,-1,1,7,3,-1.2201292053621933,2,7,3,0.3486083443891983,1,-2,-3,1,0,3,0,3,-3,-1,0,1,Right,1.809300000190735
18,R_32SljSkAHRv1s4C,24,f,1,1,2150,War on Drugs,Stop police brutality,-1,-1,2,6,3,0.3486083443891983,2,7,3,0.3486083443891983,-2,-2,0,0,-1,0,1,0,0,0,-1,0,Left,2.15
18,R_32SljSkAHRv1s4C,25,j,2,0,3032.9000000953674,On campus concealed carry,Cuts to National Parks budget,1,-1,2,3,3,0.3486083443891983,2,6,3,0.3486083443891983,2,-2,-4,0,3,4,3,4,-4,0,-3,1,Right,3.0329000000953674
18,R_32SljSkAHRv1s4C,26,f,1,1,31720.900000095367,Defund Planned Parenthood,University Campus should be a Sanctuary,-1,-1,3,7,3,1.91734589414059,3,6,3,1.91734589414059,-3,-3,0,0,1,0,1,0,0,0,1,0,Left,31.720900000095366
18,R_32SljSkAHRv1s4C,27,j,2,0,1180.6000003814697,War on Drugs,University Campus should be a Sanctuary,-1,-1,2,6,3,0.3486083443891983,3,6,3,1.91734589414059,-2,-3,-1,1,0,1,0,1,-1,-1,0,1,Right,1.1806000003814696
18,R_32SljSkAHRv1s4C,28,f,1,1,36717.2000002861,Abolishing private prisons,Defund the police,1,1,2,6,3,0.3486083443891983,1,7,3,-1.2201292053621933,2,1,1,1,-1,1,1,1,-1,1,-1,0,Left,36.717200000286105
18,R_32SljSkAHRv1s4C,29,j,2,0,1676.9000000953674,On campus concealed carry,Defund the police,1,-1,2,3,3,0.3486083443891983,1,7,3,-1.2201292053621933,2,-1,-3,-1,4,3,4,3,-3,1,-4,1,Right,1.6769000000953673
18,R_32SljSkAHRv1s4C,30,j,2,0,1670.2000002861023,Mandatory training on sexual consent,Tuition increases,-1,-1,3,7,3,1.91734589414059,2,8,4,0.3486083443891983,-3,-2,1,-1,1,1,1,-1,1,1,-1,1,Right,1.6702000002861024
18,R_32SljSkAHRv1s4C,31,j,2,0,837.1000003814697,University Campus should be a Sanctuary,University Campus should be a Sanctuary,1,-1,3,6,3,1.91734589414059,3,6,3,1.91734589414059,3,-3,-6,0,0,6,0,6,-6,0,0,1,Right,0.8371000003814697
18,R_32SljSkAHRv1s4C,32,f,1,1,2051.300000190735,Mandatory training on sexual consent,Gun-free campus police,-1,-1,3,7,3,1.91734589414059,2,7,3,0.3486083443891983,-3,-2,-1,1,0,1,0,-1,1,1,0,0,Left,2.051300000190735
18,R_32SljSkAHRv1s4C,33,f,1,1,16642.800000190735,Religious exemptions for discrimination laws,On campus concealed carry,1,-1,3,7,2,1.91734589414059,2,3,3,0.3486083443891983,3,-2,5,1,4,5,4,5,-5,1,4,0,Left,16.642800000190736
18,R_32SljSkAHRv1s4C,34,j,2,0,1818.8000001907349,On campus concealed carry,Remove Christopher Columbus statues,1,1,2,3,3,0.3486083443891983,2,7,3,0.3486083443891983,2,2,0,0,4,0,4,0,0,0,-4,1,Right,1.818800000190735
18,R_32SljSkAHRv1s4C,35,f,1,1,1456,University Campus should be a Sanctuary,Remove Christopher Columbus statues,-1,1,3,6,3,1.91734589414059,2,7,3,0.3486083443891983,-3,2,-5,1,-1,5,1,-5,5,1,-1,0,Left,1.456
18,R_32SljSkAHRv1s4C,36,j,2,0,1884.0999999046326,University Campus should be a Sanctuary,Mandatory training on sexual consent,1,1,3,6,3,1.91734589414059,3,7,3,1.91734589414059,3,3,0,0,1,0,1,0,0,0,-1,1,Right,1.8840999999046326
18,R_32SljSkAHRv1s4C,37,f,1,1,1258.3999996185303,Tuition increases,On campus concealed carry,1,1,2,8,4,0.3486083443891983,2,3,3,0.3486083443891983,2,2,0,0,5,0,5,0,0,0,5,0,Left,1.2583999996185302
18,R_32SljSkAHRv1s4C,38,f,1,1,10111.699999809265,Religious exemptions for discrimination laws,University Campus should be a Sanctuary,1,-1,3,7,2,1.91734589414059,3,6,3,1.91734589414059,3,-3,6,0,1,6,1,6,-6,0,1,0,Left,10.111699999809264
18,R_32SljSkAHRv1s4C,39,f,1,1,95,Gun-free campus police,Tuition increases,-1,1,2,7,3,0.3486083443891983,2,8,4,0.3486083443891983,-2,2,-4,0,-1,4,1,-4,4,0,-1,0,Left,0.095
18,R_32SljSkAHRv1s4C,40,f,1,1,60.39999961853027,Mask mandates,Mandatory training on sexual consent,1,1,1,7,3,-1.2201292053621933,3,7,3,1.91734589414059,1,3,-2,-2,0,2,0,-2,2,-2,0,0,Left,0.06039999961853027
18,R_32SljSkAHRv1s4C,41,f,1,1,26.5,On campus concealed carry,Safe injection locations,-1,-1,2,3,3,0.3486083443891983,2,7,3,0.3486083443891983,-2,-2,0,0,-4,0,4,0,0,0,-4,0,Left,0.0265
18,R_32SljSkAHRv1s4C,42,j,2,0,47.89999961853027,Mask mandates,Gun-free campus police,-1,1,1,7,3,-1.2201292053621933,2,7,3,0.3486083443891983,-1,2,3,1,0,3,0,-3,3,-1,0,1,Right,0.047899999618530274
18,R_32SljSkAHRv1s4C,43,j,2,0,22632.800000190735,Mandatory trigger warnings,Religious exemptions for discrimination laws,-1,1,1,6,3,-1.2201292053621933,3,7,2,1.91734589414059,-1,3,4,2,1,4,1,-4,4,-2,-1,1,Right,22.632800000190734
18,R_32SljSkAHRv1s4C,44,j,2,0,1945.5999999046326,University Campus should be a Sanctuary,Affirmative action,1,-1,3,6,3,1.91734589414059,2,6,3,0.3486083443891983,3,-2,-5,-1,0,5,0,5,-5,1,0,1,Right,1.9455999999046325
18,R_32SljSkAHRv1s4C,45,f,1,1,2702.5,University Campus should be a Sanctuary,Black Lives Matter,-1,1,3,6,3,1.91734589414059,1,7,3,-1.2201292053621933,-3,1,-4,2,-1,4,1,-4,4,2,-1,0,Left,2.7025
18,R_32SljSkAHRv1s4C,46,j,2,0,1296.4000000953674,Tuition increases,Affirmative action,1,-1,2,8,4,0.3486083443891983,2,6,3,0.3486083443891983,2,-2,-4,0,-2,4,2,4,-4,0,2,1,Right,1.2964000000953675
18,R_32SljSkAHRv1s4C,47,f,1,1,1553,War on Drugs,Climate change legislation,1,-1,2,6,3,0.3486083443891983,1,7,3,-1.2201292053621933,2,-1,3,1,-1,3,1,3,-3,1,-1,0,Left,1.553
18,R_32SljSkAHRv1s4C,48,j,2,0,318.7999997138977,War on Drugs,On campus concealed carry,1,1,2,6,3,0.3486083443891983,2,3,3,0.3486083443891983,2,2,0,0,-3,0,3,0,0,0,3,1,Right,0.3187999997138977
18,R_32SljSkAHRv1s4C,49,f,1,1,16931.60000038147,Mask mandates,University Campus should be a Sanctuary,-1,-1,1,7,3,-1.2201292053621933,3,6,3,1.91734589414059,-1,-3,2,-2,1,2,1,2,-2,-2,1,0,Left,16.93160000038147
18,R_32SljSkAHRv1s4C,50,j,2,0,410.5,On campus concealed carry,Mandatory training on sexual consent,1,1,2,3,3,0.3486083443891983,3,7,3,1.91734589414059,2,3,1,1,4,1,4,-1,1,-1,-4,1,Right,0.4105
18,R_32SljSkAHRv1s4C,51,f,1,1,1553.6999998092651,University Campus should be a Sanctuary,Tuition increases,1,1,3,6,3,1.91734589414059,2,8,4,0.3486083443891983,3,2,1,1,-2,1,2,1,-1,1,-2,0,Left,1.553699999809265
18,R_32SljSkAHRv1s4C,52,f,1,1,1602.0999999046326,University Campus should be a Sanctuary,On campus concealed carry,-1,-1,3,6,3,1.91734589414059,2,3,3,0.3486083443891983,-3,-2,-1,1,3,1,3,-1,1,1,3,0,Left,1.6020999999046326
18,R_32SljSkAHRv1s4C,53,j,2,0,2260.6000003814697,Religious exemptions for discrimination laws,War on Drugs,-1,-1,3,7,2,1.91734589414059,2,6,3,0.3486083443891983,-3,-2,1,-1,-1,1,1,-1,1,1,1,1,Right,2.2606000003814697
18,R_32SljSkAHRv1s4C,54,j,2,0,5955.200000286102,Build southern border wall,University Campus should be a Sanctuary,1,1,1,7,3,-1.2201292053621933,3,6,3,1.91734589414059,1,3,2,2,-1,2,1,-2,2,-2,1,1,Right,5.955200000286102
18,R_32SljSkAHRv1s4C,55,f,1,1,1155.9000000953674,On campus concealed carry,University Campus should be a Sanctuary,1,-1,2,3,3,0.3486083443891983,3,6,3,1.91734589414059,2,-3,5,-1,-3,5,3,5,-5,-1,-3,0,Left,1.1559000000953674
18,R_32SljSkAHRv1s4C,56,f,1,1,659.7999997138977,Gun-free campus police,Defund the police,-1,-1,2,7,3,0.3486083443891983,1,7,3,-1.2201292053621933,-2,-1,-1,1,0,1,0,-1,1,1,0,0,Left,0.6597999997138977
18,R_32SljSkAHRv1s4C,57,f,1,1,2320,Mandatory training on sexual consent,Student worker unionization,-1,1,3,7,3,1.91734589414059,1,6,2,-1.2201292053621933,-3,1,-4,2,1,4,1,-4,4,2,1,0,Left,2.32
18,R_32SljSkAHRv1s4C,58,f,1,1,20103.199999809265,U.S. drone strikes in Afghanistan,Abolishing private prisons,1,-1,1,6,2,-1.2201292053621933,2,6,3,0.3486083443891983,1,-2,3,-1,0,3,0,3,-3,-1,0,0,Left,20.103199999809267
18,R_32SljSkAHRv1s4C,59,j,2,0,1105.2000002861023,Mandatory vaccinations,University Campus should be a Sanctuary,-1,-1,1,6,3,-1.2201292053621933,3,6,3,1.91734589414059,-1,-3,-2,2,0,2,0,2,-2,-2,0,1,Right,1.1052000002861022
18,R_32SljSkAHRv1s4C,60,j,2,0,1205.6999998092651,Increased Gun regulations,University Campus should be a Sanctuary,1,-1,2,6,3,0.3486083443891983,3,6,3,1.91734589414059,2,-3,-5,1,0,5,0,5,-5,-1,0,1,Right,1.2056999998092652
18,R_32SljSkAHRv1s4C,61,f,1,1,2267.2999997138977,Increased Gun regulations,Affirmative action,1,-1,2,6,3,0.3486083443891983,2,6,3,0.3486083443891983,2,-2,4,0,0,4,0,4,-4,0,0,0,Left,2.267299999713898
18,R_32SljSkAHRv1s4C,62,f,1,1,19463.199999809265,Affirmative action,Stop police brutality,-1,1,2,6,3,0.3486083443891983,2,7,3,0.3486083443891983,-2,2,-4,0,-1,4,1,-4,4,0,-1,0,Left,19.463199999809266
18,R_32SljSkAHRv1s4C,63,j,2,0,1670.0999999046326,Physician-assisted suicide,Tuition increases,-1,-1,2,6,3,0.3486083443891983,2,8,4,0.3486083443891983,-2,-2,0,0,2,0,2,0,0,0,-2,1,Right,1.6700999999046326
18,R_32SljSkAHRv1s4C,64,f,1,1,1192.3000001907349,Recognize Jerusalem as capital of Israel,Mandatory trigger warnings,1,1,2,7,2,0.3486083443891983,1,6,3,-1.2201292053621933,2,1,1,1,1,1,1,1,-1,1,1,0,Left,1.192300000190735
18,R_32SljSkAHRv1s4C,65,f,1,1,1372.5,Defund the police,University Campus should be a Sanctuary,-1,1,1,7,3,-1.2201292053621933,3,6,3,1.91734589414059,-1,3,-4,-2,1,4,1,-4,4,-2,1,0,Left,1.3725
18,R_32SljSkAHRv1s4C,66,f,1,1,865.5999999046326,Mandatory vaccinations,On campus concealed carry,1,1,1,6,3,-1.2201292053621933,2,3,3,0.3486083443891983,1,2,-1,-1,3,1,3,-1,1,-1,3,0,Left,0.8655999999046325
18,R_32SljSkAHRv1s4C,67,f,1,1,34452.90000009537,Expel students with white nationlist views,Defund Planned Parenthood,-1,-1,1,6,4,-1.2201292053621933,3,7,3,1.91734589414059,-1,-3,2,-2,-1,2,1,2,-2,-2,-1,0,Left,34.45290000009537
18,R_32SljSkAHRv1s4C,68,f,1,1,2405.5,On campus concealed carry,Ban on ethnic Halloween costumes,1,1,2,3,3,0.3486083443891983,1,7,3,-1.2201292053621933,2,1,1,1,-4,1,4,1,-1,1,-4,0,Left,2.4055
18,R_32SljSkAHRv1s4C,69,j,2,0,68706.30000019073,Tuition increases,Religious exemptions for discrimination laws,1,1,2,8,4,0.3486083443891983,3,7,2,1.91734589414059,2,3,1,1,-1,1,1,-1,1,-1,1,1,Right,68.70630000019074
18,R_32SljSkAHRv1s4C,70,f,1,1,392.09999990463257,Mandatory training on sexual consent,Tuition increases,-1,1,3,7,3,1.91734589414059,2,8,4,0.3486083443891983,-3,2,-5,1,-1,5,1,-5,5,1,-1,0,Left,0.39209999990463257
18,R_32SljSkAHRv1s4C,71,j,2,0,53.09999990463257,On campus concealed carry,Cuts to National Parks budget,-1,1,2,3,3,0.3486083443891983,2,6,3,0.3486083443891983,-2,2,4,0,3,4,3,-4,4,0,-3,1,Right,0.053099999904632565
18,R_32SljSkAHRv1s4C,72,f,1,1,5332.700000286102,On campus concealed carry,University Campus should be a Sanctuary,1,1,2,3,3,0.3486083443891983,3,6,3,1.91734589414059,2,3,-1,-1,-3,1,3,-1,1,-1,-3,0,Left,5.332700000286103
18,R_32SljSkAHRv1s4C,73,f,1,1,1485.4000000953674,Tuition increases,University Campus should be a Sanctuary,-1,1,2,8,4,0.3486083443891983,3,6,3,1.91734589414059,-2,3,-5,-1,2,5,2,-5,5,-1,2,0,Left,1.4854000000953673
18,R_32SljSkAHRv1s4C,74,j,2,0,1449.0999999046326,On campus concealed carry,On campus concealed carry,-1,1,2,3,3,0.3486083443891983,2,3,3,0.3486083443891983,-2,2,4,0,0,4,0,-4,4,0,0,1,Right,1.4490999999046326
18,R_32SljSkAHRv1s4C,75,f,1,1,1460.2999997138977,Student worker unionization,University Campus should be a Sanctuary,1,1,1,6,2,-1.2201292053621933,3,6,3,1.91734589414059,1,3,-2,-2,0,2,0,-2,2,-2,0,0,Left,1.4602999997138977
18,R_32SljSkAHRv1s4C,76,j,2,0,655842.0999999046,Bathrooms restricted based on biological sex,Remove police from schools,-1,1,2,7,3,0.3486083443891983,2,6,3,0.3486083443891983,-2,2,4,0,-1,4,1,-4,4,0,1,1,Right,655.8420999999046
18,R_32SljSkAHRv1s4C,77,j,2,0,8620.099999904633,Allow alt-right speakers on campus,Tuition increases,-1,-1,2,7,3,0.3486083443891983,2,8,4,0.3486083443891983,-2,-2,0,0,1,0,1,0,0,0,-1,1,Right,8.620099999904632
18,R_32SljSkAHRv1s4C,78,j,2,0,4249.599999904633,Safe injection locations,Gun-free campus police,1,-1,2,7,3,0.3486083443891983,2,7,3,0.3486083443891983,2,-2,-4,0,0,4,0,4,-4,0,0,1,Right,4.249599999904633
18,R_32SljSkAHRv1s4C,79,f,1,1,1455.5,University Campus should be a Sanctuary,Remove Christopher Columbus statues,-1,-1,3,6,3,1.91734589414059,2,7,3,0.3486083443891983,-3,-2,-1,1,-1,1,1,-1,1,1,-1,0,Left,1.4555
18,R_32SljSkAHRv1s4C,80,f,1,1,2378.5,Expel students with white nationlist views,Safe injection locations,-1,1,1,6,4,-1.2201292053621933,2,7,3,0.3486083443891983,-1,2,-3,-1,-1,3,1,-3,3,-1,-1,0,Left,2.3785
18,R_32SljSkAHRv1s4C,81,j,2,0,458.59999990463257,Mandatory drug tests for welfare recipients,Physician-assisted suicide,1,1,1,6,3,-1.2201292053621933,2,6,3,0.3486083443891983,1,2,1,1,0,1,0,-1,1,-1,0,1,Right,0.45859999990463257
18,R_32SljSkAHRv1s4C,82,f,1,1,2206.4000000953674,Build southern border wall,"Boycott, Divest, and Sanction Israel",1,-1,1,7,3,-1.2201292053621933,2,6,2,0.3486083443891983,1,-2,3,-1,1,3,1,3,-3,-1,1,0,Left,2.2064000000953676
18,R_32SljSkAHRv1s4C,83,j,2,0,7226.5,On campus concealed carry,Abolishing private prisons,-1,-1,2,3,3,0.3486083443891983,2,6,3,0.3486083443891983,-2,-2,0,0,3,0,3,0,0,0,-3,1,Right,7.2265
18,R_32SljSkAHRv1s4C,84,f,1,1,3084.0999999046326,On campus concealed carry,Remove Christopher Columbus statues,1,-1,2,3,3,0.3486083443891983,2,7,3,0.3486083443891983,2,-2,4,0,-4,4,4,4,-4,0,-4,0,Left,3.0840999999046326
18,R_32SljSkAHRv1s4C,85,j,2,0,1689,Tuition increases,On campus concealed carry,1,-1,2,8,4,0.3486083443891983,2,3,3,0.3486083443891983,2,-2,-4,0,-5,4,5,4,-4,0,5,1,Right,1.689
18,R_32SljSkAHRv1s4C,86,j,2,0,2841.5999999046326,Religious exemptions for discrimination laws,Bathrooms restricted based on biological sex,-1,1,3,7,2,1.91734589414059,2,7,3,0.3486083443891983,-3,2,5,-1,0,5,0,-5,5,1,0,1,Right,2.8415999999046324
18,R_32SljSkAHRv1s4C,87,j,2,0,6312.800000190735,Defund Planned Parenthood,Physician-assisted suicide,1,-1,3,7,3,1.91734589414059,2,6,3,0.3486083443891983,3,-2,-5,-1,-1,5,1,5,-5,1,1,1,Right,6.312800000190735
18,R_32SljSkAHRv1s4C,88,f,1,1,612.3000001907349,University Campus should be a Sanctuary,Religious exemptions for discrimination laws,1,-1,3,6,3,1.91734589414059,3,7,2,1.91734589414059,3,-3,6,0,-1,6,1,6,-6,0,-1,0,Left,0.6123000001907348
18,R_32SljSkAHRv1s4C,89,f,1,1,13587.599999904633,Allow alt-right speakers on campus,Mandatory training on sexual consent,1,1,2,7,3,0.3486083443891983,3,7,3,1.91734589414059,2,3,-1,-1,0,1,0,-1,1,-1,0,0,Left,13.587599999904633
18,R_32SljSkAHRv1s4C,90,f,1,1,2877.5,Tuition increases,Ban on research with animals,1,1,2,8,4,0.3486083443891983,2,7,3,0.3486083443891983,2,2,0,0,1,0,1,0,0,0,1,0,Left,2.8775
18,R_32SljSkAHRv1s4C,91,f,1,1,3032.5999999046326,Mandatory drug tests for welfare recipients,On campus concealed carry,-1,1,1,6,3,-1.2201292053621933,2,3,3,0.3486083443891983,-1,2,-3,-1,3,3,3,-3,3,-1,3,0,Left,3.0325999999046327
18,R_32SljSkAHRv1s4C,92,j,2,0,924.9000000953674,University Campus should be a Sanctuary,Ban on research with animals,1,-1,3,6,3,1.91734589414059,2,7,3,0.3486083443891983,3,-2,-5,-1,1,5,1,5,-5,1,-1,1,Right,0.9249000000953674
18,R_32SljSkAHRv1s4C,93,f,1,1,1493.7999997138977,University Campus should be a Sanctuary,Recognize Jerusalem as capital of Israel,1,1,3,6,3,1.91734589414059,2,7,2,0.3486083443891983,3,2,1,1,-1,1,1,1,-1,1,-1,0,Left,1.4937999997138978
18,R_32SljSkAHRv1s4C,94,f,1,1,6014.099999904633,Mandatory training on sexual consent,On campus concealed carry,-1,1,3,7,3,1.91734589414059,2,3,3,0.3486083443891983,-3,2,-5,1,4,5,4,-5,5,1,4,0,Left,6.014099999904633
18,R_32SljSkAHRv1s4C,95,f,1,1,13047.799999713898,Tuition increases,Mandatory training on sexual consent,-1,1,2,8,4,0.3486083443891983,3,7,3,1.91734589414059,-2,3,-5,-1,1,5,1,-5,5,-1,1,0,Left,13.047799999713897
18,R_32SljSkAHRv1s4C,96,f,1,1,4714.599999904633,Cuts to National Parks budget,Expel students with white nationlist views,1,-1,2,6,3,0.3486083443891983,1,6,4,-1.2201292053621933,2,-1,3,1,0,3,0,3,-3,1,0,0,Left,4.714599999904633
18,R_32SljSkAHRv1s4C,97,j,2,0,634.1000003814697,"Boycott, Divest, and Sanction Israel",University Campus should be a Sanctuary,1,1,2,6,2,0.3486083443891983,3,6,3,1.91734589414059,2,3,1,1,0,1,0,-1,1,-1,0,1,Right,0.6341000003814697
18,R_32SljSkAHRv1s4C,98,f,1,1,1410.5999999046326,Mandatory drug tests for welfare recipients,University Campus should be a Sanctuary,1,-1,1,6,3,-1.2201292053621933,3,6,3,1.91734589414059,1,-3,4,-2,0,4,0,4,-4,-2,0,0,Left,1.4105999999046326
18,R_32SljSkAHRv1s4C,99,j,2,0,4156.199999809265,Mandatory vaccinations,University Campus should be a Sanctuary,-1,1,1,6,3,-1.2201292053621933,3,6,3,1.91734589414059,-1,3,4,2,0,4,0,-4,4,-2,0,1,Right,4.156199999809266
18,R_32SljSkAHRv1s4C,100,j,2,0,1747.0999999046326,Tuition increases,"Boycott, Divest, and Sanction Israel",-1,1,2,8,4,0.3486083443891983,2,6,2,0.3486083443891983,-2,2,4,0,-2,4,2,-4,4,0,2,1,Right,1.7470999999046326
26,R_vMPW2WP9Kg06LRf,1,j,2,0,5565.100000023842,War on Drugs,Mandatory training on sexual consent,-1,-1,3,5,3,0.970007710120885,3,8,2,0.970007710120885,-3,-3,0,0,3,0,3,0,0,0,-3,1,Right,5.5651000000238415
26,R_vMPW2WP9Kg06LRf,2,f,1,1,4686.5,Increased Gun regulations,War on Drugs,-1,-1,3,8,4,0.970007710120885,3,5,3,0.970007710120885,-3,-3,0,0,3,0,3,0,0,0,3,0,Left,4.6865
26,R_vMPW2WP9Kg06LRf,3,f,1,1,2413.7999999821186,Abortion rights,Legalization of marijuana,-1,-1,3,8,4,0.970007710120885,3,6,3,0.970007710120885,-3,-3,0,0,2,0,2,0,0,0,2,0,Left,2.4137999999821185
26,R_vMPW2WP9Kg06LRf,4,j,2,0,2583.7999999821186,War on Drugs,Mandatory vaccinations,-1,1,3,5,3,0.970007710120885,1,6,4,-0.39518832634554535,-3,1,4,-2,1,4,1,-4,4,2,-1,1,Right,2.5837999999821184
26,R_vMPW2WP9Kg06LRf,5,j,2,0,2537.199999988079,War on Drugs,Mask mandates,-1,-1,3,5,3,0.970007710120885,2,8,4,0.28740969188766985,-3,-2,1,-1,3,1,3,-1,1,1,-3,1,Right,2.537199999988079
26,R_vMPW2WP9Kg06LRf,6,j,2,0,2373.5,Legalization of marijuana,Bathrooms restricted based on biological sex,-1,-1,3,6,3,0.970007710120885,0,0,1,-1.0777863445787605,-3,-0,3,-3,-6,3,6,-3,3,3,6,1,Right,2.3735
26,R_vMPW2WP9Kg06LRf,7,f,1,1,2363.5,Raise the minimum wage,Mask mandates,1,-1,3,6,4,0.970007710120885,2,8,4,0.28740969188766985,3,-2,5,1,-2,5,2,5,-5,1,-2,0,Left,2.3635
26,R_vMPW2WP9Kg06LRf,8,j,2,0,1840.4000000059605,Mandatory vaccinations,Ban on research with animals,-1,1,1,6,4,-0.39518832634554535,3,8,4,0.970007710120885,-1,3,4,2,2,4,2,-4,4,-2,-2,1,Right,1.8404000000059604
26,R_vMPW2WP9Kg06LRf,9,f,1,1,1859.7000000178814,Mask mandates,Increased Gun regulations,1,-1,2,8,4,0.28740969188766985,3,8,4,0.970007710120885,2,-3,5,-1,0,5,0,5,-5,-1,0,0,Left,1.8597000000178814
26,R_vMPW2WP9Kg06LRf,10,j,2,0,4000.800000011921,Remove public Confederate memorials,War on Drugs,-1,-1,0,0,1,-1.0777863445787605,3,5,3,0.970007710120885,-0,-3,-3,3,5,3,5,3,-3,-3,-5,1,Right,4.000800000011921
26,R_vMPW2WP9Kg06LRf,11,j,2,0,1920.0999999940395,War on Drugs,Mandatory vaccinations,1,1,3,5,3,0.970007710120885,1,6,4,-0.39518832634554535,3,1,-2,-2,1,2,1,2,-2,2,-1,1,Right,1.9200999999940396
26,R_vMPW2WP9Kg06LRf,12,f,1,1,13486.799999982119,Mask mandates,War on Drugs,-1,1,2,8,4,0.28740969188766985,3,5,3,0.970007710120885,-2,3,-5,-1,3,5,3,-5,5,-1,3,0,Left,13.486799999982118
26,R_vMPW2WP9Kg06LRf,13,f,1,1,2136.0999999940395,Legalization of marijuana,War on Drugs,1,1,3,6,3,0.970007710120885,3,5,3,0.970007710120885,3,3,0,0,1,0,1,0,0,0,1,0,Left,2.1360999999940393
26,R_vMPW2WP9Kg06LRf,14,j,2,0,4516.699999988079,Mandatory vaccinations,War on Drugs,-1,-1,1,6,4,-0.39518832634554535,3,5,3,0.970007710120885,-1,-3,-2,2,-1,2,1,2,-2,-2,1,1,Right,4.516699999988079
26,R_vMPW2WP9Kg06LRf,15,j,2,0,1689.2000000178814,Legalization of marijuana,Raise the minimum wage,-1,1,3,6,3,0.970007710120885,3,6,4,0.970007710120885,-3,3,6,0,0,6,0,-6,6,0,0,1,Right,1.6892000000178813
26,R_vMPW2WP9Kg06LRf,16,f,1,1,2321.100000023842,Mask mandates,War on Drugs,1,1,2,8,4,0.28740969188766985,3,5,3,0.970007710120885,2,3,-1,-1,3,1,3,-1,1,-1,3,0,Left,2.3211000000238418
26,R_vMPW2WP9Kg06LRf,17,j,2,0,3975.699999988079,War on Drugs,Mask mandates,-1,-1,3,5,3,0.970007710120885,2,8,4,0.28740969188766985,-3,-2,1,-1,3,1,3,-1,1,1,-3,1,Right,3.975699999988079
26,R_vMPW2WP9Kg06LRf,18,f,1,1,1605.699999988079,Mandatory vaccinations,Lift COVID lockdowns,1,-1,1,6,4,-0.39518832634554535,0,0,3,-1.0777863445787605,1,-0,1,1,6,1,6,1,-1,1,6,0,Left,1.605699999988079
26,R_vMPW2WP9Kg06LRf,19,f,1,1,1381.9000000059605,Raise the minimum wage,Mandatory vaccinations,1,-1,3,6,4,0.970007710120885,1,6,4,-0.39518832634554535,3,-1,4,2,0,4,0,4,-4,2,0,0,Left,1.3819000000059605
26,R_vMPW2WP9Kg06LRf,20,j,2,0,1882.699999988079,Mask mandates,Mandatory training on sexual consent,-1,1,2,8,4,0.28740969188766985,3,8,2,0.970007710120885,-2,3,5,1,0,5,0,-5,5,-1,0,1,Right,1.8826999999880791
26,R_vMPW2WP9Kg06LRf,21,j,2,0,2039.5999999940395,Mandatory vaccinations,Increased Gun regulations,-1,-1,1,6,4,-0.39518832634554535,3,8,4,0.970007710120885,-1,-3,-2,2,2,2,2,2,-2,-2,-2,1,Right,2.0395999999940395
26,R_vMPW2WP9Kg06LRf,22,j,2,0,2734.2999999821186,Mandatory vaccinations,War on Drugs,-1,-1,1,6,4,-0.39518832634554535,3,5,3,0.970007710120885,-1,-3,-2,2,-1,2,1,2,-2,-2,1,1,Right,2.7342999999821185
26,R_vMPW2WP9Kg06LRf,23,j,2,0,2322.300000011921,Mandatory training on sexual consent,Mask mandates,-1,-1,3,8,2,0.970007710120885,2,8,4,0.28740969188766985,-3,-2,1,-1,0,1,0,-1,1,1,0,1,Right,2.322300000011921
26,R_vMPW2WP9Kg06LRf,24,f,1,1,1211,Mask mandates,Mask mandates,1,-1,2,8,4,0.28740969188766985,2,8,4,0.28740969188766985,2,-2,4,0,0,4,0,4,-4,0,0,0,Left,1.211
26,R_vMPW2WP9Kg06LRf,25,j,2,0,14011,Legalization of marijuana,War on Drugs,-1,1,3,6,3,0.970007710120885,3,5,3,0.970007710120885,-3,3,6,0,-1,6,1,-6,6,0,1,1,Right,14.011
26,R_vMPW2WP9Kg06LRf,26,f,1,1,1676.5999999940395,War on Drugs,Abortion rights,-1,1,3,5,3,0.970007710120885,3,8,4,0.970007710120885,-3,3,-6,0,-3,6,3,-6,6,0,-3,0,Left,1.6765999999940395
26,R_vMPW2WP9Kg06LRf,27,j,2,0,1217.800000011921,War on Drugs,Increased Gun regulations,-1,1,3,5,3,0.970007710120885,3,8,4,0.970007710120885,-3,3,6,0,3,6,3,-6,6,0,-3,1,Right,1.217800000011921
26,R_vMPW2WP9Kg06LRf,28,j,2,0,1194.0999999940395,Legalization of marijuana,Mask mandates,-1,-1,3,6,3,0.970007710120885,2,8,4,0.28740969188766985,-3,-2,1,-1,2,1,2,-1,1,1,-2,1,Right,1.1940999999940396
26,R_vMPW2WP9Kg06LRf,29,f,1,1,1995.4000000059605,War on Drugs,Mask mandates,1,-1,3,5,3,0.970007710120885,2,8,4,0.28740969188766985,3,-2,5,1,-3,5,3,5,-5,1,-3,0,Left,1.9954000000059604
26,R_vMPW2WP9Kg06LRf,30,j,2,0,1054.199999988079,Physician-assisted suicide,Mandatory training on sexual consent,-1,1,3,8,2,0.970007710120885,3,8,2,0.970007710120885,-3,3,6,0,0,6,0,-6,6,0,0,1,Right,1.0541999999880791
26,R_vMPW2WP9Kg06LRf,31,j,2,0,1872.2000000178814,Abortion rights,Ban on research with animals,-1,1,3,8,4,0.970007710120885,3,8,4,0.970007710120885,-3,3,6,0,0,6,0,-6,6,0,0,1,Right,1.8722000000178813
26,R_vMPW2WP9Kg06LRf,32,j,2,0,9067.199999988079,War on Drugs,Legalization of marijuana,-1,1,3,5,3,0.970007710120885,3,6,3,0.970007710120885,-3,3,6,0,1,6,1,-6,6,0,-1,1,Right,9.067199999988079
26,R_vMPW2WP9Kg06LRf,33,f,1,1,1843.5,Detention of migrant children,Mandatory vaccinations,1,-1,0,0,2,-1.0777863445787605,1,6,4,-0.39518832634554535,0,-1,1,-1,-6,1,6,1,-1,-1,-6,0,Left,1.8435
26,R_vMPW2WP9Kg06LRf,34,f,1,1,1228.5999999940395,War on Drugs,Mandatory training on sexual consent,1,1,3,5,3,0.970007710120885,3,8,2,0.970007710120885,3,3,0,0,-3,0,3,0,0,0,-3,0,Left,1.2285999999940396
26,R_vMPW2WP9Kg06LRf,35,j,2,0,1673.5999999940395,Mandatory vaccinations,Ban on research with animals,-1,1,1,6,4,-0.39518832634554535,3,8,4,0.970007710120885,-1,3,4,2,2,4,2,-4,4,-2,-2,1,Right,1.6735999999940396
26,R_vMPW2WP9Kg06LRf,36,j,2,0,1387.800000011921,Legalization of marijuana,Raise the minimum wage,1,-1,3,6,3,0.970007710120885,3,6,4,0.970007710120885,3,-3,-6,0,0,6,0,6,-6,0,0,1,Right,1.3878000000119208
26,R_vMPW2WP9Kg06LRf,37,f,1,1,1692.0999999940395,War on Drugs,Raise the minimum wage,-1,-1,3,5,3,0.970007710120885,3,6,4,0.970007710120885,-3,-3,0,0,-1,0,1,0,0,0,-1,0,Left,1.6920999999940396
26,R_vMPW2WP9Kg06LRf,38,j,2,0,1069.7000000178814,Mandatory vaccinations,War on Drugs,-1,1,1,6,4,-0.39518832634554535,3,5,3,0.970007710120885,-1,3,4,2,-1,4,1,-4,4,-2,1,1,Right,1.0697000000178813
26,R_vMPW2WP9Kg06LRf,39,j,2,0,5054.5,Black Lives Matter,War on Drugs,1,1,0,0,2,-1.0777863445787605,3,5,3,0.970007710120885,0,3,3,3,5,3,5,-3,3,-3,-5,1,Right,5.0545
26,R_vMPW2WP9Kg06LRf,40,j,2,0,1762.2000000178814,Legalization of marijuana,Mandatory training on sexual consent,-1,1,3,6,3,0.970007710120885,3,8,2,0.970007710120885,-3,3,6,0,2,6,2,-6,6,0,-2,1,Right,1.7622000000178815
26,R_vMPW2WP9Kg06LRf,41,f,1,1,1443.2000000178814,Climate change legislation,Detention of migrant children,1,-1,3,8,4,0.970007710120885,0,0,2,-1.0777863445787605,3,-0,3,3,8,3,8,3,-3,3,8,0,Left,1.4432000000178813
26,R_vMPW2WP9Kg06LRf,42,f,1,1,1022.5999999940395,Mandatory training on sexual consent,Mandatory vaccinations,1,1,3,8,2,0.970007710120885,1,6,4,-0.39518832634554535,3,1,2,2,2,2,2,2,-2,2,2,0,Left,1.0225999999940396
26,R_vMPW2WP9Kg06LRf,43,f,1,1,8714.5,Legalization of marijuana,Mandatory training on sexual consent,1,-1,3,6,3,0.970007710120885,3,8,2,0.970007710120885,3,-3,6,0,-2,6,2,6,-6,0,-2,0,Left,8.7145
26,R_vMPW2WP9Kg06LRf,44,j,2,0,1250,War on Drugs,Mask mandates,1,1,3,5,3,0.970007710120885,2,8,4,0.28740969188766985,3,2,-1,-1,3,1,3,1,-1,1,-3,1,Right,1.25
26,R_vMPW2WP9Kg06LRf,45,f,1,1,1570.699999988079,Mandatory vaccinations,Ban on research with animals,1,-1,1,6,4,-0.39518832634554535,3,8,4,0.970007710120885,1,-3,4,-2,-2,4,2,4,-4,-2,-2,0,Left,1.570699999988079
26,R_vMPW2WP9Kg06LRf,46,j,2,0,1080.3999999761581,Raise the minimum wage,Mask mandates,-1,-1,3,6,4,0.970007710120885,2,8,4,0.28740969188766985,-3,-2,1,-1,2,1,2,-1,1,1,-2,1,Right,1.0803999999761582
26,R_vMPW2WP9Kg06LRf,47,f,1,1,1314.699999988079,Raise the minimum wage,Mask mandates,1,-1,3,6,4,0.970007710120885,2,8,4,0.28740969188766985,3,-2,5,1,-2,5,2,5,-5,1,-2,0,Left,1.314699999988079
26,R_vMPW2WP9Kg06LRf,48,j,2,0,994.7000000178814,U.S. drone strikes in Afghanistan,Mandatory training on sexual consent,-1,-1,0,0,1,-1.0777863445787605,3,8,2,0.970007710120885,-0,-3,-3,3,8,3,8,3,-3,-3,-8,1,Right,0.9947000000178814
26,R_vMPW2WP9Kg06LRf,49,j,2,0,953,War on Drugs,Climate change legislation,1,1,3,5,3,0.970007710120885,3,8,4,0.970007710120885,3,3,0,0,3,0,3,0,0,0,-3,1,Right,0.953
26,R_vMPW2WP9Kg06LRf,50,f,1,1,8562.40000000596,Mandatory vaccinations,Legalization of marijuana,-1,-1,1,6,4,-0.39518832634554535,3,6,3,0.970007710120885,-1,-3,2,-2,0,2,0,2,-2,-2,0,0,Left,8.56240000000596
26,R_vMPW2WP9Kg06LRf,51,j,2,0,964.1999999880791,Mandatory vaccinations,War on Drugs,1,1,1,6,4,-0.39518832634554535,3,5,3,0.970007710120885,1,3,2,2,-1,2,1,-2,2,-2,1,1,Right,0.964199999988079
26,R_vMPW2WP9Kg06LRf,52,f,1,1,647.8000000119209,Lift COVID lockdowns,War on Drugs,-1,1,0,0,3,-1.0777863445787605,3,5,3,0.970007710120885,-0,3,-3,-3,-5,3,5,-3,3,-3,-5,0,Left,0.647800000011921
26,R_vMPW2WP9Kg06LRf,53,j,2,0,937.4000000059605,Mask mandates,Increased Gun regulations,1,-1,2,8,4,0.28740969188766985,3,8,4,0.970007710120885,2,-3,-5,1,0,5,0,5,-5,-1,0,1,Right,0.9374000000059605
26,R_vMPW2WP9Kg06LRf,54,j,2,0,1495.300000011921,Raise the minimum wage,Climate change legislation,-1,1,3,6,4,0.970007710120885,3,8,4,0.970007710120885,-3,3,6,0,2,6,2,-6,6,0,-2,1,Right,1.495300000011921
26,R_vMPW2WP9Kg06LRf,55,j,2,0,2403.699999988079,Mandatory vaccinations,Abortion rights,-1,-1,1,6,4,-0.39518832634554535,3,8,4,0.970007710120885,-1,-3,-2,2,2,2,2,2,-2,-2,-2,1,Right,2.403699999988079
26,R_vMPW2WP9Kg06LRf,56,f,1,1,695.1999999880791,Mandatory vaccinations,Legalization of marijuana,1,1,1,6,4,-0.39518832634554535,3,6,3,0.970007710120885,1,3,-2,-2,0,2,0,-2,2,-2,0,0,Left,0.695199999988079
26,R_vMPW2WP9Kg06LRf,57,f,1,1,1655.0999999940395,Legalization of marijuana,War on Drugs,-1,-1,3,6,3,0.970007710120885,3,5,3,0.970007710120885,-3,-3,0,0,1,0,1,0,0,0,1,0,Left,1.6550999999940395
26,R_vMPW2WP9Kg06LRf,58,f,1,1,1938.5999999940395,War on Drugs,Raise the minimum wage,1,-1,3,5,3,0.970007710120885,3,6,4,0.970007710120885,3,-3,6,0,-1,6,1,6,-6,0,-1,0,Left,1.9385999999940395
26,R_vMPW2WP9Kg06LRf,59,j,2,0,879,Raise the minimum wage,Detention of migrant children,-1,1,3,6,4,0.970007710120885,0,0,2,-1.0777863445787605,-3,0,3,-3,-6,3,6,-3,3,3,6,1,Right,0.879
26,R_vMPW2WP9Kg06LRf,60,f,1,1,1000.7000000178814,Legalization of marijuana,Abolishing fraternities,1,1,3,6,3,0.970007710120885,0,0,1,-1.0777863445787605,3,0,3,3,6,3,6,3,-3,3,6,0,Left,1.0007000000178814
26,R_vMPW2WP9Kg06LRf,61,j,2,0,8582,Mandatory vaccinations,Raise the minimum wage,-1,-1,1,6,4,-0.39518832634554535,3,6,4,0.970007710120885,-1,-3,-2,2,0,2,0,2,-2,-2,0,1,Right,8.582
26,R_vMPW2WP9Kg06LRf,62,j,2,0,1540,War on Drugs,Mandatory vaccinations,-1,1,3,5,3,0.970007710120885,1,6,4,-0.39518832634554535,-3,1,4,-2,1,4,1,-4,4,2,-1,1,Right,1.54
26,R_vMPW2WP9Kg06LRf,63,j,2,0,1416.4000000059605,Black Lives Matter,Ban on research with animals,1,1,0,0,2,-1.0777863445787605,3,8,4,0.970007710120885,0,3,3,3,8,3,8,-3,3,-3,-8,1,Right,1.4164000000059604
26,R_vMPW2WP9Kg06LRf,64,j,2,0,1850.5,Mask mandates,Abortion rights,-1,1,2,8,4,0.28740969188766985,3,8,4,0.970007710120885,-2,3,5,1,0,5,0,-5,5,-1,0,1,Right,1.8505
26,R_vMPW2WP9Kg06LRf,65,f,1,1,1381,Mandatory vaccinations,Legalization of marijuana,1,-1,1,6,4,-0.39518832634554535,3,6,3,0.970007710120885,1,-3,4,-2,0,4,0,4,-4,-2,0,0,Left,1.381
26,R_vMPW2WP9Kg06LRf,66,f,1,1,5338.4000000059605,Legalization of marijuana,Mandatory vaccinations,1,1,3,6,3,0.970007710120885,1,6,4,-0.39518832634554535,3,1,2,2,0,2,0,2,-2,2,0,0,Left,5.338400000005961
26,R_vMPW2WP9Kg06LRf,67,j,2,0,1102.5999999940395,Mask mandates,Bathrooms restricted based on biological sex,-1,1,2,8,4,0.28740969188766985,0,0,1,-1.0777863445787605,-2,0,2,-2,-8,2,8,-2,2,2,8,1,Right,1.1025999999940395
26,R_vMPW2WP9Kg06LRf,68,f,1,1,1505.0999999940395,War on Drugs,Increased Gun regulations,1,-1,3,5,3,0.970007710120885,3,8,4,0.970007710120885,3,-3,6,0,-3,6,3,6,-6,0,-3,0,Left,1.5050999999940395
26,R_vMPW2WP9Kg06LRf,69,f,1,1,1545.9000000059605,Abolishing fraternities,Mask mandates,1,1,0,0,1,-1.0777863445787605,2,8,4,0.28740969188766985,0,2,-2,-2,-8,2,8,-2,2,-2,-8,0,Left,1.5459000000059604
26,R_vMPW2WP9Kg06LRf,70,j,2,0,1079.7999999821186,Mandatory vaccinations,Mandatory vaccinations,-1,1,1,6,4,-0.39518832634554535,1,6,4,-0.39518832634554535,-1,1,2,0,0,2,0,-2,2,0,0,1,Right,1.0797999999821186
26,R_vMPW2WP9Kg06LRf,71,j,2,0,703.1999999880791,War on Drugs,Mask mandates,-1,1,3,5,3,0.970007710120885,2,8,4,0.28740969188766985,-3,2,5,-1,3,5,3,-5,5,1,-3,1,Right,0.703199999988079
26,R_vMPW2WP9Kg06LRf,72,f,1,1,1364.0999999940395,Mask mandates,Legalization of marijuana,1,-1,2,8,4,0.28740969188766985,3,6,3,0.970007710120885,2,-3,5,-1,2,5,2,5,-5,-1,2,0,Left,1.3640999999940395
26,R_vMPW2WP9Kg06LRf,73,j,2,0,2224.699999988079,Increased Gun regulations,Raise the minimum wage,-1,-1,3,8,4,0.970007710120885,3,6,4,0.970007710120885,-3,-3,0,0,-2,0,2,0,0,0,2,1,Right,2.224699999988079
26,R_vMPW2WP9Kg06LRf,74,j,2,0,597.6999999880791,Legalization of marijuana,Mandatory vaccinations,-1,1,3,6,3,0.970007710120885,1,6,4,-0.39518832634554535,-3,1,4,-2,0,4,0,-4,4,2,0,1,Right,0.5976999999880791
26,R_vMPW2WP9Kg06LRf,75,j,2,0,972.4000000059605,Physician-assisted suicide,Legalization of marijuana,1,1,3,8,2,0.970007710120885,3,6,3,0.970007710120885,3,3,0,0,-2,0,2,0,0,0,2,1,Right,0.9724000000059605
26,R_vMPW2WP9Kg06LRf,76,f,1,1,1503.4000000059605,Raise the minimum wage,Remove public Confederate memorials,1,-1,3,6,4,0.970007710120885,0,0,1,-1.0777863445787605,3,-0,3,3,6,3,6,3,-3,3,6,0,Left,1.5034000000059604
26,R_vMPW2WP9Kg06LRf,77,j,2,0,1155.199999988079,Mandatory vaccinations,Mask mandates,-1,-1,1,6,4,-0.39518832634554535,2,8,4,0.28740969188766985,-1,-2,-1,1,2,1,2,1,-1,-1,-2,1,Right,1.155199999988079
26,R_vMPW2WP9Kg06LRf,78,j,2,0,1120.4000000059605,Legalization of marijuana,Abortion rights,1,-1,3,6,3,0.970007710120885,3,8,4,0.970007710120885,3,-3,-6,0,2,6,2,6,-6,0,-2,1,Right,1.1204000000059604
26,R_vMPW2WP9Kg06LRf,79,j,2,0,948,Mask mandates,Mandatory vaccinations,-1,1,2,8,4,0.28740969188766985,1,6,4,-0.39518832634554535,-2,1,3,-1,-2,3,2,-3,3,1,2,1,Right,0.948
26,R_vMPW2WP9Kg06LRf,80,f,1,1,872.2999999821186,War on Drugs,Raise the minimum wage,1,1,3,5,3,0.970007710120885,3,6,4,0.970007710120885,3,3,0,0,-1,0,1,0,0,0,-1,0,Left,0.8722999999821186
26,R_vMPW2WP9Kg06LRf,81,f,1,1,1263.9000000059605,Mask mandates,Ban on research with animals,-1,-1,2,8,4,0.28740969188766985,3,8,4,0.970007710120885,-2,-3,1,-1,0,1,0,1,-1,-1,0,0,Left,1.2639000000059604
26,R_vMPW2WP9Kg06LRf,82,j,2,0,935.2000000178814,Abortion rights,Raise the minimum wage,1,1,3,8,4,0.970007710120885,3,6,4,0.970007710120885,3,3,0,0,-2,0,2,0,0,0,2,1,Right,0.9352000000178814
26,R_vMPW2WP9Kg06LRf,83,j,2,0,929.7999999821186,War on Drugs,War on Drugs,-1,1,3,5,3,0.970007710120885,3,5,3,0.970007710120885,-3,3,6,0,0,6,0,-6,6,0,0,1,Right,0.9297999999821186
26,R_vMPW2WP9Kg06LRf,84,j,2,0,709.1000000238419,Mask mandates,Climate change legislation,1,1,2,8,4,0.28740969188766985,3,8,4,0.970007710120885,2,3,1,1,0,1,0,-1,1,-1,0,1,Right,0.7091000000238419
26,R_vMPW2WP9Kg06LRf,85,j,2,0,846.5,Mask mandates,Increased Gun regulations,1,1,2,8,4,0.28740969188766985,3,8,4,0.970007710120885,2,3,1,1,0,1,0,-1,1,-1,0,1,Right,0.8465
26,R_vMPW2WP9Kg06LRf,86,f,1,1,1106.800000011921,Mandatory vaccinations,Increased Gun regulations,1,-1,1,6,4,-0.39518832634554535,3,8,4,0.970007710120885,1,-3,4,-2,-2,4,2,4,-4,-2,-2,0,Left,1.106800000011921
26,R_vMPW2WP9Kg06LRf,87,f,1,1,4830.899999976158,Mask mandates,Raise the minimum wage,1,1,2,8,4,0.28740969188766985,3,6,4,0.970007710120885,2,3,-1,-1,2,1,2,-1,1,-1,2,0,Left,4.830899999976158
26,R_vMPW2WP9Kg06LRf,88,j,2,0,4526.299999982119,War on Drugs,War on Drugs,-1,1,3,5,3,0.970007710120885,3,5,3,0.970007710120885,-3,3,6,0,0,6,0,-6,6,0,0,1,Right,4.526299999982118
26,R_vMPW2WP9Kg06LRf,89,f,1,1,1712.0999999940395,Mask mandates,Raise the minimum wage,1,1,2,8,4,0.28740969188766985,3,6,4,0.970007710120885,2,3,-1,-1,2,1,2,-1,1,-1,2,0,Left,1.7120999999940396
26,R_vMPW2WP9Kg06LRf,90,j,2,0,1474.2000000178814,Mandatory vaccinations,Mask mandates,-1,1,1,6,4,-0.39518832634554535,2,8,4,0.28740969188766985,-1,2,3,1,2,3,2,-3,3,-1,-2,1,Right,1.4742000000178814
26,R_vMPW2WP9Kg06LRf,91,f,1,1,1173.4000000059605,Legalization of marijuana,Mandatory vaccinations,1,-1,3,6,3,0.970007710120885,1,6,4,-0.39518832634554535,3,-1,4,2,0,4,0,4,-4,2,0,0,Left,1.1734000000059606
26,R_vMPW2WP9Kg06LRf,92,j,2,0,1533.5999999940395,Remove public Confederate memorials,War on Drugs,1,-1,0,0,1,-1.0777863445787605,3,5,3,0.970007710120885,0,-3,-3,3,5,3,5,3,-3,-3,-5,1,Right,1.5335999999940395
26,R_vMPW2WP9Kg06LRf,93,j,2,0,1015.8000000119209,Abortion rights,Mandatory vaccinations,1,1,3,8,4,0.970007710120885,1,6,4,-0.39518832634554535,3,1,-2,-2,-2,2,2,2,-2,2,2,1,Right,1.015800000011921
26,R_vMPW2WP9Kg06LRf,94,f,1,1,1208,War on Drugs,Ban on research with animals,1,-1,3,5,3,0.970007710120885,3,8,4,0.970007710120885,3,-3,6,0,-3,6,3,6,-6,0,-3,0,Left,1.208
26,R_vMPW2WP9Kg06LRf,95,j,2,0,808.4000000059605,Mask mandates,Mandatory vaccinations,1,1,2,8,4,0.28740969188766985,1,6,4,-0.39518832634554535,2,1,-1,-1,-2,1,2,1,-1,1,2,1,Right,0.8084000000059605
26,R_vMPW2WP9Kg06LRf,96,f,1,1,963.4000000059605,Mask mandates,War on Drugs,1,-1,2,8,4,0.28740969188766985,3,5,3,0.970007710120885,2,-3,5,-1,3,5,3,5,-5,-1,3,0,Left,0.9634000000059605
26,R_vMPW2WP9Kg06LRf,97,f,1,1,2429.0999999940395,Mask mandates,Legalization of marijuana,1,-1,2,8,4,0.28740969188766985,3,6,3,0.970007710120885,2,-3,5,-1,2,5,2,5,-5,-1,2,0,Left,2.4290999999940395
26,R_vMPW2WP9Kg06LRf,98,f,1,1,1342.5999999940395,Lift COVID lockdowns,Abortion rights,1,-1,0,0,3,-1.0777863445787605,3,8,4,0.970007710120885,0,-3,3,-3,-8,3,8,3,-3,-3,-8,0,Left,1.3425999999940395
26,R_vMPW2WP9Kg06LRf,99,j,2,0,1054,War on Drugs,Legalization of marijuana,-1,1,3,5,3,0.970007710120885,3,6,3,0.970007710120885,-3,3,6,0,1,6,1,-6,6,0,-1,1,Right,1.054
26,R_vMPW2WP9Kg06LRf,100,f,1,1,1042.9000000059605,War on Drugs,Mandatory vaccinations,1,-1,3,5,3,0.970007710120885,1,6,4,-0.39518832634554535,3,-1,4,2,-1,4,1,4,-4,2,-1,0,Left,1.0429000000059605
20,R_3vFKRCCTpFYXCud,1,j,2,0,8588.199999988079,Student worker unionization,Detention of migrant children,1,-1,2,7,1,0.9426043378729602,-3,8,4,-1.2431448513976722,2,3,1,-5,1,1,1,-1,1,5,-1,1,Right,8.58819999998808
20,R_3vFKRCCTpFYXCud,2,j,2,0,3449.899999976158,Remove public Confederate memorials,Climate change legislation,1,1,1,4,2,0.5054545000188337,3,8,4,1.3797541757270866,1,3,2,2,4,2,4,-2,2,-2,-4,1,Right,3.449899999976158
20,R_3vFKRCCTpFYXCud,3,j,2,0,3553.2999999523163,Abolishing fraternities,Stop police brutality,-1,1,-1,0,1,-0.3688451756894192,3,8,2,1.3797541757270866,1,3,2,4,8,2,8,-2,2,-4,-8,1,Right,3.5532999999523165
20,R_3vFKRCCTpFYXCud,4,f,1,1,4052.100000023842,"Boycott, Divest, and Sanction Israel",Raise the minimum wage,1,-1,-1,4,3,-0.3688451756894192,3,8,4,1.3797541757270866,-1,-3,2,-4,-4,2,4,2,-2,-4,-4,0,Left,4.052100000023842
20,R_3vFKRCCTpFYXCud,5,j,2,0,3773.600000023842,Defund Planned Parenthood,Cuts to National Parks budget,-1,-1,-3,6,3,-1.2431448513976722,-3,5,2,-1.2431448513976722,3,3,0,0,-1,0,1,0,0,0,1,1,Right,3.773600000023842
20,R_3vFKRCCTpFYXCud,6,j,2,0,8422,Defund Planned Parenthood,Climate change legislation,1,-1,-3,6,3,-1.2431448513976722,3,8,4,1.3797541757270866,-3,-3,0,6,2,0,2,0,0,-6,-2,1,Right,8.422
20,R_3vFKRCCTpFYXCud,7,j,2,0,3077.300000011921,Student worker unionization,Raise the minimum wage,-1,1,2,7,1,0.9426043378729602,3,8,4,1.3797541757270866,-2,3,5,1,1,5,1,-5,5,-1,-1,1,Right,3.077300000011921
20,R_3vFKRCCTpFYXCud,8,f,1,1,4003.599999964237,Mandatory training on sexual consent,Climate change legislation,1,-1,-3,1,2,-1.2431448513976722,3,8,4,1.3797541757270866,-3,-3,0,-6,-7,0,7,0,0,-6,-7,0,Left,4.003599999964237
20,R_3vFKRCCTpFYXCud,9,f,1,1,4921.699999988079,Legalization of marijuana,Remove police from schools,1,1,3,4,3,1.3797541757270866,-2,2,1,-0.8059950135435456,3,-2,5,5,2,5,2,5,-5,5,2,0,Left,4.921699999988079
20,R_3vFKRCCTpFYXCud,10,j,2,0,3287.699999988079,Black Lives Matter,Physician-assisted suicide,1,1,0,0,3,0.06830466216470726,3,8,4,1.3797541757270866,0,3,3,3,8,3,8,-3,3,-3,-8,1,Right,3.287699999988079
20,R_3vFKRCCTpFYXCud,11,j,2,0,4158.5,Affirmative action,Mandatory drug tests for welfare recipients,-1,-1,-2,4,3,-0.8059950135435456,-3,8,4,-1.2431448513976722,2,3,1,-1,4,1,4,-1,1,1,-4,1,Right,4.1585
20,R_3vFKRCCTpFYXCud,12,j,2,0,4012.599999964237,Build southern border wall,Student worker unionization,1,-1,-3,4,4,-1.2431448513976722,2,7,1,0.9426043378729602,-3,-2,1,5,3,1,3,-1,1,-5,-3,1,Right,4.012599999964237
20,R_3vFKRCCTpFYXCud,13,j,2,0,4355.899999976158,Detention of migrant children,Remove Christopher Columbus statues,1,-1,-3,8,4,-1.2431448513976722,0,0,1,0.06830466216470726,-3,-0,3,3,-8,3,8,-3,3,-3,8,1,Right,4.355899999976158
20,R_3vFKRCCTpFYXCud,14,j,2,0,2304.100000023842,Legalization of marijuana,Mandatory training on sexual consent,-1,1,3,4,3,1.3797541757270866,-3,1,2,-1.2431448513976722,-3,-3,0,-6,-3,0,3,0,0,6,3,1,Right,2.304100000023842
20,R_3vFKRCCTpFYXCud,15,j,2,0,2398.300000011921,Mandatory drug tests for welfare recipients,Recognize Jerusalem as capital of Israel,1,1,-3,8,4,-1.2431448513976722,1,2,2,0.5054545000188337,-3,1,4,4,-6,4,6,-4,4,-4,6,1,Right,2.398300000011921
20,R_3vFKRCCTpFYXCud,16,j,2,0,5701,Cuts to National Parks budget,Physician-assisted suicide,1,-1,-3,5,2,-1.2431448513976722,3,8,4,1.3797541757270866,-3,-3,0,6,3,0,3,0,0,-6,-3,1,Right,5.701
20,R_3vFKRCCTpFYXCud,17,f,1,1,4126.600000023842,Lift COVID lockdowns,Legalization of marijuana,1,-1,-1,4,2,-0.3688451756894192,3,4,3,1.3797541757270866,-1,-3,2,-4,0,2,0,2,-2,-4,0,0,Left,4.126600000023842
20,R_3vFKRCCTpFYXCud,18,f,1,1,4376.399999976158,Legalization of marijuana,Hardening schools/Arming teachers,1,-1,3,4,3,1.3797541757270866,-2,2,1,-0.8059950135435456,3,2,1,5,2,1,2,1,-1,5,2,0,Left,4.376399999976158
20,R_3vFKRCCTpFYXCud,19,j,2,0,2095.699999988079,Abolishing fraternities,Legalization of marijuana,-1,1,-1,0,1,-0.3688451756894192,3,4,3,1.3797541757270866,1,3,2,4,4,2,4,-2,2,-4,-4,1,Right,2.095699999988079
20,R_3vFKRCCTpFYXCud,20,j,2,0,2516,Mandatory training on sexual consent,Physician-assisted suicide,1,1,-3,1,2,-1.2431448513976722,3,8,4,1.3797541757270866,-3,3,6,6,7,6,7,-6,6,-6,-7,1,Right,2.516
20,R_3vFKRCCTpFYXCud,21,f,1,1,2188.600000023842,Mandatory drug tests for welfare recipients,Affirmative action,-1,1,-3,8,4,-1.2431448513976722,-2,4,3,-0.8059950135435456,3,-2,5,-1,4,5,4,5,-5,-1,4,0,Left,2.188600000023842
20,R_3vFKRCCTpFYXCud,22,f,1,1,4192.299999952316,Remove police from schools,Legalization of marijuana,-1,-1,-2,2,1,-0.8059950135435456,3,4,3,1.3797541757270866,2,-3,5,-5,-2,5,2,5,-5,-5,-2,0,Left,4.192299999952317
20,R_3vFKRCCTpFYXCud,23,f,1,1,2678.100000023842,Mandatory vaccinations,Physician-assisted suicide,1,-1,2,3,3,0.9426043378729602,3,8,4,1.3797541757270866,2,-3,5,-1,-5,5,5,5,-5,-1,-5,0,Left,2.678100000023842
20,R_3vFKRCCTpFYXCud,24,f,1,1,4781,Affirmative action,Ban on research with animals,1,-1,-2,4,3,-0.8059950135435456,3,8,3,1.3797541757270866,-2,-3,1,-5,-4,1,4,1,-1,-5,-4,0,Left,4.781
20,R_3vFKRCCTpFYXCud,25,f,1,1,3710.199999988079,Defund Planned Parenthood,Legalization of marijuana,-1,-1,-3,6,3,-1.2431448513976722,3,4,3,1.3797541757270866,3,-3,6,-6,2,6,2,6,-6,-6,2,0,Left,3.7101999999880793
20,R_3vFKRCCTpFYXCud,26,f,1,1,1980.5,Legalization of marijuana,Mandatory vaccinations,1,-1,3,4,3,1.3797541757270866,2,3,3,0.9426043378729602,3,-2,5,1,1,5,1,5,-5,1,1,0,Left,1.9805
20,R_3vFKRCCTpFYXCud,27,f,1,1,4333.300000011921,Bathrooms restricted based on biological sex,Physician-assisted suicide,-1,-1,-1,4,2,-0.3688451756894192,3,8,4,1.3797541757270866,1,-3,4,-4,-4,4,4,4,-4,-4,-4,0,Left,4.333300000011921
20,R_3vFKRCCTpFYXCud,28,f,1,1,2112.400000035763,Mandatory vaccinations,Legalization of marijuana,1,-1,2,3,3,0.9426043378729602,3,4,3,1.3797541757270866,2,-3,5,-1,-1,5,1,5,-5,-1,-1,0,Left,2.112400000035763
20,R_3vFKRCCTpFYXCud,29,j,2,0,2897,Climate change legislation,Mandatory training on sexual consent,-1,-1,3,8,4,1.3797541757270866,-3,1,2,-1.2431448513976722,-3,3,6,-6,-7,6,7,-6,6,6,7,1,Right,2.897
20,R_3vFKRCCTpFYXCud,30,j,2,0,4035.100000023842,Defund Planned Parenthood,Build southern border wall,-1,-1,-3,6,3,-1.2431448513976722,-3,4,4,-1.2431448513976722,3,3,0,0,-2,0,2,0,0,0,2,1,Right,4.035100000023842
20,R_3vFKRCCTpFYXCud,31,j,2,0,1785.3999999761581,Student worker unionization,Legalization of marijuana,-1,1,2,7,1,0.9426043378729602,3,4,3,1.3797541757270866,-2,3,5,1,-3,5,3,-5,5,-1,3,1,Right,1.785399999976158
20,R_3vFKRCCTpFYXCud,32,f,1,1,1862.699999988079,Raise the minimum wage,Recognize Jerusalem as capital of Israel,1,1,3,8,4,1.3797541757270866,1,2,2,0.5054545000188337,3,1,2,2,6,2,6,2,-2,2,6,0,Left,1.8626999999880791
20,R_3vFKRCCTpFYXCud,33,j,2,0,3333.600000023842,Mandatory drug tests for welfare recipients,Abortion rights,1,1,-3,8,4,-1.2431448513976722,3,5,3,1.3797541757270866,-3,3,6,6,-3,6,3,-6,6,-6,3,1,Right,3.333600000023842
20,R_3vFKRCCTpFYXCud,34,f,1,1,1994.2000000476837,Climate change legislation,Legalization of marijuana,1,-1,3,8,4,1.3797541757270866,3,4,3,1.3797541757270866,3,-3,6,0,4,6,4,6,-6,0,4,0,Left,1.9942000000476836
20,R_3vFKRCCTpFYXCud,35,j,2,0,1932.6000000238419,U.S. drone strikes in Afghanistan,Legalization of marijuana,1,1,-2,8,4,-0.8059950135435456,3,4,3,1.3797541757270866,-2,3,5,5,-4,5,4,-5,5,-5,4,1,Right,1.932600000023842
20,R_3vFKRCCTpFYXCud,36,j,2,0,3444.099999964237,Mandatory vaccinations,Mandatory drug tests for welfare recipients,-1,-1,2,3,3,0.9426043378729602,-3,8,4,-1.2431448513976722,-2,3,5,-5,5,5,5,-5,5,5,-5,1,Right,3.444099999964237
20,R_3vFKRCCTpFYXCud,37,j,2,0,2852.300000011921,Mask mandates,Mandatory drug tests for welfare recipients,1,-1,2,2,3,0.9426043378729602,-3,8,4,-1.2431448513976722,2,3,1,-5,6,1,6,-1,1,5,-6,1,Right,2.8523000000119207
20,R_3vFKRCCTpFYXCud,38,f,1,1,1993.1000000238419,Build southern border wall,Legalization of marijuana,-1,-1,-3,4,4,-1.2431448513976722,3,4,3,1.3797541757270866,3,-3,6,-6,0,6,0,6,-6,-6,0,0,Left,1.993100000023842
20,R_3vFKRCCTpFYXCud,39,j,2,0,3472.599999964237,Defund Planned Parenthood,Legalization of marijuana,1,1,-3,6,3,-1.2431448513976722,3,4,3,1.3797541757270866,-3,3,6,6,-2,6,2,-6,6,-6,2,1,Right,3.4725999999642374
20,R_3vFKRCCTpFYXCud,40,f,1,1,4328.199999988079,Religious exemptions for discrimination laws,Remove police from schools,-1,1,-3,8,2,-1.2431448513976722,-2,2,1,-0.8059950135435456,3,-2,5,-1,6,5,6,5,-5,-1,6,0,Left,4.328199999988079
20,R_3vFKRCCTpFYXCud,41,f,1,1,3185.300000011921,Ban on research with animals,Mandatory training on sexual consent,1,-1,3,8,3,1.3797541757270866,-3,1,2,-1.2431448513976722,3,3,0,6,7,0,7,0,0,6,7,0,Left,3.185300000011921
20,R_3vFKRCCTpFYXCud,42,f,1,1,6483.400000035763,Abortion rights,Build southern border wall,-1,1,3,5,3,1.3797541757270866,-3,4,4,-1.2431448513976722,-3,-3,0,6,1,0,1,0,0,6,1,0,Left,6.483400000035763
20,R_3vFKRCCTpFYXCud,43,j,2,0,3350.300000011921,Ban on research with animals,Detention of migrant children,-1,-1,3,8,3,1.3797541757270866,-3,8,4,-1.2431448513976722,-3,3,6,-6,0,6,0,-6,6,6,0,1,Right,3.350300000011921
20,R_3vFKRCCTpFYXCud,44,j,2,0,2922.800000011921,Lift COVID lockdowns,Ban on research with animals,1,1,-1,4,2,-0.3688451756894192,3,8,3,1.3797541757270866,-1,3,4,4,4,4,4,-4,4,-4,-4,1,Right,2.9228000000119208
20,R_3vFKRCCTpFYXCud,45,j,2,0,2182.199999988079,Mandatory drug tests for welfare recipients,Legalization of marijuana,1,1,-3,8,4,-1.2431448513976722,3,4,3,1.3797541757270866,-3,3,6,6,-4,6,4,-6,6,-6,4,1,Right,2.1821999999880792
20,R_3vFKRCCTpFYXCud,46,j,2,0,2144.100000023842,Mandatory drug tests for welfare recipients,Abolishing fraternities,1,1,-3,8,4,-1.2431448513976722,-1,0,1,-0.3688451756894192,-3,-1,2,2,-8,2,8,-2,2,-2,8,1,Right,2.1441000000238417
20,R_3vFKRCCTpFYXCud,47,f,1,1,6824.399999976158,Legalization of marijuana,Defund Planned Parenthood,-1,1,3,4,3,1.3797541757270866,-3,6,3,-1.2431448513976722,-3,-3,0,6,-2,0,2,0,0,6,-2,0,Left,6.824399999976158
20,R_3vFKRCCTpFYXCud,48,j,2,0,6336,Stop police brutality,Abortion rights,1,1,3,8,2,1.3797541757270866,3,5,3,1.3797541757270866,3,3,0,0,-3,0,3,0,0,0,3,1,Right,6.336
20,R_3vFKRCCTpFYXCud,49,j,2,0,2188.5,Mandatory training on sexual consent,Build southern border wall,1,-1,-3,1,2,-1.2431448513976722,-3,4,4,-1.2431448513976722,-3,3,6,0,3,6,3,-6,6,0,-3,1,Right,2.1885
20,R_3vFKRCCTpFYXCud,50,f,1,1,3269.800000011921,Build southern border wall,Mandatory vaccinations,-1,1,-3,4,4,-1.2431448513976722,2,3,3,0.9426043378729602,3,2,1,-5,1,1,1,1,-1,-5,1,0,Left,3.2698000000119207
20,R_3vFKRCCTpFYXCud,51,j,2,0,4384,Student worker unionization,Build southern border wall,1,-1,2,7,1,0.9426043378729602,-3,4,4,-1.2431448513976722,2,3,1,-5,-3,1,3,-1,1,5,3,1,Right,4.384
20,R_3vFKRCCTpFYXCud,52,f,1,1,2820.5,Affirmative action,Physician-assisted suicide,-1,-1,-2,4,3,-0.8059950135435456,3,8,4,1.3797541757270866,2,-3,5,-5,-4,5,4,5,-5,-5,-4,0,Left,2.8205
20,R_3vFKRCCTpFYXCud,53,j,2,0,4112.699999988079,Build southern border wall,Defund the police,1,-1,-3,4,4,-1.2431448513976722,-1,2,2,-0.3688451756894192,-3,1,4,2,-2,4,2,-4,4,-2,2,1,Right,4.112699999988079
20,R_3vFKRCCTpFYXCud,54,j,2,0,2020.6000000238419,Legalization of marijuana,Remove Christopher Columbus statues,-1,1,3,4,3,1.3797541757270866,0,0,1,0.06830466216470726,-3,0,3,-3,-4,3,4,-3,3,3,4,1,Right,2.0206000000238418
20,R_3vFKRCCTpFYXCud,55,f,1,1,1879.1000000238419,Legalization of marijuana,Mandatory training on sexual consent,1,-1,3,4,3,1.3797541757270866,-3,1,2,-1.2431448513976722,3,3,0,6,3,0,3,0,0,6,3,0,Left,1.8791000000238418
20,R_3vFKRCCTpFYXCud,56,f,1,1,2873.300000011921,Physician-assisted suicide,U.S. drone strikes in Afghanistan,-1,1,3,8,4,1.3797541757270866,-2,8,4,-0.8059950135435456,-3,-2,-1,5,0,1,0,-1,1,5,0,0,Left,2.873300000011921
20,R_3vFKRCCTpFYXCud,57,j,2,0,2386.599999964237,Build southern border wall,U.S. drone strikes in Afghanistan,1,-1,-3,4,4,-1.2431448513976722,-2,8,4,-0.8059950135435456,-3,2,5,1,4,5,4,-5,5,-1,-4,1,Right,2.386599999964237
20,R_3vFKRCCTpFYXCud,58,j,2,0,2748.399999976158,Abortion rights,Cuts to National Parks budget,-1,-1,3,5,3,1.3797541757270866,-3,5,2,-1.2431448513976722,-3,3,6,-6,0,6,0,-6,6,6,0,1,Right,2.7483999999761584
20,R_3vFKRCCTpFYXCud,59,f,1,1,5294.899999976158,Mandatory vaccinations,Stop police brutality,-1,-1,2,3,3,0.9426043378729602,3,8,2,1.3797541757270866,-2,-3,1,-1,-5,1,5,1,-1,-1,-5,0,Left,5.294899999976158
20,R_3vFKRCCTpFYXCud,60,f,1,1,1654.199999988079,Legalization of marijuana,Abolishing fraternities,1,1,3,4,3,1.3797541757270866,-1,0,1,-0.3688451756894192,3,-1,4,4,4,4,4,4,-4,4,4,0,Left,1.654199999988079
20,R_3vFKRCCTpFYXCud,61,j,2,0,2854.699999988079,Detention of migrant children,Remove police from schools,1,-1,-3,8,4,-1.2431448513976722,-2,2,1,-0.8059950135435456,-3,2,5,1,-6,5,6,-5,5,-1,6,1,Right,2.854699999988079
20,R_3vFKRCCTpFYXCud,62,j,2,0,2013,Build southern border wall,Remove police from schools,1,1,-3,4,4,-1.2431448513976722,-2,2,1,-0.8059950135435456,-3,-2,1,1,-2,1,2,-1,1,-1,2,1,Right,2.013
20,R_3vFKRCCTpFYXCud,63,f,1,1,1571.8999999761581,Legalization of marijuana,Defund the police,1,1,3,4,3,1.3797541757270866,-1,2,2,-0.3688451756894192,3,-1,4,4,2,4,2,4,-4,4,2,0,Left,1.571899999976158
20,R_3vFKRCCTpFYXCud,64,f,1,1,2220.5,Cuts to National Parks budget,Legalization of marijuana,-1,-1,-3,5,2,-1.2431448513976722,3,4,3,1.3797541757270866,3,-3,6,-6,1,6,1,6,-6,-6,1,0,Left,2.2205
20,R_3vFKRCCTpFYXCud,65,j,2,0,2340.2999999523163,Legalization of marijuana,Affirmative action,-1,-1,3,4,3,1.3797541757270866,-2,4,3,-0.8059950135435456,-3,2,5,-5,0,5,0,-5,5,5,0,1,Right,2.3402999999523164
20,R_3vFKRCCTpFYXCud,66,f,1,1,1855.9000000357628,Legalization of marijuana,Remove public Confederate memorials,1,1,3,4,3,1.3797541757270866,1,4,2,0.5054545000188337,3,1,2,2,0,2,0,2,-2,2,0,0,Left,1.8559000000357628
20,R_3vFKRCCTpFYXCud,67,f,1,1,2350.399999976158,Student worker unionization,Climate change legislation,-1,-1,2,7,1,0.9426043378729602,3,8,4,1.3797541757270866,-2,-3,1,-1,-1,1,1,1,-1,-1,-1,0,Left,2.3503999999761582
20,R_3vFKRCCTpFYXCud,68,j,2,0,5943.300000011921,Build southern border wall,Climate change legislation,-1,1,-3,4,4,-1.2431448513976722,3,8,4,1.3797541757270866,3,3,0,6,4,0,4,0,0,-6,-4,1,Right,5.943300000011921
20,R_3vFKRCCTpFYXCud,69,j,2,0,2086.800000011921,Recognize Jerusalem as capital of Israel,Build southern border wall,1,-1,1,2,2,0.5054545000188337,-3,4,4,-1.2431448513976722,1,3,2,-4,2,2,2,-2,2,4,-2,1,Right,2.086800000011921
20,R_3vFKRCCTpFYXCud,70,j,2,0,2869.099999964237,Cuts to National Parks budget,Detention of migrant children,1,-1,-3,5,2,-1.2431448513976722,-3,8,4,-1.2431448513976722,-3,3,6,0,3,6,3,-6,6,0,-3,1,Right,2.869099999964237
20,R_3vFKRCCTpFYXCud,71,f,1,1,1686,Build southern border wall,Remove public Confederate memorials,-1,-1,-3,4,4,-1.2431448513976722,1,4,2,0.5054545000188337,3,-1,4,-4,0,4,0,4,-4,-4,0,0,Left,1.686
20,R_3vFKRCCTpFYXCud,72,f,1,1,3144.399999976158,Abolishing fraternities,Build southern border wall,-1,1,-1,0,1,-0.3688451756894192,-3,4,4,-1.2431448513976722,1,-3,4,2,-4,4,4,4,-4,2,-4,0,Left,3.1443999999761583
20,R_3vFKRCCTpFYXCud,73,f,1,1,4132.199999988079,Bathrooms restricted based on biological sex,Build southern border wall,-1,1,-1,4,2,-0.3688451756894192,-3,4,4,-1.2431448513976722,1,-3,4,2,0,4,0,4,-4,2,0,0,Left,4.132199999988079
20,R_3vFKRCCTpFYXCud,74,f,1,1,1712.199999988079,Mandatory training on sexual consent,Legalization of marijuana,-1,-1,-3,1,2,-1.2431448513976722,3,4,3,1.3797541757270866,3,-3,6,-6,-3,6,3,6,-6,-6,-3,0,Left,1.712199999988079
20,R_3vFKRCCTpFYXCud,75,f,1,1,5098.399999976158,Religious exemptions for discrimination laws,Defund Planned Parenthood,-1,-1,-3,8,2,-1.2431448513976722,-3,6,3,-1.2431448513976722,3,3,0,0,2,0,2,0,0,0,2,0,Left,5.0983999999761584
20,R_3vFKRCCTpFYXCud,76,j,2,0,2209,Defund the police,Raise the minimum wage,1,1,-1,2,2,-0.3688451756894192,3,8,4,1.3797541757270866,-1,3,4,4,6,4,6,-4,4,-4,-6,1,Right,2.209
20,R_3vFKRCCTpFYXCud,77,f,1,1,2960.5,On campus concealed carry,Build southern border wall,1,1,-1,0,1,-0.3688451756894192,-3,4,4,-1.2431448513976722,-1,-3,2,2,-4,2,4,2,-2,2,-4,0,Left,2.9605
20,R_3vFKRCCTpFYXCud,78,f,1,1,1612.300000011921,Legalization of marijuana,Remove Christopher Columbus statues,1,1,3,4,3,1.3797541757270866,0,0,1,0.06830466216470726,3,0,3,3,4,3,4,3,-3,3,4,0,Left,1.612300000011921
20,R_3vFKRCCTpFYXCud,79,f,1,1,3177.699999988079,Build southern border wall,Abortion rights,-1,1,-3,4,4,-1.2431448513976722,3,5,3,1.3797541757270866,3,3,0,-6,-1,0,1,0,0,-6,-1,0,Left,3.177699999988079
20,R_3vFKRCCTpFYXCud,80,f,1,1,1773.800000011921,Build southern border wall,Affirmative action,-1,-1,-3,4,4,-1.2431448513976722,-2,4,3,-0.8059950135435456,3,2,1,-1,0,1,0,1,-1,-1,0,0,Left,1.773800000011921
20,R_3vFKRCCTpFYXCud,81,f,1,1,2674.199999988079,Mandatory drug tests for welfare recipients,Mandatory vaccinations,-1,1,-3,8,4,-1.2431448513976722,2,3,3,0.9426043378729602,3,2,1,-5,5,1,5,1,-1,-5,5,0,Left,2.6741999999880792
20,R_3vFKRCCTpFYXCud,82,j,2,0,2473.699999988079,Raise the minimum wage,U.S. drone strikes in Afghanistan,-1,-1,3,8,4,1.3797541757270866,-2,8,4,-0.8059950135435456,-3,2,5,-5,0,5,0,-5,5,5,0,1,Right,2.473699999988079
20,R_3vFKRCCTpFYXCud,83,j,2,0,3010.5,Defund Planned Parenthood,Mandatory drug tests for welfare recipients,1,-1,-3,6,3,-1.2431448513976722,-3,8,4,-1.2431448513976722,-3,3,6,0,2,6,2,-6,6,0,-2,1,Right,3.0105
20,R_3vFKRCCTpFYXCud,84,f,1,1,2668.7000000476837,Physician-assisted suicide,Legalization of marijuana,-1,-1,3,8,4,1.3797541757270866,3,4,3,1.3797541757270866,-3,-3,0,0,4,0,4,0,0,0,4,0,Left,2.668700000047684
20,R_3vFKRCCTpFYXCud,85,f,1,1,2447.399999976158,Legalization of marijuana,U.S. drone strikes in Afghanistan,-1,1,3,4,3,1.3797541757270866,-2,8,4,-0.8059950135435456,-3,-2,-1,5,-4,1,4,-1,1,5,-4,0,Left,2.447399999976158
20,R_3vFKRCCTpFYXCud,86,f,1,1,4580.700000047684,Abolishing fraternities,Stop police brutality,-1,-1,-1,0,1,-0.3688451756894192,3,8,2,1.3797541757270866,1,-3,4,-4,-8,4,8,4,-4,-4,-8,0,Left,4.580700000047684
20,R_3vFKRCCTpFYXCud,87,j,2,0,1871.0999999642372,Legalization of marijuana,Affirmative action,-1,1,3,4,3,1.3797541757270866,-2,4,3,-0.8059950135435456,-3,-2,1,-5,0,1,0,-1,1,5,0,1,Right,1.8710999999642373
20,R_3vFKRCCTpFYXCud,88,f,1,1,2265.199999988079,Physician-assisted suicide,U.S. drone strikes in Afghanistan,1,1,3,8,4,1.3797541757270866,-2,8,4,-0.8059950135435456,3,-2,5,5,0,5,0,5,-5,5,0,0,Left,2.265199999988079
20,R_3vFKRCCTpFYXCud,89,f,1,1,1812.1000000238419,Build southern border wall,Affirmative action,-1,1,-3,4,4,-1.2431448513976722,-2,4,3,-0.8059950135435456,3,-2,5,-1,0,5,0,5,-5,-1,0,0,Left,1.8121000000238419
20,R_3vFKRCCTpFYXCud,90,j,2,0,3048.599999964237,Legalization of marijuana,Mandatory vaccinations,-1,-1,3,4,3,1.3797541757270866,2,3,3,0.9426043378729602,-3,-2,1,-1,-1,1,1,-1,1,1,1,1,Right,3.048599999964237
20,R_3vFKRCCTpFYXCud,91,j,2,0,3827.199999988079,Ban on research with animals,Hardening schools/Arming teachers,-1,1,3,8,3,1.3797541757270866,-2,2,1,-0.8059950135435456,-3,-2,1,-5,-6,1,6,-1,1,5,6,1,Right,3.8271999999880792
20,R_3vFKRCCTpFYXCud,92,j,2,0,2365.599999964237,Cuts to National Parks budget,Build southern border wall,1,-1,-3,5,2,-1.2431448513976722,-3,4,4,-1.2431448513976722,-3,3,6,0,-1,6,1,-6,6,0,1,1,Right,2.365599999964237
20,R_3vFKRCCTpFYXCud,93,f,1,1,2863.800000011921,Defund Planned Parenthood,Mandatory drug tests for welfare recipients,-1,1,-3,6,3,-1.2431448513976722,-3,8,4,-1.2431448513976722,3,-3,6,0,-2,6,2,6,-6,0,-2,0,Left,2.863800000011921
20,R_3vFKRCCTpFYXCud,94,j,2,0,1994.1000000238419,On campus concealed carry,Religious exemptions for discrimination laws,1,-1,-1,0,1,-0.3688451756894192,-3,8,2,-1.2431448513976722,-1,3,4,-2,8,4,8,-4,4,2,-8,1,Right,1.9941000000238418
20,R_3vFKRCCTpFYXCud,95,f,1,1,2482.399999976158,Student worker unionization,Build southern border wall,1,1,2,7,1,0.9426043378729602,-3,4,4,-1.2431448513976722,2,-3,5,5,3,5,3,5,-5,5,3,0,Left,2.4823999999761583
20,R_3vFKRCCTpFYXCud,96,f,1,1,3510.600000023842,Defund the police,Stop police brutality,1,-1,-1,2,2,-0.3688451756894192,3,8,2,1.3797541757270866,-1,-3,2,-4,-6,2,6,2,-2,-4,-6,0,Left,3.510600000023842
20,R_3vFKRCCTpFYXCud,97,f,1,1,2289.399999976158,Defund the police,Build southern border wall,1,1,-1,2,2,-0.3688451756894192,-3,4,4,-1.2431448513976722,-1,-3,2,2,-2,2,2,2,-2,2,-2,0,Left,2.2893999999761583
20,R_3vFKRCCTpFYXCud,98,f,1,1,2734.599999964237,U.S. drone strikes in Afghanistan,Religious exemptions for discrimination laws,-1,-1,-2,8,4,-0.8059950135435456,-3,8,2,-1.2431448513976722,2,3,-1,1,0,1,0,-1,1,1,0,0,Left,2.7345999999642374
20,R_3vFKRCCTpFYXCud,99,f,1,1,2556.600000023842,Student worker unionization,Mandatory drug tests for welfare recipients,1,1,2,7,1,0.9426043378729602,-3,8,4,-1.2431448513976722,2,-3,5,5,-1,5,1,5,-5,5,-1,0,Left,2.556600000023842
20,R_3vFKRCCTpFYXCud,100,j,2,0,4510.600000023842,Build southern border wall,U.S. drone strikes in Afghanistan,-1,-1,-3,4,4,-1.2431448513976722,-2,8,4,-0.8059950135435456,3,2,-1,1,4,1,4,1,-1,-1,-4,1,Right,4.5106000000238415
14,R_2wvLMxIloZ7ffa5,1,f,1,1,1368.4000000059605,Detention of migrant children,Mandatory trigger warnings,1,1,0,5,3,-1.1511666190908498,2,5,4,0.2778678046081365,0,2,-2,-2,0,2,0,-2,2,-2,0,0,Left,1.3684000000059604
14,R_2wvLMxIloZ7ffa5,2,j,2,0,930.8000000119209,Mandatory trigger warnings,Tuition increases,1,-1,2,5,4,0.2778678046081365,1,7,4,-0.43664940724135665,2,-1,-3,-1,2,3,2,3,-3,1,-2,1,Right,0.930800000011921
14,R_2wvLMxIloZ7ffa5,3,f,1,1,956.7000000178814,Mandatory trigger warnings,Increased Gun regulations,1,1,2,5,4,0.2778678046081365,3,6,3,0.9923850164576297,2,3,-1,-1,-1,1,1,-1,1,-1,-1,0,Left,0.9567000000178814
14,R_2wvLMxIloZ7ffa5,4,f,1,1,2501.5999999940395,Increased Gun regulations,Abortion rights,-1,1,3,6,3,0.9923850164576297,3,5,3,0.9923850164576297,-3,3,-6,0,1,6,1,-6,6,0,1,0,Left,2.5015999999940397
14,R_2wvLMxIloZ7ffa5,5,j,2,0,1982.5,Ban on ethnic Halloween costumes,Detention of migrant children,-1,-1,1,7,2,-0.43664940724135665,0,5,3,-1.1511666190908498,-1,-0,1,-1,-2,1,2,-1,1,1,2,1,Right,1.9825
14,R_2wvLMxIloZ7ffa5,6,f,1,1,599.2999999821186,Climate change legislation,Mandatory trigger warnings,1,1,3,5,3,0.9923850164576297,2,5,4,0.2778678046081365,3,2,1,1,0,1,0,1,-1,1,0,0,Left,0.5992999999821186
14,R_2wvLMxIloZ7ffa5,7,f,1,1,1711.699999988079,Black Lives Matter,War on Drugs,1,-1,1,7,4,-0.43664940724135665,3,5,3,0.9923850164576297,1,-3,4,-2,2,4,2,4,-4,-2,2,0,Left,1.711699999988079
14,R_2wvLMxIloZ7ffa5,8,j,2,0,2895.2999999821186,Detention of migrant children,Mandatory trigger warnings,-1,1,0,5,3,-1.1511666190908498,2,5,4,0.2778678046081365,-0,2,2,2,0,2,0,-2,2,-2,0,1,Right,2.8952999999821185
14,R_2wvLMxIloZ7ffa5,9,f,1,1,1000.3000000119209,Increased Gun regulations,Abortion rights,1,-1,3,6,3,0.9923850164576297,3,5,3,0.9923850164576297,3,-3,6,0,1,6,1,6,-6,0,1,0,Left,1.0003000000119209
14,R_2wvLMxIloZ7ffa5,10,f,1,1,1308,Increased Gun regulations,Increased Gun regulations,1,-1,3,6,3,0.9923850164576297,3,6,3,0.9923850164576297,3,-3,6,0,0,6,0,6,-6,0,0,0,Left,1.308
14,R_2wvLMxIloZ7ffa5,11,f,1,1,1178.5,Stop police brutality,Tuition increases,1,-1,3,5,3,0.9923850164576297,1,7,4,-0.43664940724135665,3,-1,4,2,-2,4,2,4,-4,2,-2,0,Left,1.1785
14,R_2wvLMxIloZ7ffa5,12,f,1,1,1072.699999988079,Increased Gun regulations,Mandatory trigger warnings,-1,1,3,6,3,0.9923850164576297,2,5,4,0.2778678046081365,-3,2,-5,1,1,5,1,-5,5,1,1,0,Left,1.072699999988079
14,R_2wvLMxIloZ7ffa5,13,j,2,0,968.5999999940395,Hardening schools/Arming teachers,Increased Gun regulations,1,-1,3,5,3,0.9923850164576297,3,6,3,0.9923850164576297,3,-3,-6,0,1,6,1,6,-6,0,-1,1,Right,0.9685999999940396
14,R_2wvLMxIloZ7ffa5,14,f,1,1,1121.5,Increased Gun regulations,Black Lives Matter,1,-1,3,6,3,0.9923850164576297,1,7,4,-0.43664940724135665,3,-1,4,2,-1,4,1,4,-4,2,-1,0,Left,1.1215
14,R_2wvLMxIloZ7ffa5,15,f,1,1,1473.699999988079,Black Lives Matter,Tuition increases,-1,1,1,7,4,-0.43664940724135665,1,7,4,-0.43664940724135665,-1,1,-2,0,0,2,0,-2,2,0,0,0,Left,1.473699999988079
14,R_2wvLMxIloZ7ffa5,16,f,1,1,154.19999998807907,Climate change legislation,Cuts to National Parks budget,1,1,3,5,3,0.9923850164576297,1,7,4,-0.43664940724135665,3,1,2,2,-2,2,2,2,-2,2,-2,0,Left,0.15419999998807907
14,R_2wvLMxIloZ7ffa5,17,j,2,0,1376.2999999821186,Mandatory trigger warnings,Ban on ethnic Halloween costumes,-1,-1,2,5,4,0.2778678046081365,1,7,2,-0.43664940724135665,-2,-1,1,-1,2,1,2,-1,1,1,-2,1,Right,1.3762999999821186
14,R_2wvLMxIloZ7ffa5,18,j,2,0,1432.300000011921,Detention of migrant children,Mandatory drug tests for welfare recipients,-1,1,0,5,3,-1.1511666190908498,3,5,3,0.9923850164576297,-0,3,3,3,0,3,0,-3,3,-3,0,1,Right,1.432300000011921
14,R_2wvLMxIloZ7ffa5,19,j,2,0,914.3000000119209,Defund the police,Mandatory trigger warnings,-1,1,0,7,3,-1.1511666190908498,2,5,4,0.2778678046081365,-0,2,2,2,-2,2,2,-2,2,-2,2,1,Right,0.9143000000119209
14,R_2wvLMxIloZ7ffa5,20,f,1,1,628.7000000178814,Detention of migrant children,Increased Gun regulations,1,-1,0,5,3,-1.1511666190908498,3,6,3,0.9923850164576297,0,-3,3,-3,-1,3,1,3,-3,-3,-1,0,Left,0.6287000000178814
14,R_2wvLMxIloZ7ffa5,21,j,2,0,1127.7999999821186,Increased Gun regulations,Black Lives Matter,1,-1,3,6,3,0.9923850164576297,1,7,4,-0.43664940724135665,3,-1,-4,-2,1,4,1,4,-4,2,-1,1,Right,1.1277999999821187
14,R_2wvLMxIloZ7ffa5,22,f,1,1,993.4000000059605,Detention of migrant children,Increased Gun regulations,1,1,0,5,3,-1.1511666190908498,3,6,3,0.9923850164576297,0,3,-3,-3,-1,3,1,-3,3,-3,-1,0,Left,0.9934000000059605
14,R_2wvLMxIloZ7ffa5,23,f,1,1,619.7999999821186,Mandatory trigger warnings,Increased Gun regulations,-1,-1,2,5,4,0.2778678046081365,3,6,3,0.9923850164576297,-2,-3,1,-1,-1,1,1,1,-1,-1,-1,0,Left,0.6197999999821187
14,R_2wvLMxIloZ7ffa5,24,j,2,0,726,Increased Gun regulations,Mandatory trigger warnings,-1,-1,3,6,3,0.9923850164576297,2,5,4,0.2778678046081365,-3,-2,1,-1,-1,1,1,-1,1,1,1,1,Right,0.726
14,R_2wvLMxIloZ7ffa5,25,f,1,1,1129.2000000178814,Ban on research with animals,Mandatory trigger warnings,1,-1,3,5,3,0.9923850164576297,2,5,4,0.2778678046081365,3,-2,5,1,0,5,0,5,-5,1,0,0,Left,1.1292000000178815
14,R_2wvLMxIloZ7ffa5,26,f,1,1,5191.699999988079,Allow alt-right speakers on campus,Detention of migrant children,1,-1,3,5,3,0.9923850164576297,0,5,3,-1.1511666190908498,3,-0,3,3,0,3,0,3,-3,3,0,0,Left,5.191699999988079
14,R_2wvLMxIloZ7ffa5,27,j,2,0,3122.7000000178814,Increased Gun regulations,Mandatory drug tests for welfare recipients,1,-1,3,6,3,0.9923850164576297,3,5,3,0.9923850164576297,3,-3,-6,0,-1,6,1,6,-6,0,1,1,Right,3.1227000000178813
14,R_2wvLMxIloZ7ffa5,28,f,1,1,1493.699999988079,Legalization of marijuana,Cuts to National Parks budget,1,-1,3,5,3,0.9923850164576297,1,7,4,-0.43664940724135665,3,-1,4,2,-2,4,2,4,-4,2,-2,0,Left,1.4936999999880791
14,R_2wvLMxIloZ7ffa5,29,f,1,1,1127,Ban on ethnic Halloween costumes,Mandatory trigger warnings,1,-1,1,7,2,-0.43664940724135665,2,5,4,0.2778678046081365,1,-2,3,-1,2,3,2,3,-3,-1,2,0,Left,1.127
14,R_2wvLMxIloZ7ffa5,30,f,1,1,78077.10000002384,Gun-free campus police,War on Drugs,1,1,0,7,3,-1.1511666190908498,3,5,3,0.9923850164576297,0,3,-3,-3,2,3,2,-3,3,-3,2,0,Left,78.07710000002385
14,R_2wvLMxIloZ7ffa5,31,j,2,0,1539.9000000059605,Increased Gun regulations,Ban on ethnic Halloween costumes,-1,-1,3,6,3,0.9923850164576297,1,7,2,-0.43664940724135665,-3,-1,2,-2,1,2,1,-2,2,2,-1,1,Right,1.5399000000059604
14,R_2wvLMxIloZ7ffa5,32,f,1,1,267631,Affirmative action,Climate change legislation,1,1,1,7,2,-0.43664940724135665,3,5,3,0.9923850164576297,1,3,-2,-2,2,2,2,-2,2,-2,2,0,Left,267.631
14,R_2wvLMxIloZ7ffa5,33,f,1,1,841.2000000178814,Increased Gun regulations,Black Lives Matter,-1,1,3,6,3,0.9923850164576297,1,7,4,-0.43664940724135665,-3,1,-4,2,-1,4,1,-4,4,2,-1,0,Left,0.8412000000178814
14,R_2wvLMxIloZ7ffa5,34,f,1,1,764.6999999880791,Allow alt-right speakers on campus,Ban on ethnic Halloween costumes,-1,-1,3,5,3,0.9923850164576297,1,7,2,-0.43664940724135665,-3,-1,-2,2,-2,2,2,-2,2,2,-2,0,Left,0.764699999988079
14,R_2wvLMxIloZ7ffa5,35,f,1,1,758.1999999880791,Increased Gun regulations,Legalization of marijuana,-1,1,3,6,3,0.9923850164576297,3,5,3,0.9923850164576297,-3,3,-6,0,1,6,1,-6,6,0,1,0,Left,0.7581999999880791
14,R_2wvLMxIloZ7ffa5,36,j,2,0,764.6000000238419,Allow alt-right speakers on campus,Detention of migrant children,-1,-1,3,5,3,0.9923850164576297,0,5,3,-1.1511666190908498,-3,-0,3,-3,0,3,0,-3,3,3,0,1,Right,0.7646000000238419
14,R_2wvLMxIloZ7ffa5,37,f,1,1,769.9000000059605,Affirmative action,Affirmative action,1,-1,1,7,2,-0.43664940724135665,1,7,2,-0.43664940724135665,1,-1,2,0,0,2,0,2,-2,0,0,0,Left,0.7699000000059605
14,R_2wvLMxIloZ7ffa5,38,f,1,1,1024.2999999821186,Mandatory trigger warnings,Allow alt-right speakers on campus,1,1,2,5,4,0.2778678046081365,3,5,3,0.9923850164576297,2,3,-1,-1,0,1,0,-1,1,-1,0,0,Left,1.0242999999821185
14,R_2wvLMxIloZ7ffa5,39,j,2,0,911.0999999940395,Detention of migrant children,Increased Gun regulations,1,1,0,5,3,-1.1511666190908498,3,6,3,0.9923850164576297,0,3,3,3,1,3,1,-3,3,-3,-1,1,Right,0.9110999999940396
14,R_2wvLMxIloZ7ffa5,40,f,1,1,2362.9000000059605,Increased Gun regulations,Mask mandates,1,1,3,6,3,0.9923850164576297,3,5,3,0.9923850164576297,3,3,0,0,1,0,1,0,0,0,1,0,Left,2.3629000000059603
14,R_2wvLMxIloZ7ffa5,41,j,2,0,925.9000000059605,Mandatory trigger warnings,Black Lives Matter,-1,-1,2,5,4,0.2778678046081365,1,7,4,-0.43664940724135665,-2,-1,1,-1,2,1,2,-1,1,1,-2,1,Right,0.9259000000059605
14,R_2wvLMxIloZ7ffa5,42,f,1,1,200.60000002384186,Mandatory vaccinations,Mandatory trigger warnings,1,1,0,7,3,-1.1511666190908498,2,5,4,0.2778678046081365,0,2,-2,-2,2,2,2,-2,2,-2,2,0,Left,0.20060000002384185
14,R_2wvLMxIloZ7ffa5,43,j,2,0,821.5999999940395,Bathrooms restricted based on biological sex,Mandatory trigger warnings,-1,1,3,5,3,0.9923850164576297,2,5,4,0.2778678046081365,-3,2,5,-1,0,5,0,-5,5,1,0,1,Right,0.8215999999940395
14,R_2wvLMxIloZ7ffa5,44,f,1,1,115.09999999403954,Detention of migrant children,Remove police from schools,-1,-1,0,5,3,-1.1511666190908498,3,5,3,0.9923850164576297,-0,-3,3,-3,0,3,0,3,-3,-3,0,0,Left,0.11509999999403954
14,R_2wvLMxIloZ7ffa5,45,f,1,1,451.30000001192093,Increased Gun regulations,Gun-free campus police,1,-1,3,6,3,0.9923850164576297,0,7,3,-1.1511666190908498,3,-0,3,3,-1,3,1,3,-3,3,-1,0,Left,0.45130000001192094
14,R_2wvLMxIloZ7ffa5,46,f,1,1,876.4000000059605,Tuition increases,Mandatory vaccinations,1,1,1,7,4,-0.43664940724135665,0,7,3,-1.1511666190908498,1,0,1,1,0,1,0,1,-1,1,0,0,Left,0.8764000000059604
14,R_2wvLMxIloZ7ffa5,47,f,1,1,1818.5999999940395,Bathrooms restricted based on biological sex,Black Lives Matter,-1,1,3,5,3,0.9923850164576297,1,7,4,-0.43664940724135665,-3,1,-4,2,-2,4,2,-4,4,2,-2,0,Left,1.8185999999940394
14,R_2wvLMxIloZ7ffa5,48,j,2,0,255.30000001192093,Dorms determined by gender identity,Affirmative action,1,-1,0,7,3,-1.1511666190908498,1,7,2,-0.43664940724135665,0,-1,-1,1,0,1,0,1,-1,-1,0,1,Right,0.25530000001192094
14,R_2wvLMxIloZ7ffa5,49,f,1,1,824.2999999821186,Increased Gun regulations,Increased Gun regulations,1,-1,3,6,3,0.9923850164576297,3,6,3,0.9923850164576297,3,-3,6,0,0,6,0,6,-6,0,0,0,Left,0.8242999999821186
14,R_2wvLMxIloZ7ffa5,50,f,1,1,1046.4000000059605,Mandatory trigger warnings,Mandatory trigger warnings,1,-1,2,5,4,0.2778678046081365,2,5,4,0.2778678046081365,2,-2,4,0,0,4,0,4,-4,0,0,0,Left,1.0464000000059606
14,R_2wvLMxIloZ7ffa5,51,f,1,1,914.3000000119209,Detention of migrant children,Affirmative action,-1,1,0,5,3,-1.1511666190908498,1,7,2,-0.43664940724135665,-0,1,-1,-1,-2,1,2,-1,1,-1,-2,0,Left,0.9143000000119209
14,R_2wvLMxIloZ7ffa5,52,f,1,1,350.5,Legalization of marijuana,Hardening schools/Arming teachers,1,-1,3,5,3,0.9923850164576297,3,5,3,0.9923850164576297,3,-3,6,0,0,6,0,6,-6,0,0,0,Left,0.3505
14,R_2wvLMxIloZ7ffa5,53,j,2,0,759.7999999821186,Mandatory trigger warnings,Black Lives Matter,-1,1,2,5,4,0.2778678046081365,1,7,4,-0.43664940724135665,-2,1,3,-1,2,3,2,-3,3,1,-2,1,Right,0.7597999999821186
14,R_2wvLMxIloZ7ffa5,54,f,1,1,814,Affirmative action,Increased Gun regulations,-1,-1,1,7,2,-0.43664940724135665,3,6,3,0.9923850164576297,-1,-3,2,-2,1,2,1,2,-2,-2,1,0,Left,0.814
14,R_2wvLMxIloZ7ffa5,55,f,1,1,1188.199999988079,Increased Gun regulations,Allow alt-right speakers on campus,1,-1,3,6,3,0.9923850164576297,3,5,3,0.9923850164576297,3,-3,6,0,1,6,1,6,-6,0,1,0,Left,1.188199999988079
14,R_2wvLMxIloZ7ffa5,56,j,2,0,1226.4000000059605,Ban on ethnic Halloween costumes,Remove public Confederate memorials,1,1,1,7,2,-0.43664940724135665,3,5,3,0.9923850164576297,1,3,2,2,-2,2,2,-2,2,-2,2,1,Right,1.2264000000059605
14,R_2wvLMxIloZ7ffa5,57,f,1,1,68469,Tuition increases,Increased Gun regulations,1,-1,1,7,4,-0.43664940724135665,3,6,3,0.9923850164576297,1,-3,4,-2,1,4,1,4,-4,-2,1,0,Left,68.469
14,R_2wvLMxIloZ7ffa5,58,f,1,1,611.0999999940395,Bathrooms restricted based on biological sex,Increased Gun regulations,-1,-1,3,5,3,0.9923850164576297,3,6,3,0.9923850164576297,-3,-3,0,0,-1,0,1,0,0,0,-1,0,Left,0.6110999999940395
14,R_2wvLMxIloZ7ffa5,59,f,1,1,1040.199999988079,Increased Gun regulations,Safe injection locations,1,1,3,6,3,0.9923850164576297,3,5,3,0.9923850164576297,3,3,0,0,1,0,1,0,0,0,1,0,Left,1.040199999988079
14,R_2wvLMxIloZ7ffa5,60,j,2,0,857.4000000059605,Detention of migrant children,Increased Gun regulations,1,-1,0,5,3,-1.1511666190908498,3,6,3,0.9923850164576297,0,-3,-3,3,1,3,1,3,-3,-3,-1,1,Right,0.8574000000059605
14,R_2wvLMxIloZ7ffa5,61,f,1,1,465.80000001192093,Remove public Confederate memorials,Cuts to National Parks budget,-1,-1,3,5,3,0.9923850164576297,1,7,4,-0.43664940724135665,-3,-1,-2,2,-2,2,2,-2,2,2,-2,0,Left,0.46580000001192096
14,R_2wvLMxIloZ7ffa5,62,f,1,1,783.8000000119209,Increased Gun regulations,Religious exemptions for discrimination laws,-1,-1,3,6,3,0.9923850164576297,0,7,3,-1.1511666190908498,-3,-0,-3,3,-1,3,1,-3,3,3,-1,0,Left,0.783800000011921
14,R_2wvLMxIloZ7ffa5,63,f,1,1,1180.199999988079,Mandatory trigger warnings,Detention of migrant children,-1,-1,2,5,4,0.2778678046081365,0,5,3,-1.1511666190908498,-2,-0,-2,2,0,2,0,-2,2,2,0,0,Left,1.180199999988079
14,R_2wvLMxIloZ7ffa5,64,j,2,0,810.5,Cuts to National Parks budget,Mandatory trigger warnings,1,1,1,7,4,-0.43664940724135665,2,5,4,0.2778678046081365,1,2,1,1,-2,1,2,-1,1,-1,2,1,Right,0.8105
14,R_2wvLMxIloZ7ffa5,65,f,1,1,964.0999999940395,Raise the minimum wage,Mandatory trigger warnings,1,1,3,5,3,0.9923850164576297,2,5,4,0.2778678046081365,3,2,1,1,0,1,0,1,-1,1,0,0,Left,0.9640999999940395
14,R_2wvLMxIloZ7ffa5,66,j,2,0,843.3000000119209,Religious exemptions for discrimination laws,Mask mandates,-1,1,0,7,3,-1.1511666190908498,3,5,3,0.9923850164576297,-0,3,3,3,-2,3,2,-3,3,-3,2,1,Right,0.843300000011921
14,R_2wvLMxIloZ7ffa5,67,f,1,1,1119.5,Abortion rights,Detention of migrant children,1,1,3,5,3,0.9923850164576297,0,5,3,-1.1511666190908498,3,0,3,3,0,3,0,3,-3,3,0,0,Left,1.1195
14,R_2wvLMxIloZ7ffa5,68,j,2,0,927.4000000059605,Cuts to National Parks budget,Mandatory trigger warnings,1,1,1,7,4,-0.43664940724135665,2,5,4,0.2778678046081365,1,2,1,1,-2,1,2,-1,1,-1,2,1,Right,0.9274000000059605
14,R_2wvLMxIloZ7ffa5,69,f,1,1,955.1000000238419,Legalization of marijuana,Mandatory trigger warnings,-1,1,3,5,3,0.9923850164576297,2,5,4,0.2778678046081365,-3,2,-5,1,0,5,0,-5,5,1,0,0,Left,0.9551000000238419
14,R_2wvLMxIloZ7ffa5,70,j,2,0,970.3000000119209,Ban on ethnic Halloween costumes,Legalization of marijuana,-1,1,1,7,2,-0.43664940724135665,3,5,3,0.9923850164576297,-1,3,4,2,-2,4,2,-4,4,-2,2,1,Right,0.970300000011921
14,R_2wvLMxIloZ7ffa5,71,f,1,1,2621.5999999940395,Safe injection locations,War on Drugs,1,-1,3,5,3,0.9923850164576297,3,5,3,0.9923850164576297,3,-3,6,0,0,6,0,6,-6,0,0,0,Left,2.6215999999940394
14,R_2wvLMxIloZ7ffa5,72,j,2,0,1022.8000000119209,Detention of migrant children,Affirmative action,-1,1,0,5,3,-1.1511666190908498,1,7,2,-0.43664940724135665,-0,1,1,1,2,1,2,-1,1,-1,-2,1,Right,1.0228000000119208
14,R_2wvLMxIloZ7ffa5,73,f,1,1,856,Mandatory trigger warnings,Abolishing private prisons,-1,-1,2,5,4,0.2778678046081365,0,7,3,-1.1511666190908498,-2,-0,-2,2,-2,2,2,-2,2,2,-2,0,Left,0.856
14,R_2wvLMxIloZ7ffa5,74,f,1,1,1307.300000011921,Defund the police,Cuts to National Parks budget,1,-1,0,7,3,-1.1511666190908498,1,7,4,-0.43664940724135665,0,-1,1,-1,0,1,0,1,-1,-1,0,0,Left,1.307300000011921
14,R_2wvLMxIloZ7ffa5,75,j,2,0,683.5,Tuition increases,Increased Gun regulations,1,1,1,7,4,-0.43664940724135665,3,6,3,0.9923850164576297,1,3,2,2,-1,2,1,-2,2,-2,1,1,Right,0.6835
14,R_2wvLMxIloZ7ffa5,76,j,2,0,669.7999999821186,Detention of migrant children,Religious exemptions for discrimination laws,1,-1,0,5,3,-1.1511666190908498,0,7,3,-1.1511666190908498,0,-0,-0,0,2,0,2,0,-0,0,-2,1,Right,0.6697999999821186
14,R_2wvLMxIloZ7ffa5,77,f,1,1,397.39999997615814,Increased Gun regulations,Legalization of marijuana,1,1,3,6,3,0.9923850164576297,3,5,3,0.9923850164576297,3,3,0,0,1,0,1,0,0,0,1,0,Left,0.39739999997615816
14,R_2wvLMxIloZ7ffa5,78,j,2,0,924.2000000178814,Increased Gun regulations,Black Lives Matter,1,1,3,6,3,0.9923850164576297,1,7,4,-0.43664940724135665,3,1,-2,-2,1,2,1,2,-2,2,-1,1,Right,0.9242000000178814
14,R_2wvLMxIloZ7ffa5,79,j,2,0,814,Ban on research with animals,Climate change legislation,-1,1,3,5,3,0.9923850164576297,3,5,3,0.9923850164576297,-3,3,6,0,0,6,0,-6,6,0,0,1,Right,0.814
14,R_2wvLMxIloZ7ffa5,80,f,1,1,3614.5999999940395,Detention of migrant children,"Boycott, Divest, and Sanction Israel",1,1,0,5,3,-1.1511666190908498,0,7,3,-1.1511666190908498,0,0,0,0,-2,0,2,0,0,0,-2,0,Left,3.6145999999940397
14,R_2wvLMxIloZ7ffa5,81,j,2,0,1593,Increased Gun regulations,Defund the police,-1,1,3,6,3,0.9923850164576297,0,7,3,-1.1511666190908498,-3,0,3,-3,1,3,1,-3,3,3,-1,1,Right,1.593
14,R_2wvLMxIloZ7ffa5,82,f,1,1,2618.100000023842,Mandatory trigger warnings,Abolishing private prisons,-1,1,2,5,4,0.2778678046081365,0,7,3,-1.1511666190908498,-2,0,-2,2,-2,2,2,-2,2,2,-2,0,Left,2.618100000023842
14,R_2wvLMxIloZ7ffa5,83,f,1,1,28.400000005960464,Remove public Confederate memorials,Mandatory trigger warnings,-1,-1,3,5,3,0.9923850164576297,2,5,4,0.2778678046081365,-3,-2,-1,1,0,1,0,-1,1,1,0,0,Left,0.028400000005960463
14,R_2wvLMxIloZ7ffa5,84,f,1,1,183.40000000596046,Mandatory trigger warnings,Mandatory trigger warnings,-1,1,2,5,4,0.2778678046081365,2,5,4,0.2778678046081365,-2,2,-4,0,0,4,0,-4,4,0,0,0,Left,0.18340000000596046
14,R_2wvLMxIloZ7ffa5,85,j,2,0,196.69999998807907,Mandatory trigger warnings,Increased Gun regulations,-1,1,2,5,4,0.2778678046081365,3,6,3,0.9923850164576297,-2,3,5,1,1,5,1,-5,5,-1,-1,1,Right,0.19669999998807908
14,R_2wvLMxIloZ7ffa5,86,f,1,1,315.60000002384186,Stop police brutality,Mandatory trigger warnings,-1,-1,3,5,3,0.9923850164576297,2,5,4,0.2778678046081365,-3,-2,-1,1,0,1,0,-1,1,1,0,0,Left,0.31560000002384186
14,R_2wvLMxIloZ7ffa5,87,j,2,0,181.30000001192093,Remove police from schools,Student worker unionization,1,-1,3,5,3,0.9923850164576297,0,7,3,-1.1511666190908498,3,-0,-3,-3,2,3,2,3,-3,3,-2,1,Right,0.18130000001192093
14,R_2wvLMxIloZ7ffa5,88,f,1,1,36.900000005960464,Mandatory trigger warnings,Mask mandates,-1,1,2,5,4,0.2778678046081365,3,5,3,0.9923850164576297,-2,3,-5,-1,0,5,0,-5,5,-1,0,0,Left,0.036900000005960464
14,R_2wvLMxIloZ7ffa5,89,f,1,1,868.7999999821186,Detention of migrant children,Mandatory trigger warnings,-1,-1,0,5,3,-1.1511666190908498,2,5,4,0.2778678046081365,-0,-2,2,-2,0,2,0,2,-2,-2,0,0,Left,0.8687999999821187
14,R_2wvLMxIloZ7ffa5,90,j,2,0,38.400000005960464,Increased Gun regulations,Abolishing private prisons,1,1,3,6,3,0.9923850164576297,0,7,3,-1.1511666190908498,3,0,-3,-3,1,3,1,3,-3,3,-1,1,Right,0.038400000005960465
14,R_2wvLMxIloZ7ffa5,91,j,2,0,39.900000005960464,Mandatory trigger warnings,Increased Gun regulations,-1,1,2,5,4,0.2778678046081365,3,6,3,0.9923850164576297,-2,3,5,1,1,5,1,-5,5,-1,-1,1,Right,0.039900000005960466
14,R_2wvLMxIloZ7ffa5,92,f,1,1,42.5,Ban on ethnic Halloween costumes,Abolishing private prisons,1,-1,1,7,2,-0.43664940724135665,0,7,3,-1.1511666190908498,1,-0,1,1,0,1,0,1,-1,1,0,0,Left,0.0425
14,R_2wvLMxIloZ7ffa5,93,f,1,1,7295.799999982119,Mandatory trigger warnings,Tuition increases,1,-1,2,5,4,0.2778678046081365,1,7,4,-0.43664940724135665,2,-1,3,1,-2,3,2,3,-3,1,-2,0,Left,7.295799999982119
14,R_2wvLMxIloZ7ffa5,94,j,2,0,81.7000000178814,Detention of migrant children,Tuition increases,1,-1,0,5,3,-1.1511666190908498,1,7,4,-0.43664940724135665,0,-1,-1,1,2,1,2,1,-1,-1,-2,1,Right,0.0817000000178814
14,R_2wvLMxIloZ7ffa5,95,f,1,1,9.599999994039536,Mandatory trigger warnings,Remove police from schools,-1,1,2,5,4,0.2778678046081365,3,5,3,0.9923850164576297,-2,3,-5,-1,0,5,0,-5,5,-1,0,0,Left,0.009599999994039536
14,R_2wvLMxIloZ7ffa5,96,f,1,1,22.099999994039536,Increased Gun regulations,Safe injection locations,-1,-1,3,6,3,0.9923850164576297,3,5,3,0.9923850164576297,-3,-3,0,0,1,0,1,0,0,0,1,0,Left,0.022099999994039537
14,R_2wvLMxIloZ7ffa5,97,j,2,0,109.69999998807907,"Boycott, Divest, and Sanction Israel",Ban on research with animals,1,-1,0,7,3,-1.1511666190908498,3,5,3,0.9923850164576297,0,-3,-3,3,-2,3,2,3,-3,-3,2,1,Right,0.10969999998807907
14,R_2wvLMxIloZ7ffa5,98,f,1,1,997.8000000119209,Increased Gun regulations,Mandatory trigger warnings,1,1,3,6,3,0.9923850164576297,2,5,4,0.2778678046081365,3,2,1,1,1,1,1,1,-1,1,1,0,Left,0.9978000000119209
14,R_2wvLMxIloZ7ffa5,99,j,2,0,882.3000000119209,Mandatory trigger warnings,Increased Gun regulations,1,-1,2,5,4,0.2778678046081365,3,6,3,0.9923850164576297,2,-3,-5,1,1,5,1,5,-5,-1,-1,1,Right,0.8823000000119209
14,R_2wvLMxIloZ7ffa5,100,f,1,1,1050.4000000059605,Religious exemptions for discrimination laws,Raise the minimum wage,-1,-1,0,7,3,-1.1511666190908498,3,5,3,0.9923850164576297,-0,-3,3,-3,2,3,2,3,-3,-3,2,0,Left,1.0504000000059606
21,R_4U6m0ByV1TgPxf3,1,j,2,0,4140,Black Lives Matter,Remove police from schools,-1,1,2,7,4,-0.3286710990610904,2,6,3,-0.3286710990610904,-2,2,4,0,-1,4,1,-4,4,0,1,1,Right,4.14
21,R_4U6m0ByV1TgPxf3,2,f,1,1,12036,War on Drugs,Mandatory training on sexual consent,1,-1,3,7,4,1.6433554953054483,3,7,3,1.6433554953054483,3,-3,6,0,0,6,0,6,-6,0,0,0,Left,12.036
21,R_4U6m0ByV1TgPxf3,3,f,1,1,7713,On campus concealed carry,Mask mandates,1,-1,3,8,4,1.6433554953054483,2,6,3,-0.3286710990610904,3,-2,5,1,2,5,2,5,-5,1,2,0,Left,7.713
21,R_4U6m0ByV1TgPxf3,4,j,2,0,8695,Remove public Confederate memorials,Mandatory vaccinations,-1,1,2,8,4,-0.3286710990610904,1,6,3,-2.300697693427629,-2,1,3,-1,-2,3,2,-3,3,1,2,1,Right,8.695
21,R_4U6m0ByV1TgPxf3,5,j,2,0,9902,Mandatory vaccinations,"Boycott, Divest, and Sanction Israel",-1,1,1,6,3,-2.300697693427629,2,8,4,-0.3286710990610904,-1,2,3,1,2,3,2,-3,3,-1,-2,1,Right,9.902
21,R_4U6m0ByV1TgPxf3,6,j,2,0,10708,Physician-assisted suicide,"Boycott, Divest, and Sanction Israel",-1,1,1,7,4,-2.300697693427629,2,8,4,-0.3286710990610904,-1,2,3,1,1,3,1,-3,3,-1,-1,1,Right,10.708
21,R_4U6m0ByV1TgPxf3,7,j,2,0,10816,Mandatory training on sexual consent,Physician-assisted suicide,-1,1,3,7,3,1.6433554953054483,1,7,4,-2.300697693427629,-3,1,4,-2,0,4,0,-4,4,2,0,1,Right,10.816
21,R_4U6m0ByV1TgPxf3,8,f,1,1,9038,Mandatory vaccinations,War on Drugs,1,-1,1,6,3,-2.300697693427629,3,7,4,1.6433554953054483,1,-3,4,-2,-1,4,1,4,-4,-2,-1,0,Left,9.038
21,R_4U6m0ByV1TgPxf3,9,j,2,0,12416,War on Drugs,University Campus should be a Sanctuary,1,1,3,7,4,1.6433554953054483,2,7,4,-0.3286710990610904,3,2,-1,-1,0,1,0,1,-1,1,0,1,Right,12.416
21,R_4U6m0ByV1TgPxf3,10,j,2,0,9310,Mandatory training on sexual consent,Physician-assisted suicide,1,1,3,7,3,1.6433554953054483,1,7,4,-2.300697693427629,3,1,-2,-2,0,2,0,2,-2,2,0,1,Right,9.31
21,R_4U6m0ByV1TgPxf3,11,j,2,0,5662,Mandatory trigger warnings,Mandatory vaccinations,1,1,2,6,2,-0.3286710990610904,1,6,3,-2.300697693427629,2,1,-1,-1,0,1,0,1,-1,1,0,1,Right,5.662
21,R_4U6m0ByV1TgPxf3,12,j,2,0,5110,Remove public Confederate memorials,Physician-assisted suicide,-1,1,2,8,4,-0.3286710990610904,1,7,4,-2.300697693427629,-2,1,3,-1,-1,3,1,-3,3,1,1,1,Right,5.11
21,R_4U6m0ByV1TgPxf3,13,f,1,1,7094,Mandatory vaccinations,Abolishing private prisons,1,-1,1,6,3,-2.300697693427629,2,7,3,-0.3286710990610904,1,-2,3,-1,-1,3,1,3,-3,-1,-1,0,Left,7.094
21,R_4U6m0ByV1TgPxf3,14,j,2,0,6077,War on Drugs,Expel students with white nationlist views,-1,1,3,7,4,1.6433554953054483,2,6,3,-0.3286710990610904,-3,2,5,-1,-1,5,1,-5,5,1,1,1,Right,6.077
21,R_4U6m0ByV1TgPxf3,15,j,2,0,3264,Remove Christopher Columbus statues,"Boycott, Divest, and Sanction Israel",1,1,3,8,4,1.6433554953054483,2,8,4,-0.3286710990610904,3,2,-1,-1,0,1,0,1,-1,1,0,1,Right,3.264
21,R_4U6m0ByV1TgPxf3,16,j,2,0,5744,Remove public Confederate memorials,"Boycott, Divest, and Sanction Israel",-1,1,2,8,4,-0.3286710990610904,2,8,4,-0.3286710990610904,-2,2,4,0,0,4,0,-4,4,0,0,1,Right,5.744
21,R_4U6m0ByV1TgPxf3,17,j,2,0,10482,Lift COVID lockdowns,Mandatory training on sexual consent,1,-1,3,8,4,1.6433554953054483,3,7,3,1.6433554953054483,3,-3,-6,0,-1,6,1,6,-6,0,1,1,Right,10.482
21,R_4U6m0ByV1TgPxf3,18,j,2,0,7661,Physician-assisted suicide,Mandatory training on sexual consent,-1,1,1,7,4,-2.300697693427629,3,7,3,1.6433554953054483,-1,3,4,2,0,4,0,-4,4,-2,0,1,Right,7.661
21,R_4U6m0ByV1TgPxf3,19,j,2,0,9399,Increased Gun regulations,War on Drugs,-1,1,2,7,4,-0.3286710990610904,3,7,4,1.6433554953054483,-2,3,5,1,0,5,0,-5,5,-1,0,1,Right,9.399
21,R_4U6m0ByV1TgPxf3,20,f,1,1,7985,University Campus should be a Sanctuary,Physician-assisted suicide,-1,-1,2,7,4,-0.3286710990610904,1,7,4,-2.300697693427629,-2,-1,-1,1,0,1,0,-1,1,1,0,0,Left,7.985
21,R_4U6m0ByV1TgPxf3,21,j,2,0,7492,Mandatory vaccinations,Remove public Confederate memorials,-1,-1,1,6,3,-2.300697693427629,2,8,4,-0.3286710990610904,-1,-2,-1,1,2,1,2,1,-1,-1,-2,1,Right,7.492
21,R_4U6m0ByV1TgPxf3,22,j,2,0,2529,Mandatory trigger warnings,Mandatory training on sexual consent,-1,-1,2,6,2,-0.3286710990610904,3,7,3,1.6433554953054483,-2,-3,-1,1,1,1,1,1,-1,-1,-1,1,Right,2.529
21,R_4U6m0ByV1TgPxf3,23,f,1,1,17274,Hardening schools/Arming teachers,"Boycott, Divest, and Sanction Israel",1,1,3,8,4,1.6433554953054483,2,8,4,-0.3286710990610904,3,2,1,1,0,1,0,1,-1,1,0,0,Left,17.274
21,R_4U6m0ByV1TgPxf3,24,j,2,0,6689,Detention of migrant children,Black Lives Matter,1,1,3,8,4,1.6433554953054483,2,7,4,-0.3286710990610904,3,2,-1,-1,-1,1,1,1,-1,1,1,1,Right,6.689
21,R_4U6m0ByV1TgPxf3,25,f,1,1,9511,Mandatory vaccinations,Black Lives Matter,-1,-1,1,6,3,-2.300697693427629,2,7,4,-0.3286710990610904,-1,-2,1,-1,-1,1,1,1,-1,-1,-1,0,Left,9.511
21,R_4U6m0ByV1TgPxf3,26,j,2,0,5613,War on Drugs,Religious exemptions for discrimination laws,1,1,3,7,4,1.6433554953054483,3,8,3,1.6433554953054483,3,3,0,0,1,0,1,0,0,0,-1,1,Right,5.613
21,R_4U6m0ByV1TgPxf3,27,j,2,0,11401,Safe injection locations,Remove Christopher Columbus statues,-1,1,2,7,4,-0.3286710990610904,3,8,4,1.6433554953054483,-2,3,5,1,1,5,1,-5,5,-1,-1,1,Right,11.401
21,R_4U6m0ByV1TgPxf3,28,f,1,1,5327,Safe injection locations,Dorms determined by gender identity,-1,-1,2,7,4,-0.3286710990610904,2,6,3,-0.3286710990610904,-2,-2,0,0,1,0,1,0,0,0,1,0,Left,5.327
21,R_4U6m0ByV1TgPxf3,29,f,1,1,8180,On campus concealed carry,Climate change legislation,-1,-1,3,8,4,1.6433554953054483,2,7,3,-0.3286710990610904,-3,-2,-1,1,1,1,1,-1,1,1,1,0,Left,8.18
21,R_4U6m0ByV1TgPxf3,30,f,1,1,4164,Physician-assisted suicide,Remove public Confederate memorials,1,1,1,7,4,-2.300697693427629,2,8,4,-0.3286710990610904,1,2,-1,-1,-1,1,1,-1,1,-1,-1,0,Left,4.164
21,R_4U6m0ByV1TgPxf3,31,j,2,0,12406,Dorms determined by gender identity,Religious exemptions for discrimination laws,1,-1,2,6,3,-0.3286710990610904,3,8,3,1.6433554953054483,2,-3,-5,1,2,5,2,5,-5,-1,-2,1,Right,12.406
21,R_4U6m0ByV1TgPxf3,32,f,1,1,11115,War on Drugs,Build southern border wall,1,-1,3,7,4,1.6433554953054483,2,6,3,-0.3286710990610904,3,-2,5,1,1,5,1,5,-5,1,1,0,Left,11.115
21,R_4U6m0ByV1TgPxf3,33,j,2,0,9450,Remove police from schools,Dorms determined by gender identity,1,-1,2,6,3,-0.3286710990610904,2,6,3,-0.3286710990610904,2,-2,-4,0,0,4,0,4,-4,0,0,1,Right,9.45
21,R_4U6m0ByV1TgPxf3,34,j,2,0,4005,Remove police from schools,Climate change legislation,-1,1,2,6,3,-0.3286710990610904,2,7,3,-0.3286710990610904,-2,2,4,0,1,4,1,-4,4,0,-1,1,Right,4.005
21,R_4U6m0ByV1TgPxf3,35,j,2,0,2775,Physician-assisted suicide,Physician-assisted suicide,-1,1,1,7,4,-2.300697693427629,1,7,4,-2.300697693427629,-1,1,2,0,0,2,0,-2,2,0,0,1,Right,2.775
21,R_4U6m0ByV1TgPxf3,36,f,1,1,10843,Mandatory vaccinations,Physician-assisted suicide,1,-1,1,6,3,-2.300697693427629,1,7,4,-2.300697693427629,1,-1,2,0,-1,2,1,2,-2,0,-1,0,Left,10.843
21,R_4U6m0ByV1TgPxf3,37,f,1,1,4568,Remove public Confederate memorials,Expel students with white nationlist views,-1,1,2,8,4,-0.3286710990610904,2,6,3,-0.3286710990610904,-2,2,-4,0,2,4,2,-4,4,0,2,0,Left,4.568
21,R_4U6m0ByV1TgPxf3,38,j,2,0,11342,Mandatory training on sexual consent,Hardening schools/Arming teachers,1,1,3,7,3,1.6433554953054483,3,8,4,1.6433554953054483,3,3,0,0,1,0,1,0,0,0,-1,1,Right,11.342
21,R_4U6m0ByV1TgPxf3,39,f,1,1,9161,On campus concealed carry,Mandatory training on sexual consent,-1,-1,3,8,4,1.6433554953054483,3,7,3,1.6433554953054483,-3,-3,0,0,1,0,1,0,0,0,1,0,Left,9.161
21,R_4U6m0ByV1TgPxf3,40,j,2,0,10995,"Boycott, Divest, and Sanction Israel",Religious exemptions for discrimination laws,-1,1,2,8,4,-0.3286710990610904,3,8,3,1.6433554953054483,-2,3,5,1,0,5,0,-5,5,-1,0,1,Right,10.995
21,R_4U6m0ByV1TgPxf3,41,f,1,1,1277,War on Drugs,Mandatory vaccinations,1,-1,3,7,4,1.6433554953054483,1,6,3,-2.300697693427629,3,-1,4,2,1,4,1,4,-4,2,1,0,Left,1.277
21,R_4U6m0ByV1TgPxf3,42,f,1,1,9828,Build southern border wall,Physician-assisted suicide,-1,-1,2,6,3,-0.3286710990610904,1,7,4,-2.300697693427629,-2,-1,-1,1,-1,1,1,-1,1,1,-1,0,Left,9.828
21,R_4U6m0ByV1TgPxf3,43,j,2,0,3392,War on Drugs,Ban on ethnic Halloween costumes,-1,-1,3,7,4,1.6433554953054483,2,7,4,-0.3286710990610904,-3,-2,1,-1,0,1,0,-1,1,1,0,1,Right,3.392
21,R_4U6m0ByV1TgPxf3,44,f,1,1,1697,War on Drugs,Mandatory vaccinations,1,1,3,7,4,1.6433554953054483,1,6,3,-2.300697693427629,3,1,2,2,1,2,1,2,-2,2,1,0,Left,1.697
21,R_4U6m0ByV1TgPxf3,45,j,2,0,2674,Mask mandates,On campus concealed carry,1,1,2,6,3,-0.3286710990610904,3,8,4,1.6433554953054483,2,3,1,1,2,1,2,-1,1,-1,-2,1,Right,2.674
21,R_4U6m0ByV1TgPxf3,46,f,1,1,5388,War on Drugs,Increased Gun regulations,-1,1,3,7,4,1.6433554953054483,2,7,4,-0.3286710990610904,-3,2,-5,1,0,5,0,-5,5,1,0,0,Left,5.388
21,R_4U6m0ByV1TgPxf3,47,j,2,0,1322,Remove Christopher Columbus statues,On campus concealed carry,-1,1,3,8,4,1.6433554953054483,3,8,4,1.6433554953054483,-3,3,6,0,0,6,0,-6,6,0,0,1,Right,1.322
21,R_4U6m0ByV1TgPxf3,48,f,1,1,4891,Safe injection locations,Physician-assisted suicide,1,-1,2,7,4,-0.3286710990610904,1,7,4,-2.300697693427629,2,-1,3,1,0,3,0,3,-3,1,0,0,Left,4.891
21,R_4U6m0ByV1TgPxf3,49,j,2,0,9405,Gun-free campus police,Detention of migrant children,-1,1,2,6,2,-0.3286710990610904,3,8,4,1.6433554953054483,-2,3,5,1,2,5,2,-5,5,-1,-2,1,Right,9.405
21,R_4U6m0ByV1TgPxf3,50,f,1,1,5680,Mandatory vaccinations,Remove public Confederate memorials,1,1,1,6,3,-2.300697693427629,2,8,4,-0.3286710990610904,1,2,-1,-1,-2,1,2,-1,1,-1,-2,0,Left,5.68
21,R_4U6m0ByV1TgPxf3,51,f,1,1,2528,Mandatory training on sexual consent,Physician-assisted suicide,-1,-1,3,7,3,1.6433554953054483,1,7,4,-2.300697693427629,-3,-1,-2,2,0,2,0,-2,2,2,0,0,Left,2.528
21,R_4U6m0ByV1TgPxf3,52,j,2,0,1534,Remove public Confederate memorials,Student worker unionization,1,-1,2,8,4,-0.3286710990610904,2,7,4,-0.3286710990610904,2,-2,-4,0,-1,4,1,4,-4,0,1,1,Right,1.534
21,R_4U6m0ByV1TgPxf3,53,j,2,0,5949,Recognize Jerusalem as capital of Israel,Physician-assisted suicide,1,1,2,6,3,-0.3286710990610904,1,7,4,-2.300697693427629,2,1,-1,-1,1,1,1,1,-1,1,-1,1,Right,5.949
21,R_4U6m0ByV1TgPxf3,54,f,1,1,4485,War on Drugs,"Boycott, Divest, and Sanction Israel",-1,1,3,7,4,1.6433554953054483,2,8,4,-0.3286710990610904,-3,2,-5,1,-1,5,1,-5,5,1,-1,0,Left,4.485
21,R_4U6m0ByV1TgPxf3,55,f,1,1,2326,"Boycott, Divest, and Sanction Israel",Religious exemptions for discrimination laws,-1,-1,2,8,4,-0.3286710990610904,3,8,3,1.6433554953054483,-2,-3,1,-1,0,1,0,1,-1,-1,0,0,Left,2.326
21,R_4U6m0ByV1TgPxf3,56,f,1,1,4113,Religious exemptions for discrimination laws,Expel students with white nationlist views,-1,-1,3,8,3,1.6433554953054483,2,6,3,-0.3286710990610904,-3,-2,-1,1,2,1,2,-1,1,1,2,0,Left,4.113
21,R_4U6m0ByV1TgPxf3,57,j,2,0,2064,Lift COVID lockdowns,Physician-assisted suicide,1,-1,3,8,4,1.6433554953054483,1,7,4,-2.300697693427629,3,-1,-4,-2,-1,4,1,4,-4,2,1,1,Right,2.064
21,R_4U6m0ByV1TgPxf3,58,j,2,0,2884,Mandatory vaccinations,War on Drugs,-1,-1,1,6,3,-2.300697693427629,3,7,4,1.6433554953054483,-1,-3,-2,2,1,2,1,2,-2,-2,-1,1,Right,2.884
21,R_4U6m0ByV1TgPxf3,59,f,1,1,2507,Remove public Confederate memorials,Bathrooms restricted based on biological sex,-1,1,2,8,4,-0.3286710990610904,2,7,4,-0.3286710990610904,-2,2,-4,0,1,4,1,-4,4,0,1,0,Left,2.507
21,R_4U6m0ByV1TgPxf3,60,j,2,0,4044,Build southern border wall,Mandatory vaccinations,1,-1,2,6,3,-0.3286710990610904,1,6,3,-2.300697693427629,2,-1,-3,-1,0,3,0,3,-3,1,0,1,Right,4.044
21,R_4U6m0ByV1TgPxf3,61,f,1,1,3608,Mandatory vaccinations,Hardening schools/Arming teachers,-1,1,1,6,3,-2.300697693427629,3,8,4,1.6433554953054483,-1,3,-4,-2,-2,4,2,-4,4,-2,-2,0,Left,3.608
21,R_4U6m0ByV1TgPxf3,62,f,1,1,3914,Physician-assisted suicide,Remove Christopher Columbus statues,1,-1,1,7,4,-2.300697693427629,3,8,4,1.6433554953054483,1,-3,4,-2,-1,4,1,4,-4,-2,-1,0,Left,3.914
21,R_4U6m0ByV1TgPxf3,63,f,1,1,2662,Mandatory vaccinations,Mandatory vaccinations,1,-1,1,6,3,-2.300697693427629,1,6,3,-2.300697693427629,1,-1,2,0,0,2,0,2,-2,0,0,0,Left,2.662
21,R_4U6m0ByV1TgPxf3,64,f,1,1,3609,Black Lives Matter,Religious exemptions for discrimination laws,1,-1,2,7,4,-0.3286710990610904,3,8,3,1.6433554953054483,2,-3,5,-1,-1,5,1,5,-5,-1,-1,0,Left,3.609
21,R_4U6m0ByV1TgPxf3,65,j,2,0,1861,Mandatory trigger warnings,Remove public Confederate memorials,1,1,2,6,2,-0.3286710990610904,2,8,4,-0.3286710990610904,2,2,0,0,2,0,2,0,0,0,-2,1,Right,1.861
21,R_4U6m0ByV1TgPxf3,66,f,1,1,4425,Remove public Confederate memorials,Climate change legislation,1,1,2,8,4,-0.3286710990610904,2,7,3,-0.3286710990610904,2,2,0,0,1,0,1,0,0,0,1,0,Left,4.425
21,R_4U6m0ByV1TgPxf3,67,f,1,1,1828,Lift COVID lockdowns,Hardening schools/Arming teachers,1,-1,3,8,4,1.6433554953054483,3,8,4,1.6433554953054483,3,-3,6,0,0,6,0,6,-6,0,0,0,Left,1.828
21,R_4U6m0ByV1TgPxf3,68,j,2,0,3258,Remove public Confederate memorials,Expel students with white nationlist views,1,-1,2,8,4,-0.3286710990610904,2,6,3,-0.3286710990610904,2,-2,-4,0,-2,4,2,4,-4,0,2,1,Right,3.258
21,R_4U6m0ByV1TgPxf3,69,f,1,1,1647,Physician-assisted suicide,Ban on ethnic Halloween costumes,1,1,1,7,4,-2.300697693427629,2,7,4,-0.3286710990610904,1,2,-1,-1,0,1,0,-1,1,-1,0,0,Left,1.647
21,R_4U6m0ByV1TgPxf3,70,f,1,1,2836,Mandatory vaccinations,On campus concealed carry,1,-1,1,6,3,-2.300697693427629,3,8,4,1.6433554953054483,1,-3,4,-2,-2,4,2,4,-4,-2,-2,0,Left,2.836
21,R_4U6m0ByV1TgPxf3,71,f,1,1,1097,"Boycott, Divest, and Sanction Israel",Mandatory training on sexual consent,1,1,2,8,4,-0.3286710990610904,3,7,3,1.6433554953054483,2,3,-1,-1,1,1,1,-1,1,-1,1,0,Left,1.097
21,R_4U6m0ByV1TgPxf3,72,j,2,0,1307,Expel students with white nationlist views,On campus concealed carry,1,1,2,6,3,-0.3286710990610904,3,8,4,1.6433554953054483,2,3,1,1,2,1,2,-1,1,-1,-2,1,Right,1.307
21,R_4U6m0ByV1TgPxf3,73,f,1,1,4897,Mandatory vaccinations,Mandatory trigger warnings,1,-1,1,6,3,-2.300697693427629,2,6,2,-0.3286710990610904,1,-2,3,-1,0,3,0,3,-3,-1,0,0,Left,4.897
21,R_4U6m0ByV1TgPxf3,74,f,1,1,3368,Affirmative action,Recognize Jerusalem as capital of Israel,1,1,2,7,4,-0.3286710990610904,2,6,3,-0.3286710990610904,2,2,0,0,1,0,1,0,0,0,1,0,Left,3.368
21,R_4U6m0ByV1TgPxf3,75,f,1,1,2258,On campus concealed carry,Mandatory vaccinations,-1,-1,3,8,4,1.6433554953054483,1,6,3,-2.300697693427629,-3,-1,-2,2,2,2,2,-2,2,2,2,0,Left,2.258
21,R_4U6m0ByV1TgPxf3,76,f,1,1,1879,Mandatory vaccinations,Abortion rights,-1,1,1,6,3,-2.300697693427629,2,7,4,-0.3286710990610904,-1,2,-3,-1,-1,3,1,-3,3,-1,-1,0,Left,1.879
21,R_4U6m0ByV1TgPxf3,77,f,1,1,2044,Physician-assisted suicide,Mandatory vaccinations,-1,-1,1,7,4,-2.300697693427629,1,6,3,-2.300697693427629,-1,-1,0,0,1,0,1,0,0,0,1,0,Left,2.044
21,R_4U6m0ByV1TgPxf3,78,f,1,1,2629,Build southern border wall,Mandatory training on sexual consent,1,1,2,6,3,-0.3286710990610904,3,7,3,1.6433554953054483,2,3,-1,-1,-1,1,1,-1,1,-1,-1,0,Left,2.629
21,R_4U6m0ByV1TgPxf3,79,f,1,1,2036,Black Lives Matter,Remove Christopher Columbus statues,1,1,2,7,4,-0.3286710990610904,3,8,4,1.6433554953054483,2,3,-1,-1,-1,1,1,-1,1,-1,-1,0,Left,2.036
21,R_4U6m0ByV1TgPxf3,80,f,1,1,2647,"Boycott, Divest, and Sanction Israel",Black Lives Matter,-1,-1,2,8,4,-0.3286710990610904,2,7,4,-0.3286710990610904,-2,-2,0,0,1,0,1,0,0,0,1,0,Left,2.647
21,R_4U6m0ByV1TgPxf3,81,f,1,1,3714,"Boycott, Divest, and Sanction Israel",Lift COVID lockdowns,1,-1,2,8,4,-0.3286710990610904,3,8,4,1.6433554953054483,2,-3,5,-1,0,5,0,5,-5,-1,0,0,Left,3.714
21,R_4U6m0ByV1TgPxf3,82,j,2,0,1530,Dorms determined by gender identity,Mandatory vaccinations,-1,-1,2,6,3,-0.3286710990610904,1,6,3,-2.300697693427629,-2,-1,1,-1,0,1,0,-1,1,1,0,1,Right,1.53
21,R_4U6m0ByV1TgPxf3,83,f,1,1,1694,Physician-assisted suicide,Student worker unionization,1,-1,1,7,4,-2.300697693427629,2,7,4,-0.3286710990610904,1,-2,3,-1,0,3,0,3,-3,-1,0,0,Left,1.694
21,R_4U6m0ByV1TgPxf3,84,f,1,1,6974,Physician-assisted suicide,Gun-free campus police,-1,1,1,7,4,-2.300697693427629,2,6,2,-0.3286710990610904,-1,2,-3,-1,1,3,1,-3,3,-1,1,0,Left,6.974
21,R_4U6m0ByV1TgPxf3,85,j,2,0,1174,Religious exemptions for discrimination laws,Stop police brutality,1,-1,3,8,3,1.6433554953054483,2,7,3,-0.3286710990610904,3,-2,-5,-1,-1,5,1,5,-5,1,1,1,Right,1.174
21,R_4U6m0ByV1TgPxf3,86,f,1,1,141,Physician-assisted suicide,Mandatory vaccinations,1,1,1,7,4,-2.300697693427629,1,6,3,-2.300697693427629,1,1,0,0,1,0,1,0,0,0,1,0,Left,0.141
21,R_4U6m0ByV1TgPxf3,87,j,2,0,748,Physician-assisted suicide,On campus concealed carry,1,1,1,7,4,-2.300697693427629,3,8,4,1.6433554953054483,1,3,2,2,1,2,1,-2,2,-2,-1,1,Right,0.748
21,R_4U6m0ByV1TgPxf3,88,f,1,1,890,Remove public Confederate memorials,Physician-assisted suicide,-1,-1,2,8,4,-0.3286710990610904,1,7,4,-2.300697693427629,-2,-1,-1,1,1,1,1,-1,1,1,1,0,Left,0.89
21,R_4U6m0ByV1TgPxf3,89,j,2,0,766,"Boycott, Divest, and Sanction Israel",War on Drugs,-1,1,2,8,4,-0.3286710990610904,3,7,4,1.6433554953054483,-2,3,5,1,-1,5,1,-5,5,-1,1,1,Right,0.766
21,R_4U6m0ByV1TgPxf3,90,f,1,1,1542,Affirmative action,Safe injection locations,-1,1,2,7,4,-0.3286710990610904,2,7,4,-0.3286710990610904,-2,2,-4,0,0,4,0,-4,4,0,0,0,Left,1.542
21,R_4U6m0ByV1TgPxf3,91,f,1,1,2124,Detention of migrant children,Mandatory vaccinations,1,1,3,8,4,1.6433554953054483,1,6,3,-2.300697693427629,3,1,2,2,2,2,2,2,-2,2,2,0,Left,2.124
21,R_4U6m0ByV1TgPxf3,92,f,1,1,3108,Religious exemptions for discrimination laws,"Boycott, Divest, and Sanction Israel",1,-1,3,8,3,1.6433554953054483,2,8,4,-0.3286710990610904,3,-2,5,1,0,5,0,5,-5,1,0,0,Left,3.108
21,R_4U6m0ByV1TgPxf3,93,j,2,0,1575,War on Drugs,Remove Christopher Columbus statues,-1,1,3,7,4,1.6433554953054483,3,8,4,1.6433554953054483,-3,3,6,0,1,6,1,-6,6,0,-1,1,Right,1.575
21,R_4U6m0ByV1TgPxf3,94,j,2,0,4023,Ban on ethnic Halloween costumes,Mandatory vaccinations,1,1,2,7,4,-0.3286710990610904,1,6,3,-2.300697693427629,2,1,-1,-1,-1,1,1,1,-1,1,1,1,Right,4.023
21,R_4U6m0ByV1TgPxf3,95,f,1,1,2047,Mandatory vaccinations,Physician-assisted suicide,-1,1,1,6,3,-2.300697693427629,1,7,4,-2.300697693427629,-1,1,-2,0,-1,2,1,-2,2,0,-1,0,Left,2.047
21,R_4U6m0ByV1TgPxf3,96,f,1,1,2108,Remove public Confederate memorials,Mandatory training on sexual consent,-1,-1,2,8,4,-0.3286710990610904,3,7,3,1.6433554953054483,-2,-3,1,-1,1,1,1,1,-1,-1,1,0,Left,2.108
21,R_4U6m0ByV1TgPxf3,97,j,2,0,1255,Mask mandates,Remove public Confederate memorials,-1,-1,2,6,3,-0.3286710990610904,2,8,4,-0.3286710990610904,-2,-2,0,0,2,0,2,0,0,0,-2,1,Right,1.255
21,R_4U6m0ByV1TgPxf3,98,f,1,1,3340,Physician-assisted suicide,Dorms determined by gender identity,1,-1,1,7,4,-2.300697693427629,2,6,3,-0.3286710990610904,1,-2,3,-1,1,3,1,3,-3,-1,1,0,Left,3.34
21,R_4U6m0ByV1TgPxf3,99,j,2,0,2007,Detention of migrant children,Physician-assisted suicide,-1,-1,3,8,4,1.6433554953054483,1,7,4,-2.300697693427629,-3,-1,2,-2,-1,2,1,-2,2,2,1,1,Right,2.007
21,R_4U6m0ByV1TgPxf3,100,f,1,1,3908,On campus concealed carry,Mandatory training on sexual consent,-1,1,3,8,4,1.6433554953054483,3,7,3,1.6433554953054483,-3,3,-6,0,1,6,1,-6,6,0,1,0,Left,3.908
6,R_22YukpAa4vp3drL,1,j,2,0,4552.20000000298,Black Lives Matter,Expel students with white nationlist views,1,1,3,8,4,1.1293358837949117,2,8,3,0.6292014209714508,3,2,-1,-1,0,1,0,1,-1,1,0,1,Right,4.55220000000298
6,R_22YukpAa4vp3drL,2,f,1,1,3946.1000000089407,Religious exemptions for discrimination laws,Detention of migrant children,-1,1,1,4,2,0.12906695814799,-3,7,2,-1.8714708931458532,-1,-3,2,4,-3,2,3,2,-2,4,-3,0,Left,3.946100000008941
6,R_22YukpAa4vp3drL,3,j,2,0,2964.2000000029802,Mask mandates,Build southern border wall,1,-1,0,5,4,-0.3710675046754708,-3,8,3,-1.8714708931458532,0,3,3,-3,3,3,3,-3,3,3,-3,1,Right,2.9642000000029802
6,R_22YukpAa4vp3drL,4,f,1,1,4233.699999988079,Ban on ethnic Halloween costumes,Climate change legislation,1,-1,0,4,1,-0.3710675046754708,3,6,4,1.1293358837949117,0,-3,3,-3,-2,3,2,3,-3,-3,-2,0,Left,4.233699999988079
6,R_22YukpAa4vp3drL,5,j,2,0,2750.7999999970198,Expel students with white nationlist views,Ban on research with animals,-1,1,2,8,3,0.6292014209714508,3,8,4,1.1293358837949117,-2,3,5,1,0,5,0,-5,5,-1,0,1,Right,2.7507999999970196
6,R_22YukpAa4vp3drL,6,f,1,1,2614.0999999940395,Detention of migrant children,Detention of migrant children,-1,1,-3,7,2,-1.8714708931458532,-3,7,2,-1.8714708931458532,3,-3,6,0,0,6,0,6,-6,0,0,0,Left,2.6140999999940395
6,R_22YukpAa4vp3drL,7,j,2,0,1973.2000000029802,Affirmative action,Climate change legislation,-1,1,2,6,3,0.6292014209714508,3,6,4,1.1293358837949117,-2,3,5,1,0,5,0,-5,5,-1,0,1,Right,1.9732000000029801
6,R_22YukpAa4vp3drL,8,f,1,1,3339.7999999970198,Religious exemptions for discrimination laws,Defund Planned Parenthood,1,-1,1,4,2,0.12906695814799,-3,8,3,-1.8714708931458532,1,3,-2,4,-4,2,4,-2,2,4,-4,0,Left,3.3397999999970196
6,R_22YukpAa4vp3drL,9,f,1,1,3418.5999999940395,Detention of migrant children,Abolishing fraternities,-1,-1,-3,7,2,-1.8714708931458532,0,5,3,-0.3710675046754708,3,-0,3,-3,2,3,2,3,-3,-3,2,0,Left,3.4185999999940395
6,R_22YukpAa4vp3drL,10,j,2,0,3020.6000000089407,On campus concealed carry,Detention of migrant children,-1,-1,0,2,2,-0.3710675046754708,-3,7,2,-1.8714708931458532,-0,3,3,-3,5,3,5,-3,3,3,-5,1,Right,3.020600000008941
6,R_22YukpAa4vp3drL,11,f,1,1,2281,Ban on research with animals,U.S. drone strikes in Afghanistan,1,1,3,8,4,1.1293358837949117,1,5,2,0.12906695814799,3,1,2,2,3,2,3,2,-2,2,3,0,Left,2.281
6,R_22YukpAa4vp3drL,12,j,2,0,4085.2999999970198,U.S. drone strikes in Afghanistan,Climate change legislation,1,1,1,5,2,0.12906695814799,3,6,4,1.1293358837949117,1,3,2,2,1,2,1,-2,2,-2,-1,1,Right,4.085299999997019
6,R_22YukpAa4vp3drL,13,j,2,0,3091,Climate change legislation,Climate change legislation,-1,1,3,6,4,1.1293358837949117,3,6,4,1.1293358837949117,-3,3,6,0,0,6,0,-6,6,0,0,1,Right,3.091
6,R_22YukpAa4vp3drL,14,f,1,1,2339.7999999970198,Religious exemptions for discrimination laws,Climate change legislation,1,-1,1,4,2,0.12906695814799,3,6,4,1.1293358837949117,1,-3,4,-2,-2,4,2,4,-4,-2,-2,0,Left,2.3397999999970196
6,R_22YukpAa4vp3drL,15,j,2,0,2035.699999988079,Climate change legislation,Build southern border wall,-1,-1,3,6,4,1.1293358837949117,-3,8,3,-1.8714708931458532,-3,3,6,-6,2,6,2,-6,6,6,-2,1,Right,2.035699999988079
6,R_22YukpAa4vp3drL,16,f,1,1,1339,Climate change legislation,Abolishing private prisons,1,-1,3,6,4,1.1293358837949117,2,7,3,0.6292014209714508,3,-2,5,1,-1,5,1,5,-5,1,-1,0,Left,1.339
6,R_22YukpAa4vp3drL,17,j,2,0,3449.8999999910593,Mandatory training on sexual consent,Ban on research with animals,1,1,0,0,1,-0.3710675046754708,3,8,4,1.1293358837949117,0,3,3,3,8,3,8,-3,3,-3,-8,1,Right,3.449899999991059
6,R_22YukpAa4vp3drL,18,f,1,1,5496,Expel students with white nationlist views,Climate change legislation,-1,-1,2,8,3,0.6292014209714508,3,6,4,1.1293358837949117,-2,-3,1,-1,2,1,2,1,-1,-1,2,0,Left,5.496
6,R_22YukpAa4vp3drL,19,j,2,0,1847.8999999910593,Religious exemptions for discrimination laws,Climate change legislation,-1,1,1,4,2,0.12906695814799,3,6,4,1.1293358837949117,-1,3,4,2,2,4,2,-4,4,-2,-2,1,Right,1.8478999999910592
6,R_22YukpAa4vp3drL,20,j,2,0,2243.199999988079,Remove Christopher Columbus statues,Gun-free campus police,-1,1,3,8,4,1.1293358837949117,2,6,1,0.6292014209714508,-3,2,5,-1,-2,5,2,-5,5,1,2,1,Right,2.243199999988079
6,R_22YukpAa4vp3drL,21,f,1,1,1861.5999999940395,Religious exemptions for discrimination laws,Climate change legislation,-1,-1,1,4,2,0.12906695814799,3,6,4,1.1293358837949117,-1,-3,2,-2,-2,2,2,2,-2,-2,-2,0,Left,1.8615999999940396
6,R_22YukpAa4vp3drL,22,j,2,0,3808.9000000059605,Detention of migrant children,Gun-free campus police,1,-1,-3,7,2,-1.8714708931458532,2,6,1,0.6292014209714508,-3,-2,1,5,-1,1,1,-1,1,-5,1,1,Right,3.8089000000059605
6,R_22YukpAa4vp3drL,23,f,1,1,2204.699999988079,Expel students with white nationlist views,Ban on research with animals,-1,-1,2,8,3,0.6292014209714508,3,8,4,1.1293358837949117,-2,-3,1,-1,0,1,0,1,-1,-1,0,0,Left,2.204699999988079
6,R_22YukpAa4vp3drL,24,j,2,0,2857.7000000029802,Abolishing private prisons,Detention of migrant children,-1,-1,2,7,3,0.6292014209714508,-3,7,2,-1.8714708931458532,-2,3,5,-5,0,5,0,-5,5,5,0,1,Right,2.85770000000298
6,R_22YukpAa4vp3drL,25,j,2,0,1803.699999988079,Climate change legislation,Remove police from schools,-1,1,3,6,4,1.1293358837949117,2,7,3,0.6292014209714508,-3,2,5,-1,1,5,1,-5,5,1,-1,1,Right,1.8036999999880792
6,R_22YukpAa4vp3drL,26,j,2,0,2304.6000000089407,Raise the minimum wage,Ban on ethnic Halloween costumes,-1,1,3,8,4,1.1293358837949117,0,4,1,-0.3710675046754708,-3,0,3,-3,-4,3,4,-3,3,3,4,1,Right,2.3046000000089406
6,R_22YukpAa4vp3drL,27,j,2,0,1684.5999999940395,Physician-assisted suicide,Climate change legislation,1,1,0,7,4,-0.3710675046754708,3,6,4,1.1293358837949117,0,3,3,3,-1,3,1,-3,3,-3,1,1,Right,1.6845999999940395
6,R_22YukpAa4vp3drL,28,j,2,0,1522.2000000029802,Detention of migrant children,Remove Christopher Columbus statues,-1,1,-3,7,2,-1.8714708931458532,3,8,4,1.1293358837949117,3,3,0,6,1,0,1,0,0,-6,-1,1,Right,1.5222000000029803
6,R_22YukpAa4vp3drL,29,f,1,1,1933.2000000029802,Ban on ethnic Halloween costumes,Detention of migrant children,1,-1,0,4,1,-0.3710675046754708,-3,7,2,-1.8714708931458532,0,3,-3,3,-3,3,3,-3,3,3,-3,0,Left,1.9332000000029803
6,R_22YukpAa4vp3drL,30,f,1,1,1944.2000000029802,Safe injection locations,Climate change legislation,1,-1,1,5,2,0.12906695814799,3,6,4,1.1293358837949117,1,-3,4,-2,-1,4,1,4,-4,-2,-1,0,Left,1.9442000000029802
6,R_22YukpAa4vp3drL,31,j,2,0,2332.7000000029802,Climate change legislation,Gun-free campus police,-1,-1,3,6,4,1.1293358837949117,2,6,1,0.6292014209714508,-3,-2,1,-1,0,1,0,-1,1,1,0,1,Right,2.3327000000029803
6,R_22YukpAa4vp3drL,32,f,1,1,2473,Religious exemptions for discrimination laws,Legalization of marijuana,1,-1,1,4,2,0.12906695814799,3,8,4,1.1293358837949117,1,-3,4,-2,-4,4,4,4,-4,-2,-4,0,Left,2.473
6,R_22YukpAa4vp3drL,33,f,1,1,1886.0999999940395,Detention of migrant children,Expel students with white nationlist views,-1,-1,-3,7,2,-1.8714708931458532,2,8,3,0.6292014209714508,3,-2,5,-5,-1,5,1,5,-5,-5,-1,0,Left,1.8860999999940395
6,R_22YukpAa4vp3drL,34,f,1,1,3071.199999988079,Affirmative action,Remove Christopher Columbus statues,-1,-1,2,6,3,0.6292014209714508,3,8,4,1.1293358837949117,-2,-3,1,-1,-2,1,2,1,-1,-1,-2,0,Left,3.071199999988079
6,R_22YukpAa4vp3drL,35,f,1,1,1486.6000000089407,Ban on ethnic Halloween costumes,Cuts to National Parks budget,1,-1,0,4,1,-0.3710675046754708,-3,8,3,-1.8714708931458532,0,3,-3,3,-4,3,4,-3,3,3,-4,0,Left,1.4866000000089408
6,R_22YukpAa4vp3drL,36,j,2,0,1829.0999999940395,Detention of migrant children,Abolishing private prisons,1,1,-3,7,2,-1.8714708931458532,2,7,3,0.6292014209714508,-3,2,5,5,0,5,0,-5,5,-5,0,1,Right,1.8290999999940396
6,R_22YukpAa4vp3drL,37,j,2,0,2537.4000000059605,"Boycott, Divest, and Sanction Israel",Detention of migrant children,1,-1,0,0,1,-0.3710675046754708,-3,7,2,-1.8714708931458532,0,3,3,-3,7,3,7,-3,3,3,-7,1,Right,2.5374000000059604
6,R_22YukpAa4vp3drL,38,f,1,1,2163.1000000089407,U.S. drone strikes in Afghanistan,Detention of migrant children,-1,1,1,5,2,0.12906695814799,-3,7,2,-1.8714708931458532,-1,-3,2,4,-2,2,2,2,-2,4,-2,0,Left,2.163100000008941
6,R_22YukpAa4vp3drL,39,f,1,1,1620.5,Climate change legislation,Expel students with white nationlist views,1,-1,3,6,4,1.1293358837949117,2,8,3,0.6292014209714508,3,-2,5,1,-2,5,2,5,-5,1,-2,0,Left,1.6205
6,R_22YukpAa4vp3drL,40,f,1,1,2057.7999999970198,Climate change legislation,Legalization of marijuana,-1,-1,3,6,4,1.1293358837949117,3,8,4,1.1293358837949117,-3,-3,0,0,-2,0,2,0,0,0,-2,0,Left,2.0577999999970196
6,R_22YukpAa4vp3drL,41,f,1,1,1925.4000000059605,Lift COVID lockdowns,Climate change legislation,1,-1,2,6,4,0.6292014209714508,3,6,4,1.1293358837949117,2,-3,5,-1,0,5,0,5,-5,-1,0,0,Left,1.9254000000059606
6,R_22YukpAa4vp3drL,42,f,1,1,1175,Remove Christopher Columbus statues,On campus concealed carry,1,-1,3,8,4,1.1293358837949117,0,2,2,-0.3710675046754708,3,-0,3,3,6,3,6,3,-3,3,6,0,Left,1.175
6,R_22YukpAa4vp3drL,43,j,2,0,2432.9000000059605,Expel students with white nationlist views,Climate change legislation,1,1,2,8,3,0.6292014209714508,3,6,4,1.1293358837949117,2,3,1,1,-2,1,2,-1,1,-1,2,1,Right,2.4329000000059606
6,R_22YukpAa4vp3drL,44,f,1,1,1493.7999999970198,U.S. drone strikes in Afghanistan,Remove Christopher Columbus statues,-1,-1,1,5,2,0.12906695814799,3,8,4,1.1293358837949117,-1,-3,2,-2,-3,2,3,2,-2,-2,-3,0,Left,1.4937999999970197
6,R_22YukpAa4vp3drL,45,j,2,0,1875,Affirmative action,Detention of migrant children,-1,-1,2,6,3,0.6292014209714508,-3,7,2,-1.8714708931458532,-2,3,5,-5,1,5,1,-5,5,5,-1,1,Right,1.875
6,R_22YukpAa4vp3drL,46,f,1,1,2100.2999999970198,Climate change legislation,Ban on ethnic Halloween costumes,1,1,3,6,4,1.1293358837949117,0,4,1,-0.3710675046754708,3,0,3,3,2,3,2,3,-3,3,2,0,Left,2.1002999999970196
6,R_22YukpAa4vp3drL,47,j,2,0,5384.800000011921,Gun-free campus police,Climate change legislation,1,1,2,6,1,0.6292014209714508,3,6,4,1.1293358837949117,2,3,1,1,0,1,0,-1,1,-1,0,1,Right,5.3848000000119205
6,R_22YukpAa4vp3drL,48,j,2,0,4858.0999999940395,Detention of migrant children,Climate change legislation,1,-1,-3,7,2,-1.8714708931458532,3,6,4,1.1293358837949117,-3,-3,0,6,-1,0,1,0,0,-6,1,1,Right,4.85809999999404
6,R_22YukpAa4vp3drL,49,f,1,1,1623.2999999970198,Expel students with white nationlist views,Climate change legislation,1,-1,2,8,3,0.6292014209714508,3,6,4,1.1293358837949117,2,-3,5,-1,2,5,2,5,-5,-1,2,0,Left,1.6232999999970197
6,R_22YukpAa4vp3drL,50,f,1,1,2233.5,Expel students with white nationlist views,War on Drugs,1,1,2,8,3,0.6292014209714508,-3,8,4,-1.8714708931458532,2,-3,5,5,0,5,0,5,-5,5,0,0,Left,2.2335
6,R_22YukpAa4vp3drL,51,f,1,1,2383.4000000059605,Expel students with white nationlist views,Detention of migrant children,-1,1,2,8,3,0.6292014209714508,-3,7,2,-1.8714708931458532,-2,-3,1,5,1,1,1,1,-1,5,1,0,Left,2.3834000000059605
6,R_22YukpAa4vp3drL,52,j,2,0,1559.4000000059605,Remove police from schools,Climate change legislation,1,1,2,7,3,0.6292014209714508,3,6,4,1.1293358837949117,2,3,1,1,-1,1,1,-1,1,-1,1,1,Right,1.5594000000059605
6,R_22YukpAa4vp3drL,53,j,2,0,1861.4000000059605,Religious exemptions for discrimination laws,Climate change legislation,1,1,1,4,2,0.12906695814799,3,6,4,1.1293358837949117,1,3,2,2,2,2,2,-2,2,-2,-2,1,Right,1.8614000000059605
6,R_22YukpAa4vp3drL,54,j,2,0,1613.2999999970198,Climate change legislation,Detention of migrant children,-1,-1,3,6,4,1.1293358837949117,-3,7,2,-1.8714708931458532,-3,3,6,-6,1,6,1,-6,6,6,-1,1,Right,1.6132999999970197
6,R_22YukpAa4vp3drL,55,f,1,1,1755.5999999940395,Climate change legislation,Detention of migrant children,1,-1,3,6,4,1.1293358837949117,-3,7,2,-1.8714708931458532,3,3,0,6,-1,0,1,0,0,6,-1,0,Left,1.7555999999940395
6,R_22YukpAa4vp3drL,56,j,2,0,2136.5,Climate change legislation,Abolishing fraternities,-1,1,3,6,4,1.1293358837949117,0,5,3,-0.3710675046754708,-3,0,3,-3,-1,3,1,-3,3,3,1,1,Right,2.1365
6,R_22YukpAa4vp3drL,57,j,2,0,2188.6000000089407,Religious exemptions for discrimination laws,Build southern border wall,-1,-1,1,4,2,0.12906695814799,-3,8,3,-1.8714708931458532,-1,3,4,-4,4,4,4,-4,4,4,-4,1,Right,2.1886000000089405
6,R_22YukpAa4vp3drL,58,f,1,1,2016.0999999940395,Climate change legislation,Mandatory training on sexual consent,1,1,3,6,4,1.1293358837949117,0,0,1,-0.3710675046754708,3,0,3,3,6,3,6,3,-3,3,6,0,Left,2.0160999999940397
6,R_22YukpAa4vp3drL,59,j,2,0,2032.1000000089407,Detention of migrant children,Religious exemptions for discrimination laws,1,1,-3,7,2,-1.8714708931458532,1,4,2,0.12906695814799,-3,1,4,4,-3,4,3,-4,4,-4,3,1,Right,2.0321000000089406
6,R_22YukpAa4vp3drL,60,j,2,0,1669.4000000059605,U.S. drone strikes in Afghanistan,Stop police brutality,-1,1,1,5,2,0.12906695814799,3,8,4,1.1293358837949117,-1,3,4,2,3,4,3,-4,4,-2,-3,1,Right,1.6694000000059606
6,R_22YukpAa4vp3drL,61,f,1,1,2063.7999999970198,Stop police brutality,Climate change legislation,1,1,3,8,4,1.1293358837949117,3,6,4,1.1293358837949117,3,3,0,0,2,0,2,0,0,0,2,0,Left,2.06379999999702
6,R_22YukpAa4vp3drL,62,j,2,0,1565,Remove police from schools,Black Lives Matter,1,1,2,7,3,0.6292014209714508,3,8,4,1.1293358837949117,2,3,1,1,1,1,1,-1,1,-1,-1,1,Right,1.565
6,R_22YukpAa4vp3drL,63,j,2,0,1462.8999999910593,Detention of migrant children,Remove police from schools,-1,1,-3,7,2,-1.8714708931458532,2,7,3,0.6292014209714508,3,2,-1,5,0,1,0,1,-1,-5,0,1,Right,1.4628999999910592
6,R_22YukpAa4vp3drL,64,f,1,1,996.7000000029802,Legalization of marijuana,Hardening schools/Arming teachers,1,1,3,8,4,1.1293358837949117,0,7,2,-0.3710675046754708,3,0,3,3,1,3,1,3,-3,3,1,0,Left,0.9967000000029802
6,R_22YukpAa4vp3drL,65,j,2,0,2533.800000011921,Detention of migrant children,Climate change legislation,1,1,-3,7,2,-1.8714708931458532,3,6,4,1.1293358837949117,-3,3,6,6,-1,6,1,-6,6,-6,1,1,Right,2.533800000011921
6,R_22YukpAa4vp3drL,66,j,2,0,1579.9000000059605,Detention of migrant children,Safe injection locations,1,1,-3,7,2,-1.8714708931458532,1,5,2,0.12906695814799,-3,1,4,4,-2,4,2,-4,4,-4,2,1,Right,1.5799000000059604
6,R_22YukpAa4vp3drL,67,j,2,0,2513.9000000059605,Defund Planned Parenthood,Affirmative action,-1,1,-3,8,3,-1.8714708931458532,2,6,3,0.6292014209714508,3,2,-1,5,-2,1,2,1,-1,-5,2,1,Right,2.5139000000059606
6,R_22YukpAa4vp3drL,68,j,2,0,1578.6000000089407,Detention of migrant children,Gun-free campus police,1,1,-3,7,2,-1.8714708931458532,2,6,1,0.6292014209714508,-3,2,5,5,-1,5,1,-5,5,-5,1,1,Right,1.5786000000089406
6,R_22YukpAa4vp3drL,69,f,1,1,2153.5999999940395,Detention of migrant children,Legalization of marijuana,-1,-1,-3,7,2,-1.8714708931458532,3,8,4,1.1293358837949117,3,-3,6,-6,-1,6,1,6,-6,-6,-1,0,Left,2.1535999999940394
6,R_22YukpAa4vp3drL,70,f,1,1,1971.5,Remove police from schools,Legalization of marijuana,-1,-1,2,7,3,0.6292014209714508,3,8,4,1.1293358837949117,-2,-3,1,-1,-1,1,1,1,-1,-1,-1,0,Left,1.9715
6,R_22YukpAa4vp3drL,71,j,2,0,1569.2000000029802,On campus concealed carry,Climate change legislation,1,1,0,2,2,-0.3710675046754708,3,6,4,1.1293358837949117,0,3,3,3,4,3,4,-3,3,-3,-4,1,Right,1.5692000000029802
6,R_22YukpAa4vp3drL,72,j,2,0,1124.3999999910593,Mandatory trigger warnings,Climate change legislation,-1,1,1,5,2,0.12906695814799,3,6,4,1.1293358837949117,-1,3,4,2,1,4,1,-4,4,-2,-1,1,Right,1.1243999999910592
6,R_22YukpAa4vp3drL,73,j,2,0,1532.5,Religious exemptions for discrimination laws,Detention of migrant children,-1,-1,1,4,2,0.12906695814799,-3,7,2,-1.8714708931458532,-1,3,4,-4,3,4,3,-4,4,4,-3,1,Right,1.5325
6,R_22YukpAa4vp3drL,74,j,2,0,1549.3999999910593,Detention of migrant children,Gun-free campus police,-1,1,-3,7,2,-1.8714708931458532,2,6,1,0.6292014209714508,3,2,-1,5,-1,1,1,1,-1,-5,1,1,Right,1.5493999999910593
6,R_22YukpAa4vp3drL,75,j,2,0,2285.2000000029802,Religious exemptions for discrimination laws,Detention of migrant children,1,-1,1,4,2,0.12906695814799,-3,7,2,-1.8714708931458532,1,3,2,-4,3,2,3,-2,2,4,-3,1,Right,2.2852000000029804
6,R_22YukpAa4vp3drL,76,j,2,0,2669.2999999970198,Climate change legislation,On campus concealed carry,-1,1,3,6,4,1.1293358837949117,0,2,2,-0.3710675046754708,-3,0,3,-3,-4,3,4,-3,3,3,4,1,Right,2.66929999999702
6,R_22YukpAa4vp3drL,77,j,2,0,2617.5,Increased Gun regulations,Detention of migrant children,1,-1,1,5,2,0.12906695814799,-3,7,2,-1.8714708931458532,1,3,2,-4,2,2,2,-2,2,4,-2,1,Right,2.6175
6,R_22YukpAa4vp3drL,78,j,2,0,3839.7000000029802,War on Drugs,Detention of migrant children,1,1,-3,8,4,-1.8714708931458532,-3,7,2,-1.8714708931458532,-3,-3,0,0,-1,0,1,0,0,0,1,1,Right,3.8397000000029804
6,R_22YukpAa4vp3drL,79,j,2,0,2606.6000000089407,Detention of migrant children,Remove police from schools,1,-1,-3,7,2,-1.8714708931458532,2,7,3,0.6292014209714508,-3,-2,1,5,0,1,0,-1,1,-5,0,1,Right,2.6066000000089407
6,R_22YukpAa4vp3drL,80,f,1,1,2080.2999999970198,Abolishing private prisons,War on Drugs,1,1,2,7,3,0.6292014209714508,-3,8,4,-1.8714708931458532,2,-3,5,5,-1,5,1,5,-5,5,-1,0,Left,2.08029999999702
6,R_22YukpAa4vp3drL,81,j,2,0,1403.2999999970198,Detention of migrant children,Black Lives Matter,1,1,-3,7,2,-1.8714708931458532,3,8,4,1.1293358837949117,-3,3,6,6,1,6,1,-6,6,-6,-1,1,Right,1.4032999999970197
6,R_22YukpAa4vp3drL,82,j,2,0,2016.9000000059605,War on Drugs,Remove Christopher Columbus statues,1,1,-3,8,4,-1.8714708931458532,3,8,4,1.1293358837949117,-3,3,6,6,0,6,0,-6,6,-6,0,1,Right,2.0169000000059603
6,R_22YukpAa4vp3drL,83,j,2,0,1826.5999999940395,Raise the minimum wage,Physician-assisted suicide,-1,-1,3,8,4,1.1293358837949117,0,7,4,-0.3710675046754708,-3,-0,3,-3,-1,3,1,-3,3,3,1,1,Right,1.8265999999940394
6,R_22YukpAa4vp3drL,84,j,2,0,1648.4000000059605,Climate change legislation,Physician-assisted suicide,-1,-1,3,6,4,1.1293358837949117,0,7,4,-0.3710675046754708,-3,-0,3,-3,1,3,1,-3,3,3,-1,1,Right,1.6484000000059604
6,R_22YukpAa4vp3drL,85,j,2,0,2205.5999999940395,Detention of migrant children,Expel students with white nationlist views,1,1,-3,7,2,-1.8714708931458532,2,8,3,0.6292014209714508,-3,2,5,5,1,5,1,-5,5,-5,-1,1,Right,2.2055999999940394
6,R_22YukpAa4vp3drL,86,j,2,0,1999.2000000029802,Legalization of marijuana,Abolishing fraternities,-1,-1,3,8,4,1.1293358837949117,0,5,3,-0.3710675046754708,-3,-0,3,-3,-3,3,3,-3,3,3,3,1,Right,1.9992000000029801
6,R_22YukpAa4vp3drL,87,f,1,1,2317.2999999970198,Mandatory training on sexual consent,Climate change legislation,-1,-1,0,0,1,-0.3710675046754708,3,6,4,1.1293358837949117,-0,-3,3,-3,-6,3,6,3,-3,-3,-6,0,Left,2.3172999999970196
6,R_22YukpAa4vp3drL,88,f,1,1,1396.0999999940395,Physician-assisted suicide,Detention of migrant children,-1,-1,0,7,4,-0.3710675046754708,-3,7,2,-1.8714708931458532,-0,3,-3,3,0,3,0,-3,3,3,0,0,Left,1.3960999999940396
6,R_22YukpAa4vp3drL,89,f,1,1,1428.7000000029802,Climate change legislation,Abolishing fraternities,1,-1,3,6,4,1.1293358837949117,0,5,3,-0.3710675046754708,3,-0,3,3,1,3,1,3,-3,3,1,0,Left,1.4287000000029801
6,R_22YukpAa4vp3drL,90,j,2,0,1629.2999999970198,Climate change legislation,Mandatory trigger warnings,-1,-1,3,6,4,1.1293358837949117,1,5,2,0.12906695814799,-3,-1,2,-2,-1,2,1,-2,2,2,1,1,Right,1.6292999999970197
6,R_22YukpAa4vp3drL,91,j,2,0,1387.2999999970198,Legalization of marijuana,Religious exemptions for discrimination laws,-1,-1,3,8,4,1.1293358837949117,1,4,2,0.12906695814799,-3,-1,2,-2,-4,2,4,-2,2,2,4,1,Right,1.3872999999970197
6,R_22YukpAa4vp3drL,92,j,2,0,2540.2999999970198,Climate change legislation,Abolishing private prisons,-1,-1,3,6,4,1.1293358837949117,2,7,3,0.6292014209714508,-3,-2,1,-1,1,1,1,-1,1,1,-1,1,Right,2.54029999999702
6,R_22YukpAa4vp3drL,93,j,2,0,1372.5,Legalization of marijuana,On campus concealed carry,-1,-1,3,8,4,1.1293358837949117,0,2,2,-0.3710675046754708,-3,-0,3,-3,-6,3,6,-3,3,3,6,1,Right,1.3725
6,R_22YukpAa4vp3drL,94,f,1,1,3628.5,Cuts to National Parks budget,Gun-free campus police,-1,-1,-3,8,3,-1.8714708931458532,2,6,1,0.6292014209714508,3,-2,5,-5,2,5,2,5,-5,-5,2,0,Left,3.6285
6,R_22YukpAa4vp3drL,95,f,1,1,1769.7999999970198,Black Lives Matter,Abolishing private prisons,1,-1,3,8,4,1.1293358837949117,2,7,3,0.6292014209714508,3,-2,5,1,1,5,1,5,-5,1,1,0,Left,1.7697999999970198
6,R_22YukpAa4vp3drL,96,j,2,0,2913.5999999940395,Raise the minimum wage,"Boycott, Divest, and Sanction Israel",-1,1,3,8,4,1.1293358837949117,0,0,1,-0.3710675046754708,-3,0,3,-3,-8,3,8,-3,3,3,8,1,Right,2.9135999999940396
6,R_22YukpAa4vp3drL,97,j,2,0,1421.9000000059605,Detention of migrant children,U.S. drone strikes in Afghanistan,-1,-1,-3,7,2,-1.8714708931458532,1,5,2,0.12906695814799,3,-1,-4,4,-2,4,2,4,-4,-4,2,1,Right,1.4219000000059605
6,R_22YukpAa4vp3drL,98,f,1,1,1817.2000000029802,Climate change legislation,Build southern border wall,1,1,3,6,4,1.1293358837949117,-3,8,3,-1.8714708931458532,3,-3,6,6,-2,6,2,6,-6,6,-2,0,Left,1.8172000000029802
6,R_22YukpAa4vp3drL,99,j,2,0,1879.2999999970198,Raise the minimum wage,Safe injection locations,-1,1,3,8,4,1.1293358837949117,1,5,2,0.12906695814799,-3,1,4,-2,-3,4,3,-4,4,2,3,1,Right,1.8792999999970197
6,R_22YukpAa4vp3drL,100,j,2,0,1733.7999999970198,Expel students with white nationlist views,Detention of migrant children,1,-1,2,8,3,0.6292014209714508,-3,7,2,-1.8714708931458532,2,3,1,-5,-1,1,1,-1,1,5,1,1,Right,1.7337999999970197
22,R_6rmmVOUTc01qvpD,1,f,1,1,1947.2000000178814,"Boycott, Divest, and Sanction Israel",Recognize Jerusalem as capital of Israel,-1,1,2,8,3,0.5533403717516997,-2,0,3,-0.9222339529194996,-2,-2,0,4,8,0,8,0,0,4,8,0,Left,1.9472000000178813
22,R_6rmmVOUTc01qvpD,2,j,2,0,2363.5999999940395,Mandatory vaccinations,Physician-assisted suicide,1,-1,2,6,3,0.5533403717516997,2,8,4,0.5533403717516997,2,-2,-4,0,2,4,2,4,-4,0,-2,1,Right,2.3635999999940394
22,R_6rmmVOUTc01qvpD,3,j,2,0,5698.9000000059605,Mandatory vaccinations,Mandatory vaccinations,-1,1,2,6,3,0.5533403717516997,2,6,3,0.5533403717516997,-2,2,4,0,0,4,0,-4,4,0,0,1,Right,5.698900000005961
22,R_6rmmVOUTc01qvpD,4,j,2,0,3784,Mask mandates,Mandatory vaccinations,-1,1,3,8,4,0.9222339529194996,2,6,3,0.5533403717516997,-3,2,5,-1,-2,5,2,-5,5,1,2,1,Right,3.784
22,R_6rmmVOUTc01qvpD,5,f,1,1,3041.5,Cuts to National Parks budget,Recognize Jerusalem as capital of Israel,-1,1,-3,8,3,-1.2911275340872994,-2,0,3,-0.9222339529194996,3,-2,5,-1,8,5,8,5,-5,-1,8,0,Left,3.0415
22,R_6rmmVOUTc01qvpD,6,f,1,1,4651.4000000059605,Mandatory vaccinations,Mandatory trigger warnings,1,1,2,6,3,0.5533403717516997,1,1,1,0.18444679058389993,2,1,1,1,5,1,5,1,-1,1,5,0,Left,4.65140000000596
22,R_6rmmVOUTc01qvpD,7,f,1,1,2779.5,Mandatory trigger warnings,Physician-assisted suicide,1,-1,1,1,1,0.18444679058389993,2,8,4,0.5533403717516997,1,-2,3,-1,-7,3,7,3,-3,-1,-7,0,Left,2.7795
22,R_6rmmVOUTc01qvpD,8,j,2,0,2704.7999999821186,Lift COVID lockdowns,Physician-assisted suicide,1,1,-3,8,4,-1.2911275340872994,2,8,4,0.5533403717516997,-3,2,5,5,0,5,0,-5,5,-5,0,1,Right,2.7047999999821184
22,R_6rmmVOUTc01qvpD,9,j,2,0,3566.2999999821186,Ban on research with animals,Mandatory drug tests for welfare recipients,1,-1,0,0,2,-0.18444679058389993,-3,8,4,-1.2911275340872994,0,3,3,-3,8,3,8,-3,3,3,-8,1,Right,3.5662999999821188
22,R_6rmmVOUTc01qvpD,10,f,1,1,3837.100000023842,Mandatory vaccinations,Physician-assisted suicide,-1,-1,2,6,3,0.5533403717516997,2,8,4,0.5533403717516997,-2,-2,0,0,-2,0,2,0,0,0,-2,0,Left,3.8371000000238418
22,R_6rmmVOUTc01qvpD,11,f,1,1,2489.399999976158,"Boycott, Divest, and Sanction Israel","Boycott, Divest, and Sanction Israel",1,-1,2,8,3,0.5533403717516997,2,8,3,0.5533403717516997,2,-2,4,0,0,4,0,4,-4,0,0,0,Left,2.489399999976158
22,R_6rmmVOUTc01qvpD,12,j,2,0,3271.5,Mandatory trigger warnings,On campus concealed carry,-1,1,1,1,1,0.18444679058389993,0,0,1,-0.18444679058389993,-1,0,1,-1,-1,1,1,-1,1,1,1,1,Right,3.2715
22,R_6rmmVOUTc01qvpD,13,f,1,1,5512.799999982119,Ban on research with animals,Legalization of marijuana,1,-1,0,0,2,-0.18444679058389993,3,8,4,0.9222339529194996,0,-3,3,-3,-8,3,8,3,-3,-3,-8,0,Left,5.512799999982119
22,R_6rmmVOUTc01qvpD,14,j,2,0,6495.800000011921,Abolishing private prisons,Mandatory vaccinations,-1,-1,3,8,4,0.9222339529194996,2,6,3,0.5533403717516997,-3,-2,1,-1,-2,1,2,-1,1,1,2,1,Right,6.495800000011921
22,R_6rmmVOUTc01qvpD,15,j,2,0,8049.5,Gun-free campus police,Mandatory trigger warnings,-1,-1,3,8,4,0.9222339529194996,1,1,1,0.18444679058389993,-3,-1,2,-2,-7,2,7,-2,2,2,7,1,Right,8.0495
22,R_6rmmVOUTc01qvpD,16,j,2,0,3498.0999999940395,Physician-assisted suicide,Recognize Jerusalem as capital of Israel,-1,-1,2,8,4,0.5533403717516997,-2,0,3,-0.9222339529194996,-2,2,4,-4,-8,4,8,-4,4,4,8,1,Right,3.4980999999940394
22,R_6rmmVOUTc01qvpD,17,j,2,0,2646.800000011921,Recognize Jerusalem as capital of Israel,Mandatory vaccinations,1,-1,-2,0,3,-0.9222339529194996,2,6,3,0.5533403717516997,-2,-2,0,4,6,0,6,0,0,-4,-6,1,Right,2.646800000011921
22,R_6rmmVOUTc01qvpD,18,j,2,0,4082.899999976158,Mandatory vaccinations,Cuts to National Parks budget,1,-1,2,6,3,0.5533403717516997,-3,8,3,-1.2911275340872994,2,3,1,-5,2,1,2,-1,1,5,-2,1,Right,4.082899999976158
22,R_6rmmVOUTc01qvpD,19,j,2,0,3547.199999988079,"Boycott, Divest, and Sanction Israel",Defund Planned Parenthood,1,-1,2,8,3,0.5533403717516997,-3,8,4,-1.2911275340872994,2,3,1,-5,0,1,0,-1,1,5,0,1,Right,3.547199999988079
22,R_6rmmVOUTc01qvpD,20,j,2,0,4963.699999988079,Mandatory trigger warnings,Mandatory vaccinations,1,1,1,1,1,0.18444679058389993,2,6,3,0.5533403717516997,1,2,1,1,5,1,5,-1,1,-1,-5,1,Right,4.963699999988079
22,R_6rmmVOUTc01qvpD,21,j,2,0,7830.5999999940395,Recognize Jerusalem as capital of Israel,Recognize Jerusalem as capital of Israel,1,-1,-2,0,3,-0.9222339529194996,-2,0,3,-0.9222339529194996,-2,2,4,0,0,4,0,-4,4,0,0,1,Right,7.83059999999404
22,R_6rmmVOUTc01qvpD,22,j,2,0,3708.0999999940395,Mandatory trigger warnings,Mandatory vaccinations,-1,-1,1,1,1,0.18444679058389993,2,6,3,0.5533403717516997,-1,-2,-1,1,5,1,5,1,-1,-1,-5,1,Right,3.7080999999940394
22,R_6rmmVOUTc01qvpD,23,j,2,0,4271.200000017881,Mandatory vaccinations,Recognize Jerusalem as capital of Israel,-1,-1,2,6,3,0.5533403717516997,-2,0,3,-0.9222339529194996,-2,2,4,-4,-6,4,6,-4,4,4,6,1,Right,4.271200000017881
22,R_6rmmVOUTc01qvpD,24,f,1,1,4363.0999999940395,Physician-assisted suicide,Cuts to National Parks budget,1,1,2,8,4,0.5533403717516997,-3,8,3,-1.2911275340872994,2,-3,5,5,0,5,0,5,-5,5,0,0,Left,4.36309999999404
22,R_6rmmVOUTc01qvpD,25,j,2,0,2392.399999976158,Mandatory trigger warnings,Expel students with white nationlist views,-1,1,1,1,1,0.18444679058389993,3,8,3,0.9222339529194996,-1,3,4,2,7,4,7,-4,4,-2,-7,1,Right,2.392399999976158
22,R_6rmmVOUTc01qvpD,26,j,2,0,2297.300000011921,Mandatory vaccinations,"Boycott, Divest, and Sanction Israel",-1,1,2,6,3,0.5533403717516997,2,8,3,0.5533403717516997,-2,2,4,0,2,4,2,-4,4,0,-2,1,Right,2.297300000011921
22,R_6rmmVOUTc01qvpD,27,j,2,0,2125.199999988079,Recognize Jerusalem as capital of Israel,Mandatory vaccinations,1,-1,-2,0,3,-0.9222339529194996,2,6,3,0.5533403717516997,-2,-2,0,4,6,0,6,0,0,-4,-6,1,Right,2.1251999999880793
22,R_6rmmVOUTc01qvpD,28,j,2,0,4008.5999999940395,"Boycott, Divest, and Sanction Israel",Defund the police,-1,1,2,8,3,0.5533403717516997,3,8,4,0.9222339529194996,-2,3,5,1,0,5,0,-5,5,-1,0,1,Right,4.00859999999404
22,R_6rmmVOUTc01qvpD,29,f,1,1,4225.5,Abolishing fraternities,Recognize Jerusalem as capital of Israel,1,-1,3,8,3,0.9222339529194996,-2,0,3,-0.9222339529194996,3,2,1,5,8,1,8,1,-1,5,8,0,Left,4.2255
22,R_6rmmVOUTc01qvpD,30,j,2,0,1953.2999999821186,Mandatory trigger warnings,Mandatory vaccinations,1,-1,1,1,1,0.18444679058389993,2,6,3,0.5533403717516997,1,-2,-3,1,5,3,5,3,-3,-1,-5,1,Right,1.9532999999821186
22,R_6rmmVOUTc01qvpD,31,j,2,0,6389.4000000059605,Physician-assisted suicide,"Boycott, Divest, and Sanction Israel",1,-1,2,8,4,0.5533403717516997,2,8,3,0.5533403717516997,2,-2,-4,0,0,4,0,4,-4,0,0,1,Right,6.389400000005961
22,R_6rmmVOUTc01qvpD,32,j,2,0,3466.5,Mandatory trigger warnings,"Boycott, Divest, and Sanction Israel",1,1,1,1,1,0.18444679058389993,2,8,3,0.5533403717516997,1,2,1,1,7,1,7,-1,1,-1,-7,1,Right,3.4665
22,R_6rmmVOUTc01qvpD,33,f,1,1,2706.899999976158,Mandatory trigger warnings,Recognize Jerusalem as capital of Israel,-1,1,1,1,1,0.18444679058389993,-2,0,3,-0.9222339529194996,-1,-2,1,3,1,1,1,1,-1,3,1,0,Left,2.7068999999761583
22,R_6rmmVOUTc01qvpD,34,j,2,0,3183.7000000178814,"Boycott, Divest, and Sanction Israel",Mandatory trigger warnings,-1,-1,2,8,3,0.5533403717516997,1,1,1,0.18444679058389993,-2,-1,1,-1,-7,1,7,-1,1,1,7,1,Right,3.1837000000178812
22,R_6rmmVOUTc01qvpD,35,j,2,0,2790.199999988079,Recognize Jerusalem as capital of Israel,Physician-assisted suicide,1,1,-2,0,3,-0.9222339529194996,2,8,4,0.5533403717516997,-2,2,4,4,8,4,8,-4,4,-4,-8,1,Right,2.790199999988079
22,R_6rmmVOUTc01qvpD,36,j,2,0,2190,Mandatory trigger warnings,Mandatory vaccinations,-1,1,1,1,1,0.18444679058389993,2,6,3,0.5533403717516997,-1,2,3,1,5,3,5,-3,3,-1,-5,1,Right,2.19
22,R_6rmmVOUTc01qvpD,37,f,1,1,1867.7000000178814,Affirmative action,Mandatory vaccinations,1,1,3,8,4,0.9222339529194996,2,6,3,0.5533403717516997,3,2,1,1,2,1,2,1,-1,1,2,0,Left,1.8677000000178814
22,R_6rmmVOUTc01qvpD,38,f,1,1,2443.5999999940395,Mandatory trigger warnings,Physician-assisted suicide,-1,-1,1,1,1,0.18444679058389993,2,8,4,0.5533403717516997,-1,-2,1,-1,-7,1,7,1,-1,-1,-7,0,Left,2.4435999999940394
22,R_6rmmVOUTc01qvpD,39,f,1,1,2983.199999988079,Recognize Jerusalem as capital of Israel,Mandatory vaccinations,-1,1,-2,0,3,-0.9222339529194996,2,6,3,0.5533403717516997,2,2,0,-4,-6,0,6,0,0,-4,-6,0,Left,2.983199999988079
22,R_6rmmVOUTc01qvpD,40,f,1,1,2998.4000000059605,Mandatory trigger warnings,Mandatory trigger warnings,1,-1,1,1,1,0.18444679058389993,1,1,1,0.18444679058389993,1,-1,2,0,0,2,0,2,-2,0,0,0,Left,2.9984000000059603
22,R_6rmmVOUTc01qvpD,41,j,2,0,2949.5,Mandatory trigger warnings,Gun-free campus police,-1,-1,1,1,1,0.18444679058389993,3,8,4,0.9222339529194996,-1,-3,-2,2,7,2,7,2,-2,-2,-7,1,Right,2.9495
22,R_6rmmVOUTc01qvpD,42,j,2,0,1633.4000000059605,Recognize Jerusalem as capital of Israel,Mandatory vaccinations,1,1,-2,0,3,-0.9222339529194996,2,6,3,0.5533403717516997,-2,2,4,4,6,4,6,-4,4,-4,-6,1,Right,1.6334000000059605
22,R_6rmmVOUTc01qvpD,43,f,1,1,4230.100000023842,Mandatory vaccinations,Ban on research with animals,1,-1,2,6,3,0.5533403717516997,0,0,2,-0.18444679058389993,2,-0,2,2,6,2,6,2,-2,2,6,0,Left,4.230100000023842
22,R_6rmmVOUTc01qvpD,44,j,2,0,6209.199999988079,Climate change legislation,Ban on research with animals,-1,1,3,8,3,0.9222339529194996,0,0,2,-0.18444679058389993,-3,0,3,-3,-8,3,8,-3,3,3,8,1,Right,6.209199999988079
22,R_6rmmVOUTc01qvpD,45,j,2,0,3475.300000011921,Recognize Jerusalem as capital of Israel,Mandatory vaccinations,1,1,-2,0,3,-0.9222339529194996,2,6,3,0.5533403717516997,-2,2,4,4,6,4,6,-4,4,-4,-6,1,Right,3.475300000011921
22,R_6rmmVOUTc01qvpD,46,j,2,0,2918.2999999821186,"Boycott, Divest, and Sanction Israel",Increased Gun regulations,-1,1,2,8,3,0.5533403717516997,0,0,2,-0.18444679058389993,-2,0,2,-2,-8,2,8,-2,2,2,8,1,Right,2.9182999999821186
22,R_6rmmVOUTc01qvpD,47,f,1,1,3562.7000000178814,Religious exemptions for discrimination laws,Mandatory trigger warnings,-1,-1,-3,8,3,-1.2911275340872994,1,1,1,0.18444679058389993,3,-1,4,-4,7,4,7,4,-4,-4,7,0,Left,3.5627000000178812
22,R_6rmmVOUTc01qvpD,48,f,1,1,4411.700000017881,Recognize Jerusalem as capital of Israel,Mandatory vaccinations,-1,1,-2,0,3,-0.9222339529194996,2,6,3,0.5533403717516997,2,2,0,-4,-6,0,6,0,0,-4,-6,0,Left,4.411700000017881
22,R_6rmmVOUTc01qvpD,49,j,2,0,3375.5,Recognize Jerusalem as capital of Israel,Ban on research with animals,1,1,-2,0,3,-0.9222339529194996,0,0,2,-0.18444679058389993,-2,0,2,2,0,2,0,-2,2,-2,0,1,Right,3.3755
22,R_6rmmVOUTc01qvpD,50,f,1,1,4552.4000000059605,"Boycott, Divest, and Sanction Israel",Mandatory vaccinations,1,-1,2,8,3,0.5533403717516997,2,6,3,0.5533403717516997,2,-2,4,0,2,4,2,4,-4,0,2,0,Left,4.55240000000596
22,R_6rmmVOUTc01qvpD,51,f,1,1,2346.4000000059605,Mandatory trigger warnings,Mandatory vaccinations,1,-1,1,1,1,0.18444679058389993,2,6,3,0.5533403717516997,1,-2,3,-1,-5,3,5,3,-3,-1,-5,0,Left,2.3464000000059606
22,R_6rmmVOUTc01qvpD,52,j,2,0,2783.399999976158,Mandatory vaccinations,"Boycott, Divest, and Sanction Israel",1,1,2,6,3,0.5533403717516997,2,8,3,0.5533403717516997,2,2,0,0,2,0,2,0,0,0,-2,1,Right,2.783399999976158
22,R_6rmmVOUTc01qvpD,53,f,1,1,4695.799999982119,Bathrooms restricted based on biological sex,Recognize Jerusalem as capital of Israel,-1,1,-3,8,4,-1.2911275340872994,-2,0,3,-0.9222339529194996,3,-2,5,-1,8,5,8,5,-5,-1,8,0,Left,4.6957999999821185
22,R_6rmmVOUTc01qvpD,54,j,2,0,2952.5,On campus concealed carry,Mandatory vaccinations,1,-1,0,0,1,-0.18444679058389993,2,6,3,0.5533403717516997,0,-2,-2,2,6,2,6,2,-2,-2,-6,1,Right,2.9525
22,R_6rmmVOUTc01qvpD,55,f,1,1,4781.4000000059605,"Boycott, Divest, and Sanction Israel",Abolishing private prisons,-1,-1,2,8,3,0.5533403717516997,3,8,4,0.9222339529194996,-2,-3,1,-1,0,1,0,1,-1,-1,0,0,Left,4.78140000000596
22,R_6rmmVOUTc01qvpD,56,f,1,1,5358.799999982119,Mandatory vaccinations,Mandatory trigger warnings,1,-1,2,6,3,0.5533403717516997,1,1,1,0.18444679058389993,2,-1,3,1,5,3,5,3,-3,1,5,0,Left,5.358799999982119
22,R_6rmmVOUTc01qvpD,57,j,2,0,4737.4000000059605,Recognize Jerusalem as capital of Israel,Physician-assisted suicide,-1,1,-2,0,3,-0.9222339529194996,2,8,4,0.5533403717516997,2,2,0,4,8,0,8,0,0,-4,-8,1,Right,4.737400000005961
22,R_6rmmVOUTc01qvpD,58,f,1,1,5137.9000000059605,Recognize Jerusalem as capital of Israel,Abolishing fraternities,-1,-1,-2,0,3,-0.9222339529194996,3,8,3,0.9222339529194996,2,-3,5,-5,-8,5,8,5,-5,-5,-8,0,Left,5.137900000005961
22,R_6rmmVOUTc01qvpD,59,j,2,0,1910.800000011921,Mandatory trigger warnings,Ban on research with animals,1,1,1,1,1,0.18444679058389993,0,0,2,-0.18444679058389993,1,0,-1,-1,-1,1,1,1,-1,1,1,1,Right,1.910800000011921
22,R_6rmmVOUTc01qvpD,60,j,2,0,3209.699999988079,Stop police brutality,Recognize Jerusalem as capital of Israel,-1,-1,3,8,4,0.9222339529194996,-2,0,3,-0.9222339529194996,-3,2,5,-5,-8,5,8,-5,5,5,8,1,Right,3.209699999988079
22,R_6rmmVOUTc01qvpD,61,f,1,1,4148.5999999940395,Mandatory vaccinations,Physician-assisted suicide,1,-1,2,6,3,0.5533403717516997,2,8,4,0.5533403717516997,2,-2,4,0,-2,4,2,4,-4,0,-2,0,Left,4.1485999999940395
22,R_6rmmVOUTc01qvpD,62,f,1,1,3440.399999976158,Mandatory drug tests for welfare recipients,Physician-assisted suicide,-1,1,-3,8,4,-1.2911275340872994,2,8,4,0.5533403717516997,3,2,1,-5,0,1,0,1,-1,-5,0,0,Left,3.440399999976158
22,R_6rmmVOUTc01qvpD,63,j,2,0,2641,Recognize Jerusalem as capital of Israel,Defund Planned Parenthood,-1,-1,-2,0,3,-0.9222339529194996,-3,8,4,-1.2911275340872994,2,3,1,-1,8,1,8,-1,1,1,-8,1,Right,2.641
22,R_6rmmVOUTc01qvpD,64,j,2,0,8108.800000011921,Student worker unionization,Recognize Jerusalem as capital of Israel,-1,1,3,8,4,0.9222339529194996,-2,0,3,-0.9222339529194996,-3,-2,1,-5,-8,1,8,-1,1,5,8,1,Right,8.108800000011922
22,R_6rmmVOUTc01qvpD,65,f,1,1,4598.800000011921,Mandatory trigger warnings,Student worker unionization,1,-1,1,1,1,0.18444679058389993,3,8,4,0.9222339529194996,1,-3,4,-2,-7,4,7,4,-4,-2,-7,0,Left,4.598800000011921
22,R_6rmmVOUTc01qvpD,66,f,1,1,2424.9000000059605,Mandatory trigger warnings,Recognize Jerusalem as capital of Israel,1,1,1,1,1,0.18444679058389993,-2,0,3,-0.9222339529194996,1,-2,3,3,1,3,1,3,-3,3,1,0,Left,2.4249000000059606
22,R_6rmmVOUTc01qvpD,67,j,2,0,10378.800000011921,Legalization of marijuana,Recognize Jerusalem as capital of Israel,-1,1,3,8,4,0.9222339529194996,-2,0,3,-0.9222339529194996,-3,-2,1,-5,-8,1,8,-1,1,5,8,1,Right,10.378800000011921
22,R_6rmmVOUTc01qvpD,68,f,1,1,2751.9000000059605,Recognize Jerusalem as capital of Israel,Increased Gun regulations,-1,-1,-2,0,3,-0.9222339529194996,0,0,2,-0.18444679058389993,2,-0,2,-2,0,2,0,2,-2,-2,0,0,Left,2.7519000000059606
22,R_6rmmVOUTc01qvpD,69,j,2,0,4409,Mandatory trigger warnings,Religious exemptions for discrimination laws,1,-1,1,1,1,0.18444679058389993,-3,8,3,-1.2911275340872994,1,3,2,-4,7,2,7,-2,2,4,-7,1,Right,4.409
22,R_6rmmVOUTc01qvpD,70,j,2,0,5052.799999982119,Physician-assisted suicide,Recognize Jerusalem as capital of Israel,-1,1,2,8,4,0.5533403717516997,-2,0,3,-0.9222339529194996,-2,-2,0,-4,-8,0,8,0,0,4,8,1,Right,5.052799999982119
22,R_6rmmVOUTc01qvpD,71,f,1,1,5605.899999976158,Mandatory vaccinations,Mandatory trigger warnings,-1,-1,2,6,3,0.5533403717516997,1,1,1,0.18444679058389993,-2,-1,-1,1,5,1,5,-1,1,1,5,0,Left,5.605899999976158
22,R_6rmmVOUTc01qvpD,72,j,2,0,2501.800000011921,On campus concealed carry,Physician-assisted suicide,1,1,0,0,1,-0.18444679058389993,2,8,4,0.5533403717516997,0,2,2,2,8,2,8,-2,2,-2,-8,1,Right,2.501800000011921
22,R_6rmmVOUTc01qvpD,73,j,2,0,3629.5999999940395,Mandatory vaccinations,Mandatory drug tests for welfare recipients,-1,-1,2,6,3,0.5533403717516997,-3,8,4,-1.2911275340872994,-2,3,5,-5,2,5,2,-5,5,5,-2,1,Right,3.6295999999940394
22,R_6rmmVOUTc01qvpD,74,f,1,1,3014.199999988079,Climate change legislation,Mandatory trigger warnings,1,1,3,8,3,0.9222339529194996,1,1,1,0.18444679058389993,3,1,2,2,7,2,7,2,-2,2,7,0,Left,3.014199999988079
22,R_6rmmVOUTc01qvpD,75,f,1,1,2530.5999999940395,Recognize Jerusalem as capital of Israel,Mandatory vaccinations,-1,-1,-2,0,3,-0.9222339529194996,2,6,3,0.5533403717516997,2,-2,4,-4,-6,4,6,4,-4,-4,-6,0,Left,2.5305999999940396
22,R_6rmmVOUTc01qvpD,76,f,1,1,2375,"Boycott, Divest, and Sanction Israel",Ban on research with animals,1,1,2,8,3,0.5533403717516997,0,0,2,-0.18444679058389993,2,0,2,2,8,2,8,2,-2,2,8,0,Left,2.375
22,R_6rmmVOUTc01qvpD,77,f,1,1,2390.5,Abolishing fraternities,Mandatory vaccinations,-1,-1,3,8,3,0.9222339529194996,2,6,3,0.5533403717516997,-3,-2,-1,1,2,1,2,-1,1,1,2,0,Left,2.3905
22,R_6rmmVOUTc01qvpD,78,f,1,1,3270.600000023842,Physician-assisted suicide,Recognize Jerusalem as capital of Israel,1,-1,2,8,4,0.5533403717516997,-2,0,3,-0.9222339529194996,2,2,0,4,8,0,8,0,0,4,8,0,Left,3.2706000000238418
22,R_6rmmVOUTc01qvpD,79,f,1,1,2910.0999999940395,Detention of migrant children,Detention of migrant children,-1,1,-3,8,4,-1.2911275340872994,-3,8,4,-1.2911275340872994,3,-3,6,0,0,6,0,6,-6,0,0,0,Left,2.9100999999940393
22,R_6rmmVOUTc01qvpD,80,j,2,0,2060.199999988079,Mask mandates,Mandatory trigger warnings,-1,1,3,8,4,0.9222339529194996,1,1,1,0.18444679058389993,-3,1,4,-2,-7,4,7,-4,4,2,7,1,Right,2.060199999988079
22,R_6rmmVOUTc01qvpD,81,f,1,1,1895.199999988079,Climate change legislation,Mandatory vaccinations,1,-1,3,8,3,0.9222339529194996,2,6,3,0.5533403717516997,3,-2,5,1,2,5,2,5,-5,1,2,0,Left,1.895199999988079
22,R_6rmmVOUTc01qvpD,82,f,1,1,2893.800000011921,Mandatory vaccinations,Cuts to National Parks budget,1,1,2,6,3,0.5533403717516997,-3,8,3,-1.2911275340872994,2,-3,5,5,-2,5,2,5,-5,5,-2,0,Left,2.893800000011921
22,R_6rmmVOUTc01qvpD,83,j,2,0,2647,U.S. drone strikes in Afghanistan,Religious exemptions for discrimination laws,1,-1,-3,8,3,-1.2911275340872994,-3,8,3,-1.2911275340872994,-3,3,6,0,0,6,0,-6,6,0,0,1,Right,2.647
22,R_6rmmVOUTc01qvpD,84,j,2,0,4185.0999999940395,Mandatory vaccinations,Mandatory vaccinations,-1,1,2,6,3,0.5533403717516997,2,6,3,0.5533403717516997,-2,2,4,0,0,4,0,-4,4,0,0,1,Right,4.18509999999404
22,R_6rmmVOUTc01qvpD,85,f,1,1,4086.600000023842,Mandatory vaccinations,On campus concealed carry,1,-1,2,6,3,0.5533403717516997,0,0,1,-0.18444679058389993,2,-0,2,2,6,2,6,2,-2,2,6,0,Left,4.086600000023842
22,R_6rmmVOUTc01qvpD,86,j,2,0,3448.0999999940395,Mask mandates,Increased Gun regulations,1,-1,3,8,4,0.9222339529194996,0,0,2,-0.18444679058389993,3,-0,-3,-3,-8,3,8,3,-3,3,8,1,Right,3.4480999999940396
22,R_6rmmVOUTc01qvpD,87,f,1,1,1855.9000000059605,Physician-assisted suicide,Mandatory vaccinations,1,1,2,8,4,0.5533403717516997,2,6,3,0.5533403717516997,2,2,0,0,2,0,2,0,0,0,2,0,Left,1.8559000000059604
22,R_6rmmVOUTc01qvpD,88,j,2,0,3015.199999988079,"Boycott, Divest, and Sanction Israel",Recognize Jerusalem as capital of Israel,-1,-1,2,8,3,0.5533403717516997,-2,0,3,-0.9222339529194996,-2,2,4,-4,-8,4,8,-4,4,4,8,1,Right,3.015199999988079
22,R_6rmmVOUTc01qvpD,89,f,1,1,4649.5,Mandatory vaccinations,"Boycott, Divest, and Sanction Israel",-1,-1,2,6,3,0.5533403717516997,2,8,3,0.5533403717516997,-2,-2,0,0,-2,0,2,0,0,0,-2,0,Left,4.6495
22,R_6rmmVOUTc01qvpD,90,j,2,0,1810.5,Mandatory trigger warnings,Physician-assisted suicide,-1,1,1,1,1,0.18444679058389993,2,8,4,0.5533403717516997,-1,2,3,1,7,3,7,-3,3,-1,-7,1,Right,1.8105
22,R_6rmmVOUTc01qvpD,91,j,2,0,2884.5,Mandatory trigger warnings,"Boycott, Divest, and Sanction Israel",-1,1,1,1,1,0.18444679058389993,2,8,3,0.5533403717516997,-1,2,3,1,7,3,7,-3,3,-1,-7,1,Right,2.8845
22,R_6rmmVOUTc01qvpD,92,f,1,1,3791.699999988079,Mask mandates,Physician-assisted suicide,1,-1,3,8,4,0.9222339529194996,2,8,4,0.5533403717516997,3,-2,5,1,0,5,0,5,-5,1,0,0,Left,3.791699999988079
22,R_6rmmVOUTc01qvpD,93,j,2,0,5281.4000000059605,Raise the minimum wage,Physician-assisted suicide,-1,-1,3,8,4,0.9222339529194996,2,8,4,0.5533403717516997,-3,-2,1,-1,0,1,0,-1,1,1,0,1,Right,5.28140000000596
22,R_6rmmVOUTc01qvpD,94,j,2,0,3582.300000011921,Mandatory trigger warnings,Physician-assisted suicide,1,1,1,1,1,0.18444679058389993,2,8,4,0.5533403717516997,1,2,1,1,7,1,7,-1,1,-1,-7,1,Right,3.5823000000119207
22,R_6rmmVOUTc01qvpD,95,f,1,1,2017.7999999821186,"Boycott, Divest, and Sanction Israel",Recognize Jerusalem as capital of Israel,1,1,2,8,3,0.5533403717516997,-2,0,3,-0.9222339529194996,2,-2,4,4,8,4,8,4,-4,4,8,0,Left,2.0177999999821186
22,R_6rmmVOUTc01qvpD,96,f,1,1,4785.199999988079,Recognize Jerusalem as capital of Israel,Mandatory trigger warnings,-1,1,-2,0,3,-0.9222339529194996,1,1,1,0.18444679058389993,2,1,1,-3,-1,1,1,1,-1,-3,-1,0,Left,4.785199999988079
22,R_6rmmVOUTc01qvpD,97,j,2,0,4536.9000000059605,Mandatory vaccinations,On campus concealed carry,-1,1,2,6,3,0.5533403717516997,0,0,1,-0.18444679058389993,-2,0,2,-2,-6,2,6,-2,2,2,6,1,Right,4.536900000005961
22,R_6rmmVOUTc01qvpD,98,f,1,1,2531.100000023842,Recognize Jerusalem as capital of Israel,Mandatory trigger warnings,-1,-1,-2,0,3,-0.9222339529194996,1,1,1,0.18444679058389993,2,-1,3,-3,-1,3,1,3,-3,-3,-1,0,Left,2.5311000000238417
22,R_6rmmVOUTc01qvpD,99,j,2,0,2409.600000023842,Physician-assisted suicide,Mandatory trigger warnings,-1,1,2,8,4,0.5533403717516997,1,1,1,0.18444679058389993,-2,1,3,-1,-7,3,7,-3,3,1,7,1,Right,2.409600000023842
22,R_6rmmVOUTc01qvpD,100,f,1,1,3444.800000011921,On campus concealed carry,"Boycott, Divest, and Sanction Israel",-1,-1,0,0,1,-0.18444679058389993,2,8,3,0.5533403717516997,-0,-2,2,-2,-8,2,8,2,-2,-2,-8,0,Left,3.444800000011921
3,R_1lrWlqblZ3mTGMR,1,f,1,1,9723.899999976158,Lift COVID lockdowns,Black Lives Matter,1,-1,-1,7,2,-0.9722280223008438,3,7,4,1.4957354189243752,-1,-3,2,-4,0,2,0,2,-2,-4,0,0,Left,9.723899999976158
3,R_1lrWlqblZ3mTGMR,2,j,2,0,918.8000000715256,Affirmative action,Safe injection locations,-1,-1,0,3,3,-0.35523716199453903,3,7,4,1.4957354189243752,-0,-3,-3,3,4,3,4,3,-3,-3,-4,1,Right,0.9188000000715256
3,R_1lrWlqblZ3mTGMR,3,f,1,1,114.20000004768372,Dorms determined by gender identity,Defund the police,1,-1,3,5,4,1.4957354189243752,-2,6,3,-1.5892188826071485,3,2,1,5,-1,1,1,1,-1,5,-1,0,Left,0.11420000004768371
3,R_1lrWlqblZ3mTGMR,4,f,1,1,9399.900000095367,Safe injection locations,University Campus should be a Sanctuary,1,1,3,7,4,1.4957354189243752,-1,5,3,-0.9722280223008438,3,-1,4,4,2,4,2,4,-4,4,2,0,Left,9.399900000095368
3,R_1lrWlqblZ3mTGMR,5,j,2,0,8303.700000047684,U.S. drone strikes in Afghanistan,Religious exemptions for discrimination laws,-1,-1,3,5,4,1.4957354189243752,-3,5,2,-2.2062097429134533,-3,3,6,-6,0,6,0,-6,6,6,0,1,Right,8.303700000047684
3,R_1lrWlqblZ3mTGMR,6,f,1,1,4516,Safe injection locations,U.S. drone strikes in Afghanistan,1,-1,3,7,4,1.4957354189243752,3,5,4,1.4957354189243752,3,-3,6,0,2,6,2,6,-6,0,2,0,Left,4.516
3,R_1lrWlqblZ3mTGMR,7,f,1,1,6857.200000047684,Religious exemptions for discrimination laws,Defund the police,-1,1,-3,5,2,-2.2062097429134533,-2,6,3,-1.5892188826071485,3,-2,5,-1,-1,5,1,5,-5,-1,-1,0,Left,6.857200000047683
3,R_1lrWlqblZ3mTGMR,8,j,2,0,17814,Dorms determined by gender identity,Physician-assisted suicide,-1,-1,3,5,4,1.4957354189243752,-1,5,2,-0.9722280223008438,-3,1,4,-4,0,4,0,-4,4,4,0,1,Right,17.814
3,R_1lrWlqblZ3mTGMR,9,j,2,0,8396.399999976158,Safe injection locations,Ban on research with animals,-1,1,3,7,4,1.4957354189243752,1,3,4,0.2617536983117657,-3,1,4,-2,-4,4,4,-4,4,2,4,1,Right,8.396399999976158
3,R_1lrWlqblZ3mTGMR,10,j,2,0,13569.600000023842,Ban on ethnic Halloween costumes,Dorms determined by gender identity,1,1,0,4,2,-0.35523716199453903,3,5,4,1.4957354189243752,0,3,3,3,1,3,1,-3,3,-3,-1,1,Right,13.569600000023842
3,R_1lrWlqblZ3mTGMR,11,j,2,0,9218.899999976158,Safe injection locations,Ban on research with animals,1,-1,3,7,4,1.4957354189243752,1,3,4,0.2617536983117657,3,-1,-4,-2,-4,4,4,4,-4,2,4,1,Right,9.218899999976157
3,R_1lrWlqblZ3mTGMR,12,j,2,0,3754.899999976158,Abortion rights,Black Lives Matter,-1,-1,2,4,4,0.8787445586180704,3,7,4,1.4957354189243752,-2,-3,-1,1,3,1,3,1,-1,-1,-3,1,Right,3.7548999999761583
3,R_1lrWlqblZ3mTGMR,13,j,2,0,11444.799999952316,Climate change legislation,Religious exemptions for discrimination laws,-1,1,3,8,4,1.4957354189243752,-3,5,2,-2.2062097429134533,-3,-3,0,-6,-3,0,3,0,0,6,3,1,Right,11.444799999952316
3,R_1lrWlqblZ3mTGMR,14,f,1,1,9512.100000023842,Safe injection locations,Legalization of marijuana,-1,1,3,7,4,1.4957354189243752,-2,8,1,-1.5892188826071485,-3,-2,-1,5,-1,1,1,-1,1,5,-1,0,Left,9.512100000023842
3,R_1lrWlqblZ3mTGMR,15,f,1,1,5502.700000047684,Climate change legislation,U.S. drone strikes in Afghanistan,-1,1,3,8,4,1.4957354189243752,3,5,4,1.4957354189243752,-3,3,-6,0,3,6,3,-6,6,0,3,0,Left,5.502700000047684
3,R_1lrWlqblZ3mTGMR,16,f,1,1,8076.899999976158,U.S. drone strikes in Afghanistan,Detention of migrant children,1,-1,3,5,4,1.4957354189243752,0,3,3,-0.35523716199453903,3,-0,3,3,2,3,2,3,-3,3,2,0,Left,8.076899999976158
3,R_1lrWlqblZ3mTGMR,17,j,2,0,908.2000000476837,U.S. drone strikes in Afghanistan,Safe injection locations,-1,-1,3,5,4,1.4957354189243752,3,7,4,1.4957354189243752,-3,-3,0,0,2,0,2,0,0,0,-2,1,Right,0.9082000000476838
3,R_1lrWlqblZ3mTGMR,18,j,2,0,5184.399999976158,Religious exemptions for discrimination laws,Legalization of marijuana,-1,-1,-3,5,2,-2.2062097429134533,-2,8,1,-1.5892188826071485,3,2,-1,1,3,1,3,1,-1,-1,-3,1,Right,5.184399999976158
3,R_1lrWlqblZ3mTGMR,19,j,2,0,4611.100000023842,U.S. drone strikes in Afghanistan,Ban on research with animals,1,1,3,5,4,1.4957354189243752,1,3,4,0.2617536983117657,3,1,-2,-2,-2,2,2,2,-2,2,2,1,Right,4.611100000023842
3,R_1lrWlqblZ3mTGMR,20,j,2,0,3772.100000023842,Religious exemptions for discrimination laws,Abortion rights,-1,-1,-3,5,2,-2.2062097429134533,2,4,4,0.8787445586180704,3,-2,-5,5,-1,5,1,5,-5,-5,1,1,Right,3.772100000023842
3,R_1lrWlqblZ3mTGMR,21,f,1,1,6344.199999928474,War on Drugs,Safe injection locations,-1,1,1,7,2,0.2617536983117657,3,7,4,1.4957354189243752,-1,3,-4,-2,0,4,0,-4,4,-2,0,0,Left,6.344199999928475
3,R_1lrWlqblZ3mTGMR,22,j,2,0,3423.3000000715256,Religious exemptions for discrimination laws,War on Drugs,-1,-1,-3,5,2,-2.2062097429134533,1,7,2,0.2617536983117657,3,-1,-4,4,2,4,2,4,-4,-4,-2,1,Right,3.4233000000715257
3,R_1lrWlqblZ3mTGMR,23,f,1,1,12294.100000023842,Mask mandates,Safe injection locations,-1,-1,1,4,3,0.2617536983117657,3,7,4,1.4957354189243752,-1,-3,2,-2,-3,2,3,2,-2,-2,-3,0,Left,12.294100000023843
3,R_1lrWlqblZ3mTGMR,24,j,2,0,4222.299999952316,Dorms determined by gender identity,Legalization of marijuana,-1,1,3,5,4,1.4957354189243752,-2,8,1,-1.5892188826071485,-3,-2,1,-5,3,1,3,-1,1,5,-3,1,Right,4.222299999952316
3,R_1lrWlqblZ3mTGMR,25,f,1,1,6446.100000023842,Black Lives Matter,Safe injection locations,1,-1,3,7,4,1.4957354189243752,3,7,4,1.4957354189243752,3,-3,6,0,0,6,0,6,-6,0,0,0,Left,6.446100000023842
3,R_1lrWlqblZ3mTGMR,26,f,1,1,2299.100000023842,Climate change legislation,Black Lives Matter,-1,-1,3,8,4,1.4957354189243752,3,7,4,1.4957354189243752,-3,-3,0,0,1,0,1,0,0,0,1,0,Left,2.299100000023842
3,R_1lrWlqblZ3mTGMR,27,j,2,0,1883.8999999761581,Abortion rights,Safe injection locations,1,1,2,4,4,0.8787445586180704,3,7,4,1.4957354189243752,2,3,1,1,3,1,3,-1,1,-1,-3,1,Right,1.883899999976158
3,R_1lrWlqblZ3mTGMR,28,j,2,0,2374.4000000953674,Safe injection locations,Legalization of marijuana,1,1,3,7,4,1.4957354189243752,-2,8,1,-1.5892188826071485,3,-2,-5,-5,1,5,1,5,-5,5,-1,1,Right,2.3744000000953673
3,R_1lrWlqblZ3mTGMR,29,j,2,0,2517.600000023842,Ban on ethnic Halloween costumes,Safe injection locations,-1,-1,0,4,2,-0.35523716199453903,3,7,4,1.4957354189243752,-0,-3,-3,3,3,3,3,3,-3,-3,-3,1,Right,2.5176000000238417
3,R_1lrWlqblZ3mTGMR,30,f,1,1,1977.7000000476837,Safe injection locations,Mask mandates,-1,1,3,7,4,1.4957354189243752,1,4,3,0.2617536983117657,-3,1,-4,2,3,4,3,-4,4,2,3,0,Left,1.9777000000476836
3,R_1lrWlqblZ3mTGMR,31,f,1,1,1415.5,Safe injection locations,Defund the police,1,1,3,7,4,1.4957354189243752,-2,6,3,-1.5892188826071485,3,-2,5,5,1,5,1,5,-5,5,1,0,Left,1.4155
3,R_1lrWlqblZ3mTGMR,32,j,2,0,2216,Dorms determined by gender identity,Abortion rights,1,1,3,5,4,1.4957354189243752,2,4,4,0.8787445586180704,3,2,-1,-1,-1,1,1,1,-1,1,1,1,Right,2.216
3,R_1lrWlqblZ3mTGMR,33,j,2,0,2568.5,Safe injection locations,Physician-assisted suicide,1,-1,3,7,4,1.4957354189243752,-1,5,2,-0.9722280223008438,3,1,-2,-4,-2,2,2,2,-2,4,2,1,Right,2.5685
3,R_1lrWlqblZ3mTGMR,34,j,2,0,2839.100000023842,Black Lives Matter,Bathrooms restricted based on biological sex,-1,1,3,7,4,1.4957354189243752,2,5,4,0.8787445586180704,-3,2,5,-1,-2,5,2,-5,5,1,2,1,Right,2.839100000023842
3,R_1lrWlqblZ3mTGMR,35,f,1,1,1531.1000000238419,Black Lives Matter,Defund the police,1,-1,3,7,4,1.4957354189243752,-2,6,3,-1.5892188826071485,3,2,1,5,1,1,1,1,-1,5,1,0,Left,1.531100000023842
3,R_1lrWlqblZ3mTGMR,36,f,1,1,1567.6000000238419,Dorms determined by gender identity,Stop police brutality,1,-1,3,5,4,1.4957354189243752,0,5,3,-0.35523716199453903,3,-0,3,3,0,3,0,3,-3,3,0,0,Left,1.567600000023842
3,R_1lrWlqblZ3mTGMR,37,j,2,0,2082.5,Religious exemptions for discrimination laws,Lift COVID lockdowns,-1,-1,-3,5,2,-2.2062097429134533,-1,7,2,-0.9722280223008438,3,1,-2,2,2,2,2,2,-2,-2,-2,1,Right,2.0825
3,R_1lrWlqblZ3mTGMR,38,f,1,1,9291.200000047684,Black Lives Matter,Religious exemptions for discrimination laws,-1,-1,3,7,4,1.4957354189243752,-3,5,2,-2.2062097429134533,-3,3,-6,6,2,6,2,-6,6,6,2,0,Left,9.291200000047684
3,R_1lrWlqblZ3mTGMR,39,f,1,1,3475.399999976158,Build southern border wall,Black Lives Matter,1,1,2,3,4,0.8787445586180704,3,7,4,1.4957354189243752,2,3,-1,-1,-4,1,4,-1,1,-1,-4,0,Left,3.4753999999761582
3,R_1lrWlqblZ3mTGMR,40,j,2,0,2437,Remove Christopher Columbus statues,U.S. drone strikes in Afghanistan,-1,-1,1,5,2,0.2617536983117657,3,5,4,1.4957354189243752,-1,-3,-2,2,0,2,0,2,-2,-2,0,1,Right,2.437
3,R_1lrWlqblZ3mTGMR,41,j,2,0,3046,U.S. drone strikes in Afghanistan,Raise the minimum wage,-1,1,3,5,4,1.4957354189243752,2,5,4,0.8787445586180704,-3,2,5,-1,0,5,0,-5,5,1,0,1,Right,3.046
3,R_1lrWlqblZ3mTGMR,42,j,2,0,2342.5,Black Lives Matter,Allow alt-right speakers on campus,1,-1,3,7,4,1.4957354189243752,2,3,3,0.8787445586180704,3,-2,-5,-1,-4,5,4,5,-5,1,4,1,Right,2.3425
3,R_1lrWlqblZ3mTGMR,43,f,1,1,11470.599999904633,Safe injection locations,Increased Gun regulations,1,1,3,7,4,1.4957354189243752,-1,4,4,-0.9722280223008438,3,-1,4,4,3,4,3,4,-4,4,3,0,Left,11.470599999904632
3,R_1lrWlqblZ3mTGMR,44,j,2,0,2549.7000000476837,Increased Gun regulations,Dorms determined by gender identity,-1,-1,-1,4,4,-0.9722280223008438,3,5,4,1.4957354189243752,1,-3,-4,4,1,4,1,4,-4,-4,-1,1,Right,2.5497000000476837
3,R_1lrWlqblZ3mTGMR,45,f,1,1,2139.2000000476837,Allow alt-right speakers on campus,Safe injection locations,1,-1,2,3,3,0.8787445586180704,3,7,4,1.4957354189243752,2,-3,5,-1,-4,5,4,5,-5,-1,-4,0,Left,2.139200000047684
3,R_1lrWlqblZ3mTGMR,46,f,1,1,2450.5,Safe injection locations,Raise the minimum wage,-1,-1,3,7,4,1.4957354189243752,2,5,4,0.8787445586180704,-3,-2,-1,1,2,1,2,-1,1,1,2,0,Left,2.4505
3,R_1lrWlqblZ3mTGMR,47,j,2,0,1711,Raise the minimum wage,Dorms determined by gender identity,-1,1,2,5,4,0.8787445586180704,3,5,4,1.4957354189243752,-2,3,5,1,0,5,0,-5,5,-1,0,1,Right,1.711
3,R_1lrWlqblZ3mTGMR,48,f,1,1,1790.5,Black Lives Matter,Bathrooms restricted based on biological sex,1,1,3,7,4,1.4957354189243752,2,5,4,0.8787445586180704,3,2,1,1,2,1,2,1,-1,1,2,0,Left,1.7905
3,R_1lrWlqblZ3mTGMR,49,f,1,1,2895.6999999284744,Religious exemptions for discrimination laws,Abortion rights,1,1,-3,5,2,-2.2062097429134533,2,4,4,0.8787445586180704,-3,2,-5,-5,1,5,1,-5,5,-5,1,0,Left,2.8956999999284743
3,R_1lrWlqblZ3mTGMR,50,j,2,0,2925.3000000715256,Mask mandates,U.S. drone strikes in Afghanistan,-1,1,1,4,3,0.2617536983117657,3,5,4,1.4957354189243752,-1,3,4,2,1,4,1,-4,4,-2,-1,1,Right,2.9253000000715255
3,R_1lrWlqblZ3mTGMR,51,f,1,1,1643.2000000476837,Climate change legislation,U.S. drone strikes in Afghanistan,1,-1,3,8,4,1.4957354189243752,3,5,4,1.4957354189243752,3,-3,6,0,3,6,3,6,-6,0,3,0,Left,1.6432000000476836
3,R_1lrWlqblZ3mTGMR,52,j,2,0,1405.7000000476837,Black Lives Matter,Abolishing fraternities,-1,1,3,7,4,1.4957354189243752,0,5,1,-0.35523716199453903,-3,0,3,-3,-2,3,2,-3,3,3,2,1,Right,1.4057000000476838
3,R_1lrWlqblZ3mTGMR,53,j,2,0,1867.6000000238419,U.S. drone strikes in Afghanistan,Ban on research with animals,1,-1,3,5,4,1.4957354189243752,1,3,4,0.2617536983117657,3,-1,-4,-2,-2,4,2,4,-4,2,2,1,Right,1.867600000023842
3,R_1lrWlqblZ3mTGMR,54,j,2,0,1501.1999999284744,Defund the police,Safe injection locations,-1,-1,-2,6,3,-1.5892188826071485,3,7,4,1.4957354189243752,2,-3,-5,5,1,5,1,5,-5,-5,-1,1,Right,1.5011999999284744
3,R_1lrWlqblZ3mTGMR,55,j,2,0,1721.2000000476837,Dorms determined by gender identity,Tuition increases,1,-1,3,5,4,1.4957354189243752,-1,5,2,-0.9722280223008438,3,1,-2,-4,0,2,0,2,-2,4,0,1,Right,1.7212000000476837
3,R_1lrWlqblZ3mTGMR,56,f,1,1,1457.7000000476837,Mandatory training on sexual consent,Black Lives Matter,1,-1,0,6,2,-0.35523716199453903,3,7,4,1.4957354189243752,0,-3,3,-3,-1,3,1,3,-3,-3,-1,0,Left,1.4577000000476836
3,R_1lrWlqblZ3mTGMR,57,j,2,0,1582.5999999046326,Religious exemptions for discrimination laws,Defund the police,1,1,-3,5,2,-2.2062097429134533,-2,6,3,-1.5892188826071485,-3,-2,1,1,1,1,1,-1,1,-1,-1,1,Right,1.5825999999046325
3,R_1lrWlqblZ3mTGMR,58,f,1,1,2989.399999976158,Black Lives Matter,War on Drugs,1,1,3,7,4,1.4957354189243752,1,7,2,0.2617536983117657,3,1,2,2,0,2,0,2,-2,2,0,0,Left,2.989399999976158
3,R_1lrWlqblZ3mTGMR,59,f,1,1,2266.600000023842,Black Lives Matter,Legalization of marijuana,-1,-1,3,7,4,1.4957354189243752,-2,8,1,-1.5892188826071485,-3,2,-5,5,-1,5,1,-5,5,5,-1,0,Left,2.2666000000238418
3,R_1lrWlqblZ3mTGMR,60,j,2,0,2308.6999999284744,Black Lives Matter,Legalization of marijuana,1,-1,3,7,4,1.4957354189243752,-2,8,1,-1.5892188826071485,3,2,-1,-5,1,1,1,1,-1,5,-1,1,Right,2.3086999999284745
3,R_1lrWlqblZ3mTGMR,61,f,1,1,1886.8999999761581,Ban on ethnic Halloween costumes,Safe injection locations,1,1,0,4,2,-0.35523716199453903,3,7,4,1.4957354189243752,0,3,-3,-3,-3,3,3,-3,3,-3,-3,0,Left,1.8868999999761582
3,R_1lrWlqblZ3mTGMR,62,f,1,1,2292.8000000715256,Ban on research with animals,Safe injection locations,1,1,1,3,4,0.2617536983117657,3,7,4,1.4957354189243752,1,3,-2,-2,-4,2,4,-2,2,-2,-4,0,Left,2.2928000000715256
3,R_1lrWlqblZ3mTGMR,63,f,1,1,1447.7999999523163,Dorms determined by gender identity,War on Drugs,-1,-1,3,5,4,1.4957354189243752,1,7,2,0.2617536983117657,-3,-1,-2,2,-2,2,2,-2,2,2,-2,0,Left,1.4477999999523163
3,R_1lrWlqblZ3mTGMR,64,f,1,1,1407.3999999761581,Safe injection locations,Physician-assisted suicide,-1,1,3,7,4,1.4957354189243752,-1,5,2,-0.9722280223008438,-3,-1,-2,4,2,2,2,-2,2,4,2,0,Left,1.4073999999761582
3,R_1lrWlqblZ3mTGMR,65,f,1,1,1596,Ban on research with animals,Dorms determined by gender identity,1,-1,1,3,4,0.2617536983117657,3,5,4,1.4957354189243752,1,-3,4,-2,-2,4,2,4,-4,-2,-2,0,Left,1.596
3,R_1lrWlqblZ3mTGMR,66,f,1,1,2350.5,Black Lives Matter,Climate change legislation,1,-1,3,7,4,1.4957354189243752,3,8,4,1.4957354189243752,3,-3,6,0,-1,6,1,6,-6,0,-1,0,Left,2.3505
3,R_1lrWlqblZ3mTGMR,67,f,1,1,9657.399999976158,Defund the police,Black Lives Matter,1,-1,-2,6,3,-1.5892188826071485,3,7,4,1.4957354189243752,-2,-3,1,-5,-1,1,1,1,-1,-5,-1,0,Left,9.657399999976159
3,R_1lrWlqblZ3mTGMR,68,f,1,1,1683.5,Mask mandates,Dorms determined by gender identity,-1,-1,1,4,3,0.2617536983117657,3,5,4,1.4957354189243752,-1,-3,2,-2,-1,2,1,2,-2,-2,-1,0,Left,1.6835
3,R_1lrWlqblZ3mTGMR,69,f,1,1,1435.3999999761581,U.S. drone strikes in Afghanistan,Mandatory training on sexual consent,1,-1,3,5,4,1.4957354189243752,0,6,2,-0.35523716199453903,3,-0,3,3,-1,3,1,3,-3,3,-1,0,Left,1.4353999999761582
3,R_1lrWlqblZ3mTGMR,70,f,1,1,1310.5,Abolishing fraternities,Black Lives Matter,1,1,0,5,1,-0.35523716199453903,3,7,4,1.4957354189243752,0,3,-3,-3,-2,3,2,-3,3,-3,-2,0,Left,1.3105
3,R_1lrWlqblZ3mTGMR,71,j,2,0,909.3999999761581,Allow alt-right speakers on campus,Dorms determined by gender identity,1,1,2,3,3,0.8787445586180704,3,5,4,1.4957354189243752,2,3,1,1,2,1,2,-1,1,-1,-2,1,Right,0.9093999999761582
3,R_1lrWlqblZ3mTGMR,72,f,1,1,2037.4000000953674,Black Lives Matter,Mandatory training on sexual consent,1,1,3,7,4,1.4957354189243752,0,6,2,-0.35523716199453903,3,0,3,3,1,3,1,3,-3,3,1,0,Left,2.0374000000953676
3,R_1lrWlqblZ3mTGMR,73,f,1,1,1546.3999999761581,Bathrooms restricted based on biological sex,Safe injection locations,-1,1,2,5,4,0.8787445586180704,3,7,4,1.4957354189243752,-2,3,-5,-1,-2,5,2,-5,5,-1,-2,0,Left,1.5463999999761582
3,R_1lrWlqblZ3mTGMR,74,f,1,1,1130.6000000238419,Ban on ethnic Halloween costumes,Dorms determined by gender identity,1,-1,0,4,2,-0.35523716199453903,3,5,4,1.4957354189243752,0,-3,3,-3,-1,3,1,3,-3,-3,-1,0,Left,1.1306000000238419
3,R_1lrWlqblZ3mTGMR,75,f,1,1,405.7999999523163,Build southern border wall,Black Lives Matter,-1,-1,2,3,4,0.8787445586180704,3,7,4,1.4957354189243752,-2,-3,1,-1,-4,1,4,1,-1,-1,-4,0,Left,0.4057999999523163
3,R_1lrWlqblZ3mTGMR,76,f,1,1,1661.3000000715256,Safe injection locations,Defund Planned Parenthood,1,-1,3,7,4,1.4957354189243752,0,3,3,-0.35523716199453903,3,-0,3,3,4,3,4,3,-3,3,4,0,Left,1.6613000000715257
3,R_1lrWlqblZ3mTGMR,77,j,2,0,1257.8000000715256,Mask mandates,Black Lives Matter,1,1,1,4,3,0.2617536983117657,3,7,4,1.4957354189243752,1,3,2,2,3,2,3,-2,2,-2,-3,1,Right,1.2578000000715255
3,R_1lrWlqblZ3mTGMR,78,j,2,0,2372.7000000476837,Religious exemptions for discrimination laws,Raise the minimum wage,1,-1,-3,5,2,-2.2062097429134533,2,5,4,0.8787445586180704,-3,-2,1,5,0,1,0,-1,1,-5,0,1,Right,2.3727000000476837
3,R_1lrWlqblZ3mTGMR,79,f,1,1,1885.6999999284744,U.S. drone strikes in Afghanistan,Allow alt-right speakers on campus,-1,1,3,5,4,1.4957354189243752,2,3,3,0.8787445586180704,-3,2,-5,1,2,5,2,-5,5,1,2,0,Left,1.8856999999284745
3,R_1lrWlqblZ3mTGMR,80,f,1,1,1577.8999999761581,Safe injection locations,Ban on research with animals,-1,-1,3,7,4,1.4957354189243752,1,3,4,0.2617536983117657,-3,-1,-2,2,4,2,4,-2,2,2,4,0,Left,1.577899999976158
3,R_1lrWlqblZ3mTGMR,81,j,2,0,2307.8000000715256,Dorms determined by gender identity,Recognize Jerusalem as capital of Israel,-1,1,3,5,4,1.4957354189243752,0,5,1,-0.35523716199453903,-3,0,3,-3,0,3,0,-3,3,3,0,1,Right,2.3078000000715257
3,R_1lrWlqblZ3mTGMR,82,f,1,1,1229.1000000238419,Black Lives Matter,Climate change legislation,-1,1,3,7,4,1.4957354189243752,3,8,4,1.4957354189243752,-3,3,-6,0,-1,6,1,-6,6,0,-1,0,Left,1.229100000023842
3,R_1lrWlqblZ3mTGMR,83,f,1,1,1068.1999999284744,Lift COVID lockdowns,Safe injection locations,-1,-1,-1,7,2,-0.9722280223008438,3,7,4,1.4957354189243752,1,-3,4,-4,0,4,0,4,-4,-4,0,0,Left,1.0681999999284744
3,R_1lrWlqblZ3mTGMR,84,j,2,0,1218.1000000238419,"Boycott, Divest, and Sanction Israel",U.S. drone strikes in Afghanistan,1,1,2,5,3,0.8787445586180704,3,5,4,1.4957354189243752,2,3,1,1,0,1,0,-1,1,-1,0,1,Right,1.2181000000238418
3,R_1lrWlqblZ3mTGMR,85,j,2,0,2521,Black Lives Matter,Religious exemptions for discrimination laws,1,-1,3,7,4,1.4957354189243752,-3,5,2,-2.2062097429134533,3,3,0,-6,-2,0,2,0,0,6,2,1,Right,2.521
3,R_1lrWlqblZ3mTGMR,86,j,2,0,1388.7000000476837,Religious exemptions for discrimination laws,Mask mandates,-1,1,-3,5,2,-2.2062097429134533,1,4,3,0.2617536983117657,3,1,-2,4,-1,2,1,2,-2,-4,1,1,Right,1.3887000000476837
3,R_1lrWlqblZ3mTGMR,87,j,2,0,1524.3000000715256,Allow alt-right speakers on campus,Dorms determined by gender identity,-1,-1,2,3,3,0.8787445586180704,3,5,4,1.4957354189243752,-2,-3,-1,1,2,1,2,1,-1,-1,-2,1,Right,1.5243000000715257
3,R_1lrWlqblZ3mTGMR,88,j,2,0,1180.7000000476837,Dorms determined by gender identity,Lift COVID lockdowns,-1,-1,3,5,4,1.4957354189243752,-1,7,2,-0.9722280223008438,-3,1,4,-4,2,4,2,-4,4,4,-2,1,Right,1.1807000000476837
3,R_1lrWlqblZ3mTGMR,89,j,2,0,1180.7000000476837,Dorms determined by gender identity,Legalization of marijuana,-1,-1,3,5,4,1.4957354189243752,-2,8,1,-1.5892188826071485,-3,2,5,-5,3,5,3,-5,5,5,-3,1,Right,1.1807000000476837
3,R_1lrWlqblZ3mTGMR,90,f,1,1,2420.899999976158,U.S. drone strikes in Afghanistan,Abortion rights,-1,-1,3,5,4,1.4957354189243752,2,4,4,0.8787445586180704,-3,-2,-1,1,1,1,1,-1,1,1,1,0,Left,2.4208999999761582
3,R_1lrWlqblZ3mTGMR,91,f,1,1,1079.8000000715256,Defund the police,U.S. drone strikes in Afghanistan,-1,-1,-2,6,3,-1.5892188826071485,3,5,4,1.4957354189243752,2,-3,5,-5,1,5,1,5,-5,-5,1,0,Left,1.0798000000715255
3,R_1lrWlqblZ3mTGMR,92,f,1,1,2292067.7999999523,Dorms determined by gender identity,Allow alt-right speakers on campus,1,-1,3,5,4,1.4957354189243752,2,3,3,0.8787445586180704,3,-2,5,1,2,5,2,5,-5,1,2,0,Left,2292.0677999999525
3,R_1lrWlqblZ3mTGMR,93,j,2,0,113.29999995231628,Religious exemptions for discrimination laws,Legalization of marijuana,-1,1,-3,5,2,-2.2062097429134533,-2,8,1,-1.5892188826071485,3,-2,-5,1,3,5,3,5,-5,-1,-3,1,Right,0.11329999995231628
3,R_1lrWlqblZ3mTGMR,94,f,1,1,191.39999997615814,Ban on research with animals,U.S. drone strikes in Afghanistan,-1,-1,1,3,4,0.2617536983117657,3,5,4,1.4957354189243752,-1,-3,2,-2,-2,2,2,2,-2,-2,-2,0,Left,0.19139999997615814
3,R_1lrWlqblZ3mTGMR,95,f,1,1,1592.8999999761581,Safe injection locations,Abortion rights,1,-1,3,7,4,1.4957354189243752,2,4,4,0.8787445586180704,3,-2,5,1,3,5,3,5,-5,1,3,0,Left,1.5928999999761582
3,R_1lrWlqblZ3mTGMR,96,f,1,1,738783.7999999523,Religious exemptions for discrimination laws,Tuition increases,-1,1,-3,5,2,-2.2062097429134533,-1,5,2,-0.9722280223008438,3,-1,4,-2,0,4,0,4,-4,-2,0,0,Left,738.7837999999523
3,R_1lrWlqblZ3mTGMR,97,f,1,1,118.39999997615814,Black Lives Matter,Climate change legislation,1,1,3,7,4,1.4957354189243752,3,8,4,1.4957354189243752,3,3,0,0,-1,0,1,0,0,0,-1,0,Left,0.11839999997615815
3,R_1lrWlqblZ3mTGMR,98,f,1,1,134.80000007152557,Safe injection locations,Physician-assisted suicide,-1,-1,3,7,4,1.4957354189243752,-1,5,2,-0.9722280223008438,-3,1,-4,4,2,4,2,-4,4,4,2,0,Left,0.13480000007152557
3,R_1lrWlqblZ3mTGMR,99,f,1,1,130.30000007152557,Abortion rights,Black Lives Matter,1,-1,2,4,4,0.8787445586180704,3,7,4,1.4957354189243752,2,-3,5,-1,-3,5,3,5,-5,-1,-3,0,Left,0.13030000007152556
3,R_1lrWlqblZ3mTGMR,100,j,2,0,15.199999928474426,Religious exemptions for discrimination laws,Climate change legislation,-1,1,-3,5,2,-2.2062097429134533,3,8,4,1.4957354189243752,3,3,0,6,3,0,3,0,0,-6,-3,1,Right,0.015199999928474426
23,R_8pQnbYPPeamBQ2J,1,f,1,1,2656.7000000476837,Religious exemptions for discrimination laws,Stop police brutality,-1,-1,0,0,1,-0.3518989217530848,3,8,3,0.8992972444801055,-0,-3,3,-3,-8,3,8,3,-3,-3,-8,0,Left,2.656700000047684
23,R_8pQnbYPPeamBQ2J,2,j,2,0,3660.900000035763,Tuition increases,Hardening schools/Arming teachers,1,1,-3,6,2,-1.603095087986275,-3,7,1,-1.603095087986275,-3,-3,0,0,1,0,1,0,0,0,-1,1,Right,3.6609000000357628
23,R_8pQnbYPPeamBQ2J,3,j,2,0,4042.800000011921,Mandatory vaccinations,Ban on research with animals,-1,1,3,8,2,0.8992972444801055,0,4,1,-0.3518989217530848,-3,0,3,-3,-4,3,4,-3,3,3,4,1,Right,4.042800000011921
23,R_8pQnbYPPeamBQ2J,4,j,2,0,6056.099999964237,U.S. drone strikes in Afghanistan,Hardening schools/Arming teachers,1,-1,2,4,1,0.48223185573570876,-3,7,1,-1.603095087986275,2,3,1,-5,3,1,3,-1,1,5,-3,1,Right,6.056099999964237
23,R_8pQnbYPPeamBQ2J,5,f,1,1,8103.099999964237,Tuition increases,Hardening schools/Arming teachers,-1,-1,-3,6,2,-1.603095087986275,-3,7,1,-1.603095087986275,3,3,0,0,-1,0,1,0,0,0,-1,0,Left,8.103099999964238
23,R_8pQnbYPPeamBQ2J,6,j,2,0,4446.5,Affirmative action,Tuition increases,1,-1,1,3,2,0.065166466991312,-3,6,2,-1.603095087986275,1,3,2,-4,3,2,3,-2,2,4,-3,1,Right,4.4465
23,R_8pQnbYPPeamBQ2J,7,j,2,0,4220.399999976158,University Campus should be a Sanctuary,Tuition increases,-1,-1,1,4,1,0.065166466991312,-3,6,2,-1.603095087986275,-1,3,4,-4,2,4,2,-4,4,4,-2,1,Right,4.220399999976158
23,R_8pQnbYPPeamBQ2J,8,j,2,0,3246.599999964237,Hardening schools/Arming teachers,Tuition increases,1,-1,-3,7,1,-1.603095087986275,-3,6,2,-1.603095087986275,-3,3,6,0,-1,6,1,-6,6,0,1,1,Right,3.2465999999642374
23,R_8pQnbYPPeamBQ2J,9,j,2,0,1953.4000000357628,Mandatory drug tests for welfare recipients,Tuition increases,1,-1,-3,8,2,-1.603095087986275,-3,6,2,-1.603095087986275,-3,3,6,0,-2,6,2,-6,6,0,2,1,Right,1.9534000000357628
23,R_8pQnbYPPeamBQ2J,10,f,1,1,6589.699999988079,Black Lives Matter,Tuition increases,1,-1,2,6,2,0.48223185573570876,-3,6,2,-1.603095087986275,2,3,-1,5,0,1,0,-1,1,5,0,0,Left,6.589699999988079
23,R_8pQnbYPPeamBQ2J,11,f,1,1,2168.5,Mandatory trigger warnings,Hardening schools/Arming teachers,-1,1,0,2,1,-0.3518989217530848,-3,7,1,-1.603095087986275,-0,-3,3,3,-5,3,5,3,-3,3,-5,0,Left,2.1685
23,R_8pQnbYPPeamBQ2J,12,j,2,0,4539.800000011921,Abolishing fraternities,Mandatory vaccinations,-1,1,2,6,1,0.48223185573570876,3,8,2,0.8992972444801055,-2,3,5,1,2,5,2,-5,5,-1,-2,1,Right,4.539800000011921
23,R_8pQnbYPPeamBQ2J,13,f,1,1,4322.600000023842,Hardening schools/Arming teachers,Cuts to National Parks budget,-1,1,-3,7,1,-1.603095087986275,-2,4,1,-1.1860296992418784,3,-2,5,-1,3,5,3,5,-5,-1,3,0,Left,4.322600000023842
23,R_8pQnbYPPeamBQ2J,14,f,1,1,3891.7999999523163,University Campus should be a Sanctuary,Mandatory drug tests for welfare recipients,1,-1,1,4,1,0.065166466991312,-3,8,2,-1.603095087986275,1,3,-2,4,-4,2,4,-2,2,4,-4,0,Left,3.8917999999523163
23,R_8pQnbYPPeamBQ2J,15,j,2,0,7747.899999976158,Hardening schools/Arming teachers,Affirmative action,1,-1,-3,7,1,-1.603095087986275,1,3,2,0.065166466991312,-3,-1,2,4,-4,2,4,-2,2,-4,4,1,Right,7.747899999976158
23,R_8pQnbYPPeamBQ2J,16,j,2,0,3698.7000000476837,Abortion rights,Tuition increases,1,-1,2,5,2,0.48223185573570876,-3,6,2,-1.603095087986275,2,3,1,-5,1,1,1,-1,1,5,-1,1,Right,3.6987000000476837
23,R_8pQnbYPPeamBQ2J,17,j,2,0,1798.1000000238419,Hardening schools/Arming teachers,Abortion rights,1,1,-3,7,1,-1.603095087986275,2,5,2,0.48223185573570876,-3,2,5,5,-2,5,2,-5,5,-5,2,1,Right,1.7981000000238418
23,R_8pQnbYPPeamBQ2J,18,j,2,0,1814,Remove police from schools,Tuition increases,-1,-1,-3,2,1,-1.603095087986275,-3,6,2,-1.603095087986275,3,3,0,0,4,0,4,0,0,0,-4,1,Right,1.814
23,R_8pQnbYPPeamBQ2J,19,j,2,0,3322,Religious exemptions for discrimination laws,Mandatory drug tests for welfare recipients,-1,-1,0,0,1,-0.3518989217530848,-3,8,2,-1.603095087986275,-0,3,3,-3,8,3,8,-3,3,3,-8,1,Right,3.322
23,R_8pQnbYPPeamBQ2J,20,f,1,1,1962.300000011921,Tuition increases,Abortion rights,-1,-1,-3,6,2,-1.603095087986275,2,5,2,0.48223185573570876,3,-2,5,-5,1,5,1,5,-5,-5,1,0,Left,1.9623000000119208
23,R_8pQnbYPPeamBQ2J,21,j,2,0,5524.5,Defund the police,Hardening schools/Arming teachers,-1,-1,3,8,3,0.8992972444801055,-3,7,1,-1.603095087986275,-3,3,6,-6,-1,6,1,-6,6,6,1,1,Right,5.5245
23,R_8pQnbYPPeamBQ2J,22,f,1,1,4154.199999988079,Hardening schools/Arming teachers,Affirmative action,-1,-1,-3,7,1,-1.603095087986275,1,3,2,0.065166466991312,3,-1,4,-4,4,4,4,4,-4,-4,4,0,Left,4.154199999988079
23,R_8pQnbYPPeamBQ2J,23,f,1,1,4140.300000011921,Mandatory vaccinations,U.S. drone strikes in Afghanistan,-1,1,3,8,2,0.8992972444801055,2,4,1,0.48223185573570876,-3,2,-5,1,4,5,4,-5,5,1,4,0,Left,4.140300000011921
23,R_8pQnbYPPeamBQ2J,24,j,2,0,2177.100000023842,Ban on research with animals,Tuition increases,1,-1,0,4,1,-0.3518989217530848,-3,6,2,-1.603095087986275,0,3,3,-3,2,3,2,-3,3,3,-2,1,Right,2.177100000023842
23,R_8pQnbYPPeamBQ2J,25,j,2,0,3557.199999988079,Tuition increases,Cuts to National Parks budget,1,-1,-3,6,2,-1.603095087986275,-2,4,1,-1.1860296992418784,-3,2,5,1,-2,5,2,-5,5,-1,2,1,Right,3.5571999999880792
23,R_8pQnbYPPeamBQ2J,26,j,2,0,2030.1000000238419,University Campus should be a Sanctuary,Tuition increases,1,-1,1,4,1,0.065166466991312,-3,6,2,-1.603095087986275,1,3,2,-4,2,2,2,-2,2,4,-2,1,Right,2.030100000023842
23,R_8pQnbYPPeamBQ2J,27,j,2,0,5644.699999988079,Hardening schools/Arming teachers,Gun-free campus police,1,-1,-3,7,1,-1.603095087986275,2,6,1,0.48223185573570876,-3,-2,1,5,-1,1,1,-1,1,-5,1,1,Right,5.644699999988079
23,R_8pQnbYPPeamBQ2J,28,j,2,0,6523.600000023842,Dorms determined by gender identity,Stop police brutality,1,1,0,2,1,-0.3518989217530848,3,8,3,0.8992972444801055,0,3,3,3,6,3,6,-3,3,-3,-6,1,Right,6.523600000023841
23,R_8pQnbYPPeamBQ2J,29,j,2,0,2175.7999999523163,Hardening schools/Arming teachers,Hardening schools/Arming teachers,1,-1,-3,7,1,-1.603095087986275,-3,7,1,-1.603095087986275,-3,3,6,0,0,6,0,-6,6,0,0,1,Right,2.175799999952316
23,R_8pQnbYPPeamBQ2J,30,j,2,0,6252.100000023842,Remove police from schools,Mandatory drug tests for welfare recipients,1,-1,-3,2,1,-1.603095087986275,-3,8,2,-1.603095087986275,-3,3,6,0,6,6,6,-6,6,0,-6,1,Right,6.252100000023842
23,R_8pQnbYPPeamBQ2J,31,f,1,1,1733.9000000357628,U.S. drone strikes in Afghanistan,Hardening schools/Arming teachers,1,1,2,4,1,0.48223185573570876,-3,7,1,-1.603095087986275,2,-3,5,5,-3,5,3,5,-5,5,-3,0,Left,1.7339000000357627
23,R_8pQnbYPPeamBQ2J,32,j,2,0,1691.0999999642372,Religious exemptions for discrimination laws,Hardening schools/Arming teachers,1,-1,0,0,1,-0.3518989217530848,-3,7,1,-1.603095087986275,0,3,3,-3,7,3,7,-3,3,3,-7,1,Right,1.6910999999642373
23,R_8pQnbYPPeamBQ2J,33,j,2,0,4763.800000011921,Tuition increases,Cuts to National Parks budget,1,1,-3,6,2,-1.603095087986275,-2,4,1,-1.1860296992418784,-3,-2,1,1,-2,1,2,-1,1,-1,2,1,Right,4.763800000011921
23,R_8pQnbYPPeamBQ2J,34,f,1,1,2633.800000011921,Affirmative action,Allow alt-right speakers on campus,-1,1,1,3,2,0.065166466991312,-3,8,1,-1.603095087986275,-1,-3,2,4,-5,2,5,2,-2,4,-5,0,Left,2.633800000011921
23,R_8pQnbYPPeamBQ2J,35,j,2,0,1816.1000000238419,Religious exemptions for discrimination laws,Tuition increases,-1,-1,0,0,1,-0.3518989217530848,-3,6,2,-1.603095087986275,-0,3,3,-3,6,3,6,-3,3,3,-6,1,Right,1.8161000000238419
23,R_8pQnbYPPeamBQ2J,36,f,1,1,6599.5,Hardening schools/Arming teachers,Ban on research with animals,1,1,-3,7,1,-1.603095087986275,0,4,1,-0.3518989217530848,-3,0,-3,-3,3,3,3,-3,3,-3,3,0,Left,6.5995
23,R_8pQnbYPPeamBQ2J,37,f,1,1,1493.6000000238419,Hardening schools/Arming teachers,Remove police from schools,-1,1,-3,7,1,-1.603095087986275,-3,2,1,-1.603095087986275,3,-3,6,0,5,6,5,6,-6,0,5,0,Left,1.4936000000238419
23,R_8pQnbYPPeamBQ2J,38,f,1,1,2784.400000035763,Climate change legislation,Abortion rights,1,-1,3,8,1,0.8992972444801055,2,5,2,0.48223185573570876,3,-2,5,1,3,5,3,5,-5,1,3,0,Left,2.7844000000357627
23,R_8pQnbYPPeamBQ2J,39,j,2,0,2952.800000011921,Remove police from schools,Hardening schools/Arming teachers,-1,-1,-3,2,1,-1.603095087986275,-3,7,1,-1.603095087986275,3,3,0,0,5,0,5,0,0,0,-5,1,Right,2.952800000011921
23,R_8pQnbYPPeamBQ2J,40,f,1,1,3133.300000011921,Hardening schools/Arming teachers,University Campus should be a Sanctuary,1,-1,-3,7,1,-1.603095087986275,1,4,1,0.065166466991312,-3,-1,-2,-4,3,2,3,-2,2,-4,3,0,Left,3.133300000011921
23,R_8pQnbYPPeamBQ2J,41,f,1,1,1737.800000011921,Tuition increases,Remove police from schools,-1,1,-3,6,2,-1.603095087986275,-3,2,1,-1.603095087986275,3,-3,6,0,4,6,4,6,-6,0,4,0,Left,1.737800000011921
23,R_8pQnbYPPeamBQ2J,42,j,2,0,6423.199999988079,Abortion rights,Tuition increases,-1,1,2,5,2,0.48223185573570876,-3,6,2,-1.603095087986275,-2,-3,-1,-5,1,1,1,1,-1,5,-1,1,Right,6.423199999988079
23,R_8pQnbYPPeamBQ2J,43,f,1,1,994.1999999880791,Hardening schools/Arming teachers,Tuition increases,-1,1,-3,7,1,-1.603095087986275,-3,6,2,-1.603095087986275,3,-3,6,0,1,6,1,6,-6,0,1,0,Left,0.9941999999880791
23,R_8pQnbYPPeamBQ2J,44,f,1,1,1292.300000011921,Stop police brutality,Ban on research with animals,1,-1,3,8,3,0.8992972444801055,0,4,1,-0.3518989217530848,3,-0,3,3,4,3,4,3,-3,3,4,0,Left,1.292300000011921
23,R_8pQnbYPPeamBQ2J,45,j,2,0,3297.900000035763,Affirmative action,Remove public Confederate memorials,1,1,1,3,2,0.065166466991312,3,8,3,0.8992972444801055,1,3,2,2,5,2,5,-2,2,-2,-5,1,Right,3.297900000035763
23,R_8pQnbYPPeamBQ2J,46,j,2,0,1704.5,U.S. drone strikes in Afghanistan,Climate change legislation,-1,1,2,4,1,0.48223185573570876,3,8,1,0.8992972444801055,-2,3,5,1,4,5,4,-5,5,-1,-4,1,Right,1.7045
23,R_8pQnbYPPeamBQ2J,47,f,1,1,1218.800000011921,Tuition increases,Tuition increases,-1,1,-3,6,2,-1.603095087986275,-3,6,2,-1.603095087986275,3,-3,6,0,0,6,0,6,-6,0,0,0,Left,1.218800000011921
23,R_8pQnbYPPeamBQ2J,48,f,1,1,923.6000000238419,Climate change legislation,Tuition increases,1,-1,3,8,1,0.8992972444801055,-3,6,2,-1.603095087986275,3,3,0,6,2,0,2,0,0,6,2,0,Left,0.9236000000238419
23,R_8pQnbYPPeamBQ2J,49,f,1,1,957.9000000357628,Tuition increases,U.S. drone strikes in Afghanistan,-1,-1,-3,6,2,-1.603095087986275,2,4,1,0.48223185573570876,3,-2,5,-5,2,5,2,5,-5,-5,2,0,Left,0.9579000000357628
23,R_8pQnbYPPeamBQ2J,50,f,1,1,1814.1000000238419,Hardening schools/Arming teachers,Abortion rights,1,-1,-3,7,1,-1.603095087986275,2,5,2,0.48223185573570876,-3,-2,-1,-5,2,1,2,-1,1,-5,2,0,Left,1.8141000000238419
23,R_8pQnbYPPeamBQ2J,51,f,1,1,1467.5,Remove public Confederate memorials,Affirmative action,1,-1,3,8,3,0.8992972444801055,1,3,2,0.065166466991312,3,-1,4,2,5,4,5,4,-4,2,5,0,Left,1.4675
23,R_8pQnbYPPeamBQ2J,52,j,2,0,1930.5,Hardening schools/Arming teachers,Affirmative action,-1,1,-3,7,1,-1.603095087986275,1,3,2,0.065166466991312,3,1,-2,4,-4,2,4,2,-2,-4,4,1,Right,1.9305
23,R_8pQnbYPPeamBQ2J,53,f,1,1,1285,Tuition increases,Abolishing fraternities,-1,-1,-3,6,2,-1.603095087986275,2,6,1,0.48223185573570876,3,-2,5,-5,0,5,0,5,-5,-5,0,0,Left,1.285
23,R_8pQnbYPPeamBQ2J,54,f,1,1,2543.699999988079,U.S. drone strikes in Afghanistan,Lift COVID lockdowns,-1,1,2,4,1,0.48223185573570876,-3,8,1,-1.603095087986275,-2,-3,1,5,-4,1,4,1,-1,5,-4,0,Left,2.543699999988079
23,R_8pQnbYPPeamBQ2J,55,j,2,0,1553.1000000238419,Abortion rights,Mandatory vaccinations,1,1,2,5,2,0.48223185573570876,3,8,2,0.8992972444801055,2,3,1,1,3,1,3,-1,1,-1,-3,1,Right,1.553100000023842
23,R_8pQnbYPPeamBQ2J,56,f,1,1,3394.5,Abolishing private prisons,Remove police from schools,1,-1,3,8,2,0.8992972444801055,-3,2,1,-1.603095087986275,3,3,0,6,6,0,6,0,0,6,6,0,Left,3.3945
23,R_8pQnbYPPeamBQ2J,57,j,2,0,3492,Mandatory drug tests for welfare recipients,Remove police from schools,1,-1,-3,8,2,-1.603095087986275,-3,2,1,-1.603095087986275,-3,3,6,0,-6,6,6,-6,6,0,6,1,Right,3.492
23,R_8pQnbYPPeamBQ2J,58,f,1,1,3170.800000011921,Hardening schools/Arming teachers,Gun-free campus police,-1,-1,-3,7,1,-1.603095087986275,2,6,1,0.48223185573570876,3,-2,5,-5,1,5,1,5,-5,-5,1,0,Left,3.170800000011921
23,R_8pQnbYPPeamBQ2J,59,f,1,1,5371.800000011921,Abortion rights,Raise the minimum wage,-1,-1,2,5,2,0.48223185573570876,3,8,3,0.8992972444801055,-2,-3,1,-1,-3,1,3,1,-1,-1,-3,0,Left,5.371800000011921
23,R_8pQnbYPPeamBQ2J,60,f,1,1,2756.600000023842,Remove police from schools,Defund the police,1,-1,-3,2,1,-1.603095087986275,3,8,3,0.8992972444801055,-3,-3,0,-6,-6,0,6,0,0,-6,-6,0,Left,2.756600000023842
23,R_8pQnbYPPeamBQ2J,61,f,1,1,2515.699999988079,On campus concealed carry,Tuition increases,1,1,2,6,1,0.48223185573570876,-3,6,2,-1.603095087986275,2,-3,5,5,0,5,0,5,-5,5,0,0,Left,2.515699999988079
23,R_8pQnbYPPeamBQ2J,62,j,2,0,3763.099999964237,Mandatory vaccinations,Mandatory training on sexual consent,-1,1,3,8,2,0.8992972444801055,3,8,2,0.8992972444801055,-3,3,6,0,0,6,0,-6,6,0,0,1,Right,3.763099999964237
23,R_8pQnbYPPeamBQ2J,63,f,1,1,1768.3999999761581,Abolishing private prisons,Hardening schools/Arming teachers,1,1,3,8,2,0.8992972444801055,-3,7,1,-1.603095087986275,3,-3,6,6,1,6,1,6,-6,6,1,0,Left,1.7683999999761582
23,R_8pQnbYPPeamBQ2J,64,f,1,1,1685.0999999642372,Tuition increases,Mandatory trigger warnings,-1,1,-3,6,2,-1.603095087986275,0,2,1,-0.3518989217530848,3,0,3,-3,4,3,4,3,-3,-3,4,0,Left,1.6850999999642373
23,R_8pQnbYPPeamBQ2J,65,f,1,1,4252.299999952316,University Campus should be a Sanctuary,Stop police brutality,1,-1,1,4,1,0.065166466991312,3,8,3,0.8992972444801055,1,-3,4,-2,-4,4,4,4,-4,-2,-4,0,Left,4.252299999952316
23,R_8pQnbYPPeamBQ2J,66,f,1,1,2487,U.S. drone strikes in Afghanistan,Hardening schools/Arming teachers,-1,1,2,4,1,0.48223185573570876,-3,7,1,-1.603095087986275,-2,-3,1,5,-3,1,3,1,-1,5,-3,0,Left,2.487
23,R_8pQnbYPPeamBQ2J,67,j,2,0,1293.5,Hardening schools/Arming teachers,Black Lives Matter,-1,1,-3,7,1,-1.603095087986275,2,6,2,0.48223185573570876,3,2,-1,5,-1,1,1,1,-1,-5,1,1,Right,1.2935
23,R_8pQnbYPPeamBQ2J,68,f,1,1,2668,Religious exemptions for discrimination laws,Hardening schools/Arming teachers,-1,1,0,0,1,-0.3518989217530848,-3,7,1,-1.603095087986275,-0,-3,3,3,-7,3,7,3,-3,3,-7,0,Left,2.668
23,R_8pQnbYPPeamBQ2J,69,j,2,0,2317.100000023842,Ban on research with animals,Hardening schools/Arming teachers,-1,-1,0,4,1,-0.3518989217530848,-3,7,1,-1.603095087986275,-0,3,3,-3,3,3,3,-3,3,3,-3,1,Right,2.3171000000238418
23,R_8pQnbYPPeamBQ2J,70,f,1,1,2176.099999964237,Allow alt-right speakers on campus,Tuition increases,-1,1,-3,8,1,-1.603095087986275,-3,6,2,-1.603095087986275,3,-3,6,0,2,6,2,6,-6,0,2,0,Left,2.1760999999642374
23,R_8pQnbYPPeamBQ2J,71,f,1,1,2186.100000023842,Lift COVID lockdowns,Gun-free campus police,-1,1,-3,8,1,-1.603095087986275,2,6,1,0.48223185573570876,3,2,1,-5,2,1,2,1,-1,-5,2,0,Left,2.186100000023842
23,R_8pQnbYPPeamBQ2J,72,f,1,1,1408.9000000357628,University Campus should be a Sanctuary,Hardening schools/Arming teachers,1,1,1,4,1,0.065166466991312,-3,7,1,-1.603095087986275,1,-3,4,4,-3,4,3,4,-4,4,-3,0,Left,1.4089000000357628
23,R_8pQnbYPPeamBQ2J,73,j,2,0,1944.9000000357628,Raise the minimum wage,Gun-free campus police,-1,1,3,8,3,0.8992972444801055,2,6,1,0.48223185573570876,-3,2,5,-1,-2,5,2,-5,5,1,2,1,Right,1.9449000000357628
23,R_8pQnbYPPeamBQ2J,74,j,2,0,1179.300000011921,U.S. drone strikes in Afghanistan,Tuition increases,1,-1,2,4,1,0.48223185573570876,-3,6,2,-1.603095087986275,2,3,1,-5,2,1,2,-1,1,5,-2,1,Right,1.179300000011921
23,R_8pQnbYPPeamBQ2J,75,j,2,0,1577.699999988079,University Campus should be a Sanctuary,Hardening schools/Arming teachers,1,-1,1,4,1,0.065166466991312,-3,7,1,-1.603095087986275,1,3,2,-4,3,2,3,-2,2,4,-3,1,Right,1.577699999988079
23,R_8pQnbYPPeamBQ2J,76,j,2,0,2997.300000011921,Hardening schools/Arming teachers,On campus concealed carry,1,1,-3,7,1,-1.603095087986275,2,6,1,0.48223185573570876,-3,2,5,5,-1,5,1,-5,5,-5,1,1,Right,2.9973000000119208
23,R_8pQnbYPPeamBQ2J,77,j,2,0,2076.7000000476837,On campus concealed carry,Remove public Confederate memorials,-1,-1,2,6,1,0.48223185573570876,3,8,3,0.8992972444801055,-2,-3,-1,1,2,1,2,1,-1,-1,-2,1,Right,2.076700000047684
23,R_8pQnbYPPeamBQ2J,78,f,1,1,1692.800000011921,Remove police from schools,Tuition increases,1,1,-3,2,1,-1.603095087986275,-3,6,2,-1.603095087986275,-3,-3,0,0,-4,0,4,0,0,0,-4,0,Left,1.692800000011921
23,R_8pQnbYPPeamBQ2J,79,f,1,1,1360.699999988079,University Campus should be a Sanctuary,Tuition increases,-1,1,1,4,1,0.065166466991312,-3,6,2,-1.603095087986275,-1,-3,2,4,-2,2,2,2,-2,4,-2,0,Left,1.3606999999880791
23,R_8pQnbYPPeamBQ2J,80,f,1,1,2123.600000023842,Tuition increases,Black Lives Matter,1,-1,-3,6,2,-1.603095087986275,2,6,2,0.48223185573570876,-3,-2,-1,-5,0,1,0,-1,1,-5,0,0,Left,2.123600000023842
23,R_8pQnbYPPeamBQ2J,81,j,2,0,1730.8999999761581,Tuition increases,Remove police from schools,1,-1,-3,6,2,-1.603095087986275,-3,2,1,-1.603095087986275,-3,3,6,0,-4,6,4,-6,6,0,4,1,Right,1.730899999976158
23,R_8pQnbYPPeamBQ2J,82,f,1,1,1918.5,Hardening schools/Arming teachers,Abortion rights,-1,1,-3,7,1,-1.603095087986275,2,5,2,0.48223185573570876,3,2,1,-5,2,1,2,1,-1,-5,2,0,Left,1.9185
23,R_8pQnbYPPeamBQ2J,83,f,1,1,2028.800000011921,University Campus should be a Sanctuary,Mandatory vaccinations,-1,-1,1,4,1,0.065166466991312,3,8,2,0.8992972444801055,-1,-3,2,-2,-4,2,4,2,-2,-2,-4,0,Left,2.028800000011921
23,R_8pQnbYPPeamBQ2J,84,f,1,1,1461.4000000357628,University Campus should be a Sanctuary,Tuition increases,1,1,1,4,1,0.065166466991312,-3,6,2,-1.603095087986275,1,-3,4,4,-2,4,2,4,-4,4,-2,0,Left,1.4614000000357628
23,R_8pQnbYPPeamBQ2J,85,j,2,0,1337,Affirmative action,Tuition increases,-1,-1,1,3,2,0.065166466991312,-3,6,2,-1.603095087986275,-1,3,4,-4,3,4,3,-4,4,4,-3,1,Right,1.337
23,R_8pQnbYPPeamBQ2J,86,f,1,1,1507.8999999761581,Hardening schools/Arming teachers,Abortion rights,-1,-1,-3,7,1,-1.603095087986275,2,5,2,0.48223185573570876,3,-2,5,-5,2,5,2,5,-5,-5,2,0,Left,1.5078999999761582
23,R_8pQnbYPPeamBQ2J,87,j,2,0,3096.900000035763,Detention of migrant children,Dorms determined by gender identity,1,-1,-3,8,2,-1.603095087986275,0,2,1,-0.3518989217530848,-3,-0,3,3,-6,3,6,-3,3,-3,6,1,Right,3.0969000000357627
23,R_8pQnbYPPeamBQ2J,88,j,2,0,1617.300000011921,U.S. drone strikes in Afghanistan,Mask mandates,1,1,2,4,1,0.48223185573570876,3,8,3,0.8992972444801055,2,3,1,1,4,1,4,-1,1,-1,-4,1,Right,1.6173000000119209
23,R_8pQnbYPPeamBQ2J,89,j,2,0,1030.0999999642372,Tuition increases,Stop police brutality,1,-1,-3,6,2,-1.603095087986275,3,8,3,0.8992972444801055,-3,-3,0,6,2,0,2,0,0,-6,-2,1,Right,1.0300999999642373
23,R_8pQnbYPPeamBQ2J,90,j,2,0,2478,Increased Gun regulations,Abortion rights,-1,1,3,8,2,0.8992972444801055,2,5,2,0.48223185573570876,-3,2,5,-1,-3,5,3,-5,5,1,3,1,Right,2.478
23,R_8pQnbYPPeamBQ2J,91,j,2,0,1851.699999988079,Hardening schools/Arming teachers,Mandatory drug tests for welfare recipients,1,1,-3,7,1,-1.603095087986275,-3,8,2,-1.603095087986275,-3,-3,0,0,1,0,1,0,0,0,-1,1,Right,1.851699999988079
23,R_8pQnbYPPeamBQ2J,92,j,2,0,1602.3999999761581,Tuition increases,Abortion rights,1,1,-3,6,2,-1.603095087986275,2,5,2,0.48223185573570876,-3,2,5,5,-1,5,1,-5,5,-5,1,1,Right,1.6023999999761582
23,R_8pQnbYPPeamBQ2J,93,j,2,0,1921.300000011921,Mandatory trigger warnings,Hardening schools/Arming teachers,-1,-1,0,2,1,-0.3518989217530848,-3,7,1,-1.603095087986275,-0,3,3,-3,5,3,5,-3,3,3,-5,1,Right,1.921300000011921
23,R_8pQnbYPPeamBQ2J,94,j,2,0,4933.300000011921,Hardening schools/Arming teachers,Remove police from schools,1,1,-3,7,1,-1.603095087986275,-3,2,1,-1.603095087986275,-3,-3,0,0,-5,0,5,0,0,0,5,1,Right,4.933300000011921
23,R_8pQnbYPPeamBQ2J,95,f,1,1,1932.6000000238419,Remove police from schools,Hardening schools/Arming teachers,-1,1,-3,2,1,-1.603095087986275,-3,7,1,-1.603095087986275,3,-3,6,0,-5,6,5,6,-6,0,-5,0,Left,1.932600000023842
23,R_8pQnbYPPeamBQ2J,96,j,2,0,3108.699999988079,Hardening schools/Arming teachers,Defund the police,-1,1,-3,7,1,-1.603095087986275,3,8,3,0.8992972444801055,3,3,0,6,1,0,1,0,0,-6,-1,1,Right,3.108699999988079
23,R_8pQnbYPPeamBQ2J,97,f,1,1,2359.800000011921,Mandatory drug tests for welfare recipients,University Campus should be a Sanctuary,-1,-1,-3,8,2,-1.603095087986275,1,4,1,0.065166466991312,3,-1,4,-4,4,4,4,4,-4,-4,4,0,Left,2.359800000011921
23,R_8pQnbYPPeamBQ2J,98,f,1,1,1857.1000000238419,Affirmative action,Hardening schools/Arming teachers,1,1,1,3,2,0.065166466991312,-3,7,1,-1.603095087986275,1,-3,4,4,-4,4,4,4,-4,4,-4,0,Left,1.8571000000238418
23,R_8pQnbYPPeamBQ2J,99,f,1,1,838.8000000119209,Hardening schools/Arming teachers,University Campus should be a Sanctuary,-1,-1,-3,7,1,-1.603095087986275,1,4,1,0.065166466991312,3,-1,4,-4,3,4,3,4,-4,-4,3,0,Left,0.8388000000119209
23,R_8pQnbYPPeamBQ2J,100,j,2,0,1184.5999999642372,Allow alt-right speakers on campus,Affirmative action,1,1,-3,8,1,-1.603095087986275,1,3,2,0.065166466991312,-3,1,4,4,-5,4,5,-4,4,-4,5,1,Right,1.1845999999642371
27,R_XuqSDM9IDdpxvhL,1,j,2,0,12851.200000047684,Mandatory vaccinations,Mandatory training on sexual consent,-1,-1,3,7,4,0.9596893642797127,3,8,2,0.9596893642797127,-3,-3,0,0,1,0,1,0,0,0,-1,1,Right,12.851200000047683
27,R_XuqSDM9IDdpxvhL,2,j,2,0,11098.899999976158,Mandatory trigger warnings,Mandatory vaccinations,-1,1,2,8,2,0.5466584986403428,3,7,4,0.9596893642797127,-2,3,5,1,-1,5,1,-5,5,-1,1,1,Right,11.098899999976158
27,R_XuqSDM9IDdpxvhL,3,j,2,0,10570.5,Abortion rights,Mandatory drug tests for welfare recipients,-1,1,3,8,4,0.9596893642797127,-2,5,2,-1.1054649639171374,-3,-2,1,-5,-3,1,3,-1,1,5,3,1,Right,10.5705
27,R_XuqSDM9IDdpxvhL,4,f,1,1,7262.800000071526,Black Lives Matter,Defund the police,1,-1,1,6,2,0.13362763300097275,-3,7,4,-1.5184958295565074,1,3,-2,4,-1,2,1,-2,2,4,-1,0,Left,7.262800000071525
27,R_XuqSDM9IDdpxvhL,5,j,2,0,7665.199999928474,Defund Planned Parenthood,Dorms determined by gender identity,1,1,-3,8,2,-1.5184958295565074,-3,2,1,-1.5184958295565074,-3,-3,0,0,-6,0,6,0,0,0,6,1,Right,7.665199999928475
27,R_XuqSDM9IDdpxvhL,6,f,1,1,5533,Mandatory vaccinations,Tuition increases,1,-1,3,7,4,0.9596893642797127,-3,4,2,-1.5184958295565074,3,3,0,6,3,0,3,0,0,6,3,0,Left,5.533
27,R_XuqSDM9IDdpxvhL,7,f,1,1,6546.100000023842,University Campus should be a Sanctuary,Defund the police,1,-1,-1,3,1,-0.6924340982777674,-3,7,4,-1.5184958295565074,-1,3,-4,2,-4,4,4,-4,4,2,-4,0,Left,6.546100000023842
27,R_XuqSDM9IDdpxvhL,8,f,1,1,3976.6999999284744,Abolishing private prisons,Defund the police,1,-1,2,4,2,0.5466584986403428,-3,7,4,-1.5184958295565074,2,3,-1,5,-3,1,3,-1,1,5,-3,0,Left,3.9766999999284742
27,R_XuqSDM9IDdpxvhL,9,f,1,1,5657.899999976158,Legalization of marijuana,Safe injection locations,1,1,3,7,4,0.9596893642797127,2,7,1,0.5466584986403428,3,2,1,1,0,1,0,1,-1,1,0,0,Left,5.657899999976158
27,R_XuqSDM9IDdpxvhL,10,f,1,1,4025.5999999046326,Mandatory vaccinations,Build southern border wall,1,-1,3,7,4,0.9596893642797127,3,4,4,0.9596893642797127,3,-3,6,0,3,6,3,6,-6,0,3,0,Left,4.025599999904633
27,R_XuqSDM9IDdpxvhL,11,f,1,1,3434.100000023842,Mandatory vaccinations,Student worker unionization,1,1,3,7,4,0.9596893642797127,2,8,1,0.5466584986403428,3,2,1,1,-1,1,1,1,-1,1,-1,0,Left,3.4341000000238417
27,R_XuqSDM9IDdpxvhL,12,j,2,0,6002.699999928474,Cuts to National Parks budget,Abolishing private prisons,1,1,-3,7,2,-1.5184958295565074,2,4,2,0.5466584986403428,-3,2,5,5,-3,5,3,-5,5,-5,3,1,Right,6.002699999928474
27,R_XuqSDM9IDdpxvhL,13,f,1,1,5344.100000023842,Stop police brutality,Student worker unionization,1,1,3,8,4,0.9596893642797127,2,8,1,0.5466584986403428,3,2,1,1,0,1,0,1,-1,1,0,0,Left,5.3441000000238414
27,R_XuqSDM9IDdpxvhL,14,f,1,1,5054.299999952316,Remove public Confederate memorials,Black Lives Matter,-1,1,3,8,4,0.9596893642797127,1,6,2,0.13362763300097275,-3,1,-4,2,2,4,2,-4,4,2,2,0,Left,5.054299999952316
27,R_XuqSDM9IDdpxvhL,15,j,2,0,2260.5,Dorms determined by gender identity,Mandatory vaccinations,-1,1,-3,2,1,-1.5184958295565074,3,7,4,0.9596893642797127,3,3,0,6,5,0,5,0,0,-6,-5,1,Right,2.2605
27,R_XuqSDM9IDdpxvhL,16,j,2,0,4991,Mask mandates,Mandatory vaccinations,-1,1,3,6,4,0.9596893642797127,3,7,4,0.9596893642797127,-3,3,6,0,1,6,1,-6,6,0,-1,1,Right,4.991
27,R_XuqSDM9IDdpxvhL,17,j,2,0,8372.700000047684,Abolishing private prisons,Religious exemptions for discrimination laws,1,-1,2,4,2,0.5466584986403428,-3,8,2,-1.5184958295565074,2,3,1,-5,4,1,4,-1,1,5,-4,1,Right,8.372700000047685
27,R_XuqSDM9IDdpxvhL,18,j,2,0,4766.400000095367,Mandatory vaccinations,Increased Gun regulations,-1,-1,3,7,4,0.9596893642797127,3,5,4,0.9596893642797127,-3,-3,0,0,-2,0,2,0,0,0,2,1,Right,4.766400000095367
27,R_XuqSDM9IDdpxvhL,19,j,2,0,6578.899999976158,Defund the police,Dorms determined by gender identity,-1,1,-3,7,4,-1.5184958295565074,-3,2,1,-1.5184958295565074,3,-3,-6,0,-5,6,5,6,-6,0,5,1,Right,6.578899999976158
27,R_XuqSDM9IDdpxvhL,20,f,1,1,13254.5,Mandatory drug tests for welfare recipients,Stop police brutality,-1,-1,-2,5,2,-1.1054649639171374,3,8,4,0.9596893642797127,2,-3,5,-5,-3,5,3,5,-5,-5,-3,0,Left,13.2545
27,R_XuqSDM9IDdpxvhL,21,j,2,0,5380.800000071526,Mandatory vaccinations,Mandatory trigger warnings,-1,-1,3,7,4,0.9596893642797127,2,8,2,0.5466584986403428,-3,-2,1,-1,1,1,1,-1,1,1,-1,1,Right,5.380800000071526
27,R_XuqSDM9IDdpxvhL,22,j,2,0,5698.699999928474,Allow alt-right speakers on campus,Mandatory training on sexual consent,-1,1,1,1,1,0.13362763300097275,3,8,2,0.9596893642797127,-1,3,4,2,7,4,7,-4,4,-2,-7,1,Right,5.698699999928475
27,R_XuqSDM9IDdpxvhL,23,j,2,0,8279.600000023842,Detention of migrant children,Recognize Jerusalem as capital of Israel,1,-1,-3,8,2,-1.5184958295565074,1,1,1,0.13362763300097275,-3,-1,2,4,-7,2,7,-2,2,-4,7,1,Right,8.279600000023843
27,R_XuqSDM9IDdpxvhL,24,j,2,0,4850.300000071526,Defund Planned Parenthood,Student worker unionization,1,1,-3,8,2,-1.5184958295565074,2,8,1,0.5466584986403428,-3,2,5,5,0,5,0,-5,5,-5,0,1,Right,4.850300000071526
27,R_XuqSDM9IDdpxvhL,25,f,1,1,3651.600000023842,Mandatory training on sexual consent,Dorms determined by gender identity,1,-1,3,8,2,0.9596893642797127,-3,2,1,-1.5184958295565074,3,3,0,6,6,0,6,0,0,6,6,0,Left,3.651600000023842
27,R_XuqSDM9IDdpxvhL,26,j,2,0,11194.899999976158,Mandatory vaccinations,Mask mandates,-1,-1,3,7,4,0.9596893642797127,3,6,4,0.9596893642797127,-3,-3,0,0,-1,0,1,0,0,0,1,1,Right,11.194899999976158
27,R_XuqSDM9IDdpxvhL,27,j,2,0,9278.899999976158,Defund the police,Build southern border wall,1,-1,-3,7,4,-1.5184958295565074,3,4,4,0.9596893642797127,-3,-3,0,6,-3,0,3,0,0,-6,3,1,Right,9.278899999976158
27,R_XuqSDM9IDdpxvhL,28,f,1,1,13236.699999928474,Mandatory drug tests for welfare recipients,Legalization of marijuana,-1,-1,-2,5,2,-1.1054649639171374,3,7,4,0.9596893642797127,2,-3,5,-5,-2,5,2,5,-5,-5,-2,0,Left,13.236699999928474
27,R_XuqSDM9IDdpxvhL,29,f,1,1,6397.899999976158,Safe injection locations,Detention of migrant children,1,-1,2,7,1,0.5466584986403428,-3,8,2,-1.5184958295565074,2,3,-1,5,-1,1,1,-1,1,5,-1,0,Left,6.3978999999761585
27,R_XuqSDM9IDdpxvhL,30,f,1,1,8206.899999976158,Abortion rights,Increased Gun regulations,1,-1,3,8,4,0.9596893642797127,3,5,4,0.9596893642797127,3,-3,6,0,3,6,3,6,-6,0,3,0,Left,8.206899999976159
27,R_XuqSDM9IDdpxvhL,31,f,1,1,4484.700000047684,Affirmative action,"Boycott, Divest, and Sanction Israel",1,1,3,8,4,0.9596893642797127,1,8,2,0.13362763300097275,3,1,2,2,0,2,0,2,-2,2,0,0,Left,4.484700000047684
27,R_XuqSDM9IDdpxvhL,32,j,2,0,7861.400000095367,Religious exemptions for discrimination laws,Remove Christopher Columbus statues,1,-1,-3,8,2,-1.5184958295565074,-1,2,1,-0.6924340982777674,-3,1,4,2,-6,4,6,-4,4,-2,6,1,Right,7.861400000095367
27,R_XuqSDM9IDdpxvhL,33,j,2,0,2602,Safe injection locations,Mandatory vaccinations,-1,1,2,7,1,0.5466584986403428,3,7,4,0.9596893642797127,-2,3,5,1,0,5,0,-5,5,-1,0,1,Right,2.602
27,R_XuqSDM9IDdpxvhL,34,j,2,0,4067.3000000715256,"Boycott, Divest, and Sanction Israel",Affirmative action,-1,1,1,8,2,0.13362763300097275,3,8,4,0.9596893642797127,-1,3,4,2,0,4,0,-4,4,-2,0,1,Right,4.067300000071525
27,R_XuqSDM9IDdpxvhL,35,j,2,0,8269.5,Mandatory training on sexual consent,University Campus should be a Sanctuary,-1,1,3,8,2,0.9596893642797127,-1,3,1,-0.6924340982777674,-3,-1,2,-4,-5,2,5,-2,2,4,5,1,Right,8.2695
27,R_XuqSDM9IDdpxvhL,36,j,2,0,3784.100000023842,Defund the police,Safe injection locations,1,1,-3,7,4,-1.5184958295565074,2,7,1,0.5466584986403428,-3,2,5,5,0,5,0,-5,5,-5,0,1,Right,3.784100000023842
27,R_XuqSDM9IDdpxvhL,37,f,1,1,5680.099999904633,Climate change legislation,Cuts to National Parks budget,1,1,3,8,4,0.9596893642797127,-3,7,2,-1.5184958295565074,3,-3,6,6,1,6,1,6,-6,6,1,0,Left,5.680099999904632
27,R_XuqSDM9IDdpxvhL,38,f,1,1,7062.200000047684,Legalization of marijuana,Detention of migrant children,1,-1,3,7,4,0.9596893642797127,-3,8,2,-1.5184958295565074,3,3,0,6,-1,0,1,0,0,6,-1,0,Left,7.0622000000476834
27,R_XuqSDM9IDdpxvhL,39,f,1,1,3673,Mandatory vaccinations,U.S. drone strikes in Afghanistan,1,-1,3,7,4,0.9596893642797127,1,2,3,0.13362763300097275,3,-1,4,2,5,4,5,4,-4,2,5,0,Left,3.673
27,R_XuqSDM9IDdpxvhL,40,j,2,0,4556.899999976158,Raise the minimum wage,Mask mandates,-1,1,3,8,4,0.9596893642797127,3,6,4,0.9596893642797127,-3,3,6,0,-2,6,2,-6,6,0,2,1,Right,4.556899999976158
27,R_XuqSDM9IDdpxvhL,41,j,2,0,10453.600000023842,Abolishing private prisons,Remove public Confederate memorials,-1,1,2,4,2,0.5466584986403428,3,8,4,0.9596893642797127,-2,3,5,1,4,5,4,-5,5,-1,-4,1,Right,10.453600000023842
27,R_XuqSDM9IDdpxvhL,42,j,2,0,3212.8000000715256,Abolishing private prisons,Legalization of marijuana,-1,1,2,4,2,0.5466584986403428,3,7,4,0.9596893642797127,-2,3,5,1,3,5,3,-5,5,-1,-3,1,Right,3.2128000000715256
27,R_XuqSDM9IDdpxvhL,43,f,1,1,2718.2000000476837,Climate change legislation,Mask mandates,1,-1,3,8,4,0.9596893642797127,3,6,4,0.9596893642797127,3,-3,6,0,2,6,2,6,-6,0,2,0,Left,2.7182000000476836
27,R_XuqSDM9IDdpxvhL,44,f,1,1,3163.100000023842,Mask mandates,Defund the police,1,1,3,6,4,0.9596893642797127,-3,7,4,-1.5184958295565074,3,-3,6,6,-1,6,1,6,-6,6,-1,0,Left,3.163100000023842
27,R_XuqSDM9IDdpxvhL,45,f,1,1,2681.600000023842,Mandatory vaccinations,"Boycott, Divest, and Sanction Israel",1,-1,3,7,4,0.9596893642797127,1,8,2,0.13362763300097275,3,-1,4,2,-1,4,1,4,-4,2,-1,0,Left,2.681600000023842
27,R_XuqSDM9IDdpxvhL,46,j,2,0,4724,Legalization of marijuana,Mask mandates,1,1,3,7,4,0.9596893642797127,3,6,4,0.9596893642797127,3,3,0,0,-1,0,1,0,0,0,1,1,Right,4.724
27,R_XuqSDM9IDdpxvhL,47,j,2,0,3193.4000000953674,Build southern border wall,Affirmative action,1,1,3,4,4,0.9596893642797127,3,8,4,0.9596893642797127,3,3,0,0,4,0,4,0,0,0,-4,1,Right,3.1934000000953673
27,R_XuqSDM9IDdpxvhL,48,f,1,1,4124.5,Increased Gun regulations,Cuts to National Parks budget,1,-1,3,5,4,0.9596893642797127,-3,7,2,-1.5184958295565074,3,3,0,6,-2,0,2,0,0,6,-2,0,Left,4.1245
27,R_XuqSDM9IDdpxvhL,49,j,2,0,5447.299999952316,Safe injection locations,Stop police brutality,-1,-1,2,7,1,0.5466584986403428,3,8,4,0.9596893642797127,-2,-3,-1,1,1,1,1,1,-1,-1,-1,1,Right,5.447299999952317
27,R_XuqSDM9IDdpxvhL,50,f,1,1,4165.199999928474,Mandatory vaccinations,Cuts to National Parks budget,1,1,3,7,4,0.9596893642797127,-3,7,2,-1.5184958295565074,3,-3,6,6,0,6,0,6,-6,6,0,0,Left,4.165199999928475
27,R_XuqSDM9IDdpxvhL,51,j,2,0,4875,U.S. drone strikes in Afghanistan,Legalization of marijuana,1,1,1,2,3,0.13362763300097275,3,7,4,0.9596893642797127,1,3,2,2,5,2,5,-2,2,-2,-5,1,Right,4.875
27,R_XuqSDM9IDdpxvhL,52,j,2,0,3906.899999976158,Safe injection locations,Mandatory training on sexual consent,-1,1,2,7,1,0.5466584986403428,3,8,2,0.9596893642797127,-2,3,5,1,1,5,1,-5,5,-1,-1,1,Right,3.906899999976158
27,R_XuqSDM9IDdpxvhL,53,j,2,0,5324.100000023842,Affirmative action,"Boycott, Divest, and Sanction Israel",-1,1,3,8,4,0.9596893642797127,1,8,2,0.13362763300097275,-3,1,4,-2,0,4,0,-4,4,2,0,1,Right,5.324100000023842
27,R_XuqSDM9IDdpxvhL,54,j,2,0,4956.600000023842,Abortion rights,Cuts to National Parks budget,-1,-1,3,8,4,0.9596893642797127,-3,7,2,-1.5184958295565074,-3,3,6,-6,-1,6,1,-6,6,6,1,1,Right,4.956600000023842
27,R_XuqSDM9IDdpxvhL,55,j,2,0,12115.199999928474,Detention of migrant children,Mandatory drug tests for welfare recipients,-1,-1,-3,8,2,-1.5184958295565074,-2,5,2,-1.1054649639171374,3,2,-1,1,-3,1,3,1,-1,-1,3,1,Right,12.115199999928475
27,R_XuqSDM9IDdpxvhL,56,f,1,1,7775.099999904633,Cuts to National Parks budget,Recognize Jerusalem as capital of Israel,-1,1,-3,7,2,-1.5184958295565074,1,1,1,0.13362763300097275,3,1,2,-4,6,2,6,2,-2,-4,6,0,Left,7.775099999904633
27,R_XuqSDM9IDdpxvhL,57,j,2,0,2322.3000000715256,University Campus should be a Sanctuary,Legalization of marijuana,-1,1,-1,3,1,-0.6924340982777674,3,7,4,0.9596893642797127,1,3,2,4,4,2,4,-2,2,-4,-4,1,Right,2.3223000000715257
27,R_XuqSDM9IDdpxvhL,58,j,2,0,2472,Mandatory trigger warnings,Climate change legislation,-1,1,2,8,2,0.5466584986403428,3,8,4,0.9596893642797127,-2,3,5,1,0,5,0,-5,5,-1,0,1,Right,2.472
27,R_XuqSDM9IDdpxvhL,59,j,2,0,2658,Gun-free campus police,Affirmative action,-1,1,1,3,1,0.13362763300097275,3,8,4,0.9596893642797127,-1,3,4,2,5,4,5,-4,4,-2,-5,1,Right,2.658
27,R_XuqSDM9IDdpxvhL,60,f,1,1,6933.900000095367,"Boycott, Divest, and Sanction Israel",Climate change legislation,-1,-1,1,8,2,0.13362763300097275,3,8,4,0.9596893642797127,-1,-3,2,-2,0,2,0,2,-2,-2,0,0,Left,6.933900000095368
27,R_XuqSDM9IDdpxvhL,61,f,1,1,3271.1999999284744,Raise the minimum wage,Gun-free campus police,1,1,3,8,4,0.9596893642797127,1,3,1,0.13362763300097275,3,1,2,2,5,2,5,2,-2,2,5,0,Left,3.2711999999284744
27,R_XuqSDM9IDdpxvhL,62,j,2,0,2329.7999999523163,Mandatory drug tests for welfare recipients,Legalization of marijuana,1,1,-2,5,2,-1.1054649639171374,3,7,4,0.9596893642797127,-2,3,5,5,2,5,2,-5,5,-5,-2,1,Right,2.3297999999523165
27,R_XuqSDM9IDdpxvhL,63,j,2,0,11241.600000023842,Dorms determined by gender identity,Detention of migrant children,1,-1,-3,2,1,-1.5184958295565074,-3,8,2,-1.5184958295565074,-3,3,6,0,6,6,6,-6,6,0,-6,1,Right,11.241600000023842
27,R_XuqSDM9IDdpxvhL,64,f,1,1,4438.900000095367,Increased Gun regulations,Abortion rights,-1,-1,3,5,4,0.9596893642797127,3,8,4,0.9596893642797127,-3,-3,0,0,-3,0,3,0,0,0,-3,0,Left,4.438900000095368
27,R_XuqSDM9IDdpxvhL,65,f,1,1,5136.100000023842,Dorms determined by gender identity,Mandatory vaccinations,1,-1,-3,2,1,-1.5184958295565074,3,7,4,0.9596893642797127,-3,-3,0,-6,-5,0,5,0,0,-6,-5,0,Left,5.136100000023842
27,R_XuqSDM9IDdpxvhL,66,f,1,1,9744.799999952316,War on Drugs,Black Lives Matter,-1,1,-3,8,4,-1.5184958295565074,1,6,2,0.13362763300097275,3,1,2,-4,2,2,2,2,-2,-4,2,0,Left,9.744799999952317
27,R_XuqSDM9IDdpxvhL,67,f,1,1,4212.899999976158,"Boycott, Divest, and Sanction Israel",Defund the police,1,-1,1,8,2,0.13362763300097275,-3,7,4,-1.5184958295565074,1,3,-2,4,1,2,1,-2,2,4,1,0,Left,4.212899999976158
27,R_XuqSDM9IDdpxvhL,68,j,2,0,9504.100000023842,Increased Gun regulations,Cuts to National Parks budget,-1,-1,3,5,4,0.9596893642797127,-3,7,2,-1.5184958295565074,-3,3,6,-6,2,6,2,-6,6,6,-2,1,Right,9.504100000023842
27,R_XuqSDM9IDdpxvhL,69,j,2,0,7230.399999976158,Tuition increases,Defund Planned Parenthood,1,-1,-3,4,2,-1.5184958295565074,-3,8,2,-1.5184958295565074,-3,3,6,0,4,6,4,-6,6,0,-4,1,Right,7.230399999976158
27,R_XuqSDM9IDdpxvhL,70,f,1,1,3625.7999999523163,Raise the minimum wage,Mandatory drug tests for welfare recipients,1,1,3,8,4,0.9596893642797127,-2,5,2,-1.1054649639171374,3,-2,5,5,3,5,3,5,-5,5,3,0,Left,3.6257999999523163
27,R_XuqSDM9IDdpxvhL,71,f,1,1,7926.600000023842,Mandatory drug tests for welfare recipients,Cuts to National Parks budget,-1,-1,-2,5,2,-1.1054649639171374,-3,7,2,-1.5184958295565074,2,3,-1,1,-2,1,2,-1,1,1,-2,0,Left,7.926600000023842
27,R_XuqSDM9IDdpxvhL,72,f,1,1,6065.299999952316,Safe injection locations,Mandatory vaccinations,-1,-1,2,7,1,0.5466584986403428,3,7,4,0.9596893642797127,-2,-3,1,-1,0,1,0,1,-1,-1,0,0,Left,6.065299999952316
27,R_XuqSDM9IDdpxvhL,73,f,1,1,10426.5,Abolishing private prisons,Cuts to National Parks budget,-1,1,2,4,2,0.5466584986403428,-3,7,2,-1.5184958295565074,-2,-3,1,5,-3,1,3,1,-1,5,-3,0,Left,10.4265
27,R_XuqSDM9IDdpxvhL,74,j,2,0,2776.600000023842,Black Lives Matter,Mandatory vaccinations,-1,1,1,6,2,0.13362763300097275,3,7,4,0.9596893642797127,-1,3,4,2,1,4,1,-4,4,-2,-1,1,Right,2.776600000023842
27,R_XuqSDM9IDdpxvhL,75,j,2,0,2514,Mandatory vaccinations,Increased Gun regulations,-1,1,3,7,4,0.9596893642797127,3,5,4,0.9596893642797127,-3,3,6,0,-2,6,2,-6,6,0,2,1,Right,2.514
27,R_XuqSDM9IDdpxvhL,76,j,2,0,3097.8000000715256,Climate change legislation,Build southern border wall,-1,1,3,8,4,0.9596893642797127,3,4,4,0.9596893642797127,-3,3,6,0,-4,6,4,-6,6,0,4,1,Right,3.097800000071526
27,R_XuqSDM9IDdpxvhL,77,j,2,0,3055.2999999523163,Remove public Confederate memorials,Raise the minimum wage,-1,1,3,8,4,0.9596893642797127,3,8,4,0.9596893642797127,-3,3,6,0,0,6,0,-6,6,0,0,1,Right,3.0552999999523163
27,R_XuqSDM9IDdpxvhL,78,f,1,1,6201.199999928474,Recognize Jerusalem as capital of Israel,Mandatory training on sexual consent,1,-1,1,1,1,0.13362763300097275,3,8,2,0.9596893642797127,1,-3,4,-2,-7,4,7,4,-4,-2,-7,0,Left,6.201199999928474
27,R_XuqSDM9IDdpxvhL,79,j,2,0,2859.6999999284744,Black Lives Matter,Raise the minimum wage,-1,1,1,6,2,0.13362763300097275,3,8,4,0.9596893642797127,-1,3,4,2,2,4,2,-4,4,-2,-2,1,Right,2.8596999999284742
27,R_XuqSDM9IDdpxvhL,80,f,1,1,5965.200000047684,Abolishing private prisons,Climate change legislation,1,-1,2,4,2,0.5466584986403428,3,8,4,0.9596893642797127,2,-3,5,-1,-4,5,4,5,-5,-1,-4,0,Left,5.965200000047684
27,R_XuqSDM9IDdpxvhL,81,j,2,0,7103.699999928474,War on Drugs,Allow alt-right speakers on campus,-1,1,-3,8,4,-1.5184958295565074,1,1,1,0.13362763300097275,3,1,-2,4,-7,2,7,2,-2,-4,7,1,Right,7.103699999928474
27,R_XuqSDM9IDdpxvhL,82,j,2,0,2897.8000000715256,War on Drugs,Mask mandates,-1,1,-3,8,4,-1.5184958295565074,3,6,4,0.9596893642797127,3,3,0,6,-2,0,2,0,0,-6,2,1,Right,2.8978000000715256
27,R_XuqSDM9IDdpxvhL,83,f,1,1,7479.199999928474,Student worker unionization,Stop police brutality,-1,-1,2,8,1,0.5466584986403428,3,8,4,0.9596893642797127,-2,-3,1,-1,0,1,0,1,-1,-1,0,0,Left,7.479199999928475
27,R_XuqSDM9IDdpxvhL,84,j,2,0,3112.3000000715256,Affirmative action,Safe injection locations,-1,1,3,8,4,0.9596893642797127,2,7,1,0.5466584986403428,-3,2,5,-1,-1,5,1,-5,5,1,1,1,Right,3.1123000000715257
27,R_XuqSDM9IDdpxvhL,85,f,1,1,5363.199999928474,Mandatory drug tests for welfare recipients,Cuts to National Parks budget,1,1,-2,5,2,-1.1054649639171374,-3,7,2,-1.5184958295565074,-2,-3,1,1,-2,1,2,1,-1,1,-2,0,Left,5.363199999928474
27,R_XuqSDM9IDdpxvhL,86,f,1,1,5298.199999928474,Tuition increases,Cuts to National Parks budget,-1,1,-3,4,2,-1.5184958295565074,-3,7,2,-1.5184958295565074,3,-3,6,0,-3,6,3,6,-6,0,-3,0,Left,5.298199999928475
27,R_XuqSDM9IDdpxvhL,87,f,1,1,5454.100000023842,Dorms determined by gender identity,Religious exemptions for discrimination laws,-1,1,-3,2,1,-1.5184958295565074,-3,8,2,-1.5184958295565074,3,-3,6,0,-6,6,6,6,-6,0,-6,0,Left,5.454100000023842
27,R_XuqSDM9IDdpxvhL,88,j,2,0,6753.200000047684,Remove Christopher Columbus statues,Defund Planned Parenthood,1,-1,-1,2,1,-0.6924340982777674,-3,8,2,-1.5184958295565074,-1,3,4,-2,6,4,6,-4,4,2,-6,1,Right,6.753200000047683
27,R_XuqSDM9IDdpxvhL,89,f,1,1,6002.700000047684,Increased Gun regulations,Stop police brutality,1,-1,3,5,4,0.9596893642797127,3,8,4,0.9596893642797127,3,-3,6,0,-3,6,3,6,-6,0,-3,0,Left,6.002700000047684
27,R_XuqSDM9IDdpxvhL,90,f,1,1,6316.699999928474,Tuition increases,Climate change legislation,1,-1,-3,4,2,-1.5184958295565074,3,8,4,0.9596893642797127,-3,-3,0,-6,-4,0,4,0,0,-6,-4,0,Left,6.316699999928474
27,R_XuqSDM9IDdpxvhL,91,f,1,1,8213.199999928474,Remove public Confederate memorials,Abolishing private prisons,-1,-1,3,8,4,0.9596893642797127,2,4,2,0.5466584986403428,-3,-2,-1,1,4,1,4,-1,1,1,4,0,Left,8.213199999928474
27,R_XuqSDM9IDdpxvhL,92,j,2,0,9637.300000071526,Increased Gun regulations,Defund Planned Parenthood,1,-1,3,5,4,0.9596893642797127,-3,8,2,-1.5184958295565074,3,3,0,-6,3,0,3,0,0,6,-3,1,Right,9.637300000071525
27,R_XuqSDM9IDdpxvhL,93,f,1,1,5442,Mandatory training on sexual consent,Mask mandates,-1,-1,3,8,2,0.9596893642797127,3,6,4,0.9596893642797127,-3,-3,0,0,2,0,2,0,0,0,2,0,Left,5.442
27,R_XuqSDM9IDdpxvhL,94,f,1,1,4682,Recognize Jerusalem as capital of Israel,Defund the police,-1,-1,1,1,1,0.13362763300097275,-3,7,4,-1.5184958295565074,-1,3,-4,4,-6,4,6,-4,4,4,-6,0,Left,4.682
27,R_XuqSDM9IDdpxvhL,95,j,2,0,5746.100000023842,Legalization of marijuana,Dorms determined by gender identity,-1,-1,3,7,4,0.9596893642797127,-3,2,1,-1.5184958295565074,-3,3,6,-6,-5,6,5,-6,6,6,5,1,Right,5.746100000023842
27,R_XuqSDM9IDdpxvhL,96,f,1,1,8780.299999952316,U.S. drone strikes in Afghanistan,Raise the minimum wage,-1,-1,1,2,3,0.13362763300097275,3,8,4,0.9596893642797127,-1,-3,2,-2,-6,2,6,2,-2,-2,-6,0,Left,8.780299999952316
27,R_XuqSDM9IDdpxvhL,97,f,1,1,10484.399999976158,Religious exemptions for discrimination laws,Black Lives Matter,1,-1,-3,8,2,-1.5184958295565074,1,6,2,0.13362763300097275,-3,-1,-2,-4,2,2,2,-2,2,-4,2,0,Left,10.484399999976159
27,R_XuqSDM9IDdpxvhL,98,f,1,1,6229.399999976158,Gun-free campus police,Raise the minimum wage,1,-1,1,3,1,0.13362763300097275,3,8,4,0.9596893642797127,1,-3,4,-2,-5,4,5,4,-4,-2,-5,0,Left,6.229399999976158
27,R_XuqSDM9IDdpxvhL,99,j,2,0,4901.899999976158,Remove Christopher Columbus statues,Climate change legislation,-1,1,-1,2,1,-0.6924340982777674,3,8,4,0.9596893642797127,1,3,2,4,6,2,6,-2,2,-4,-6,1,Right,4.901899999976158
27,R_XuqSDM9IDdpxvhL,100,f,1,1,5257.700000047684,Student worker unionization,Mandatory vaccinations,1,-1,2,8,1,0.5466584986403428,3,7,4,0.9596893642797127,2,-3,5,-1,1,5,1,5,-5,-1,1,0,Left,5.2577000000476835
4,R_1nVYSEciL6sPzAO,1,j,2,0,5226,Abolishing private prisons,Ban on ethnic Halloween costumes,-1,-1,3,7,3,1.6834355419440914,-2,0,1,-0.7214723751188964,-3,2,5,-5,-7,5,7,-5,5,5,7,1,Right,5.226
4,R_1nVYSEciL6sPzAO,2,f,1,1,8938,U.S. drone strikes in Afghanistan,Abolishing private prisons,1,-1,-1,0,2,-0.24049079170629878,3,7,3,1.6834355419440914,-1,-3,2,-4,-7,2,7,2,-2,-4,-7,0,Left,8.938
4,R_1nVYSEciL6sPzAO,3,j,2,0,6295,Build southern border wall,Abolishing private prisons,-1,-1,2,0,4,1.202453958531494,3,7,3,1.6834355419440914,-2,-3,-1,1,7,1,7,1,-1,-1,-7,1,Right,6.295
4,R_1nVYSEciL6sPzAO,4,j,2,0,2669,Abolishing private prisons,Mandatory trigger warnings,-1,-1,3,7,3,1.6834355419440914,-3,0,2,-1.202453958531494,-3,3,6,-6,-7,6,7,-6,6,6,7,1,Right,2.669
4,R_1nVYSEciL6sPzAO,5,f,1,1,2259,Defund Planned Parenthood,Black Lives Matter,1,1,2,7,3,1.202453958531494,-3,4,3,-1.202453958531494,2,-3,5,5,3,5,3,5,-5,5,3,0,Left,2.259
4,R_1nVYSEciL6sPzAO,6,f,1,1,2476,Mandatory vaccinations,Affirmative action,-1,-1,-3,8,4,-1.202453958531494,-3,4,4,-1.202453958531494,3,3,0,0,4,0,4,0,0,0,4,0,Left,2.476
4,R_1nVYSEciL6sPzAO,7,j,2,0,2865,Recognize Jerusalem as capital of Israel,Abolishing private prisons,-1,1,0,0,3,0.24049079170629878,3,7,3,1.6834355419440914,-0,3,3,3,7,3,7,-3,3,-3,-7,1,Right,2.865
4,R_1nVYSEciL6sPzAO,8,f,1,1,3655,Abolishing private prisons,Stop police brutality,1,-1,3,7,3,1.6834355419440914,2,4,3,1.202453958531494,3,-2,5,1,3,5,3,5,-5,1,3,0,Left,3.655
4,R_1nVYSEciL6sPzAO,9,f,1,1,3490,Abolishing fraternities,Allow alt-right speakers on campus,1,-1,0,0,1,0.24049079170629878,3,8,3,1.6834355419440914,0,-3,3,-3,-8,3,8,3,-3,-3,-8,0,Left,3.49
4,R_1nVYSEciL6sPzAO,10,f,1,1,1956,Abolishing private prisons,Black Lives Matter,1,1,3,7,3,1.6834355419440914,-3,4,3,-1.202453958531494,3,-3,6,6,3,6,3,6,-6,6,3,0,Left,1.956
4,R_1nVYSEciL6sPzAO,11,j,2,0,2758,Raise the minimum wage,Abolishing private prisons,-1,1,-2,0,4,-0.7214723751188964,3,7,3,1.6834355419440914,2,3,1,5,7,1,7,-1,1,-5,-7,1,Right,2.758
4,R_1nVYSEciL6sPzAO,12,f,1,1,2787,Increased Gun regulations,Stop police brutality,-1,-1,-3,0,4,-1.202453958531494,2,4,3,1.202453958531494,3,-2,5,-5,-4,5,4,5,-5,-5,-4,0,Left,2.787
4,R_1nVYSEciL6sPzAO,13,f,1,1,5854,Abolishing private prisons,Expel students with white nationlist views,-1,1,3,7,3,1.6834355419440914,-3,8,1,-1.202453958531494,-3,-3,0,6,-1,0,1,0,0,6,-1,0,Left,5.854
4,R_1nVYSEciL6sPzAO,14,j,2,0,3075,Abolishing private prisons,U.S. drone strikes in Afghanistan,-1,-1,3,7,3,1.6834355419440914,-1,0,2,-0.24049079170629878,-3,1,4,-4,-7,4,7,-4,4,4,7,1,Right,3.075
4,R_1nVYSEciL6sPzAO,15,j,2,0,1774,Black Lives Matter,Black Lives Matter,1,-1,-3,4,3,-1.202453958531494,-3,4,3,-1.202453958531494,-3,3,6,0,0,6,0,-6,6,0,0,1,Right,1.774
4,R_1nVYSEciL6sPzAO,16,j,2,0,2839,Abolishing private prisons,Stop police brutality,-1,1,3,7,3,1.6834355419440914,2,4,3,1.202453958531494,-3,2,5,-1,-3,5,3,-5,5,1,3,1,Right,2.839
4,R_1nVYSEciL6sPzAO,17,f,1,1,4335,Mandatory drug tests for welfare recipients,Lift COVID lockdowns,-1,-1,-2,0,3,-0.7214723751188964,3,8,4,1.6834355419440914,2,-3,5,-5,-8,5,8,5,-5,-5,-8,0,Left,4.335
4,R_1nVYSEciL6sPzAO,18,j,2,0,2246,Mandatory vaccinations,U.S. drone strikes in Afghanistan,1,-1,-3,8,4,-1.202453958531494,-1,0,2,-0.24049079170629878,-3,1,4,2,-8,4,8,-4,4,-2,8,1,Right,2.246
4,R_1nVYSEciL6sPzAO,19,j,2,0,3610,U.S. drone strikes in Afghanistan,Affirmative action,-1,-1,-1,0,2,-0.24049079170629878,-3,4,4,-1.202453958531494,1,3,2,-2,4,2,4,-2,2,2,-4,1,Right,3.61
4,R_1nVYSEciL6sPzAO,20,j,2,0,1937,Stop police brutality,Abolishing private prisons,1,1,2,4,3,1.202453958531494,3,7,3,1.6834355419440914,2,3,1,1,3,1,3,-1,1,-1,-3,1,Right,1.937
4,R_1nVYSEciL6sPzAO,21,f,1,1,2083,Climate change legislation,Abolishing private prisons,-1,1,-3,0,4,-1.202453958531494,3,7,3,1.6834355419440914,3,3,0,-6,-7,0,7,0,0,-6,-7,0,Left,2.083
4,R_1nVYSEciL6sPzAO,22,j,2,0,1972,Black Lives Matter,Defund Planned Parenthood,-1,-1,-3,4,3,-1.202453958531494,2,7,3,1.202453958531494,3,-2,-5,5,3,5,3,5,-5,-5,-3,1,Right,1.972
4,R_1nVYSEciL6sPzAO,23,f,1,1,5552,Mandatory trigger warnings,Defund Planned Parenthood,-1,1,-3,0,2,-1.202453958531494,2,7,3,1.202453958531494,3,2,1,-5,-7,1,7,1,-1,-5,-7,0,Left,5.552
4,R_1nVYSEciL6sPzAO,24,f,1,1,2695,Defund Planned Parenthood,Black Lives Matter,1,-1,2,7,3,1.202453958531494,-3,4,3,-1.202453958531494,2,3,-1,5,3,1,3,-1,1,5,3,0,Left,2.695
4,R_1nVYSEciL6sPzAO,25,j,2,0,2159,Ban on ethnic Halloween costumes,Affirmative action,-1,-1,-2,0,1,-0.7214723751188964,-3,4,4,-1.202453958531494,2,3,1,-1,4,1,4,-1,1,1,-4,1,Right,2.159
4,R_1nVYSEciL6sPzAO,26,f,1,1,2120,Ban on research with animals,Black Lives Matter,1,-1,1,4,3,0.7214723751188964,-3,4,3,-1.202453958531494,1,3,-2,4,0,2,0,-2,2,4,0,0,Left,2.12
4,R_1nVYSEciL6sPzAO,27,j,2,0,4679,Lift COVID lockdowns,Stop police brutality,-1,-1,3,8,4,1.6834355419440914,2,4,3,1.202453958531494,-3,-2,1,-1,-4,1,4,-1,1,1,4,1,Right,4.679
4,R_1nVYSEciL6sPzAO,28,j,2,0,2940,Bathrooms restricted based on biological sex,Mandatory training on sexual consent,-1,-1,3,4,3,1.6834355419440914,0,0,2,0.24049079170629878,-3,-0,3,-3,-4,3,4,-3,3,3,4,1,Right,2.94
4,R_1nVYSEciL6sPzAO,29,f,1,1,2432,U.S. drone strikes in Afghanistan,Black Lives Matter,-1,1,-1,0,2,-0.24049079170629878,-3,4,3,-1.202453958531494,1,-3,4,2,-4,4,4,4,-4,2,-4,0,Left,2.432
4,R_1nVYSEciL6sPzAO,30,f,1,1,1838,Abolishing private prisons,Ban on research with animals,1,-1,3,7,3,1.6834355419440914,1,4,3,0.7214723751188964,3,-1,4,2,3,4,3,4,-4,2,3,0,Left,1.838
4,R_1nVYSEciL6sPzAO,31,j,2,0,6246,Bathrooms restricted based on biological sex,Stop police brutality,-1,-1,3,4,3,1.6834355419440914,2,4,3,1.202453958531494,-3,-2,1,-1,0,1,0,-1,1,1,0,1,Right,6.246
4,R_1nVYSEciL6sPzAO,32,j,2,0,2066,Abolishing private prisons,Expel students with white nationlist views,-1,-1,3,7,3,1.6834355419440914,-3,8,1,-1.202453958531494,-3,3,6,-6,1,6,1,-6,6,6,-1,1,Right,2.066
4,R_1nVYSEciL6sPzAO,33,j,2,0,2622,Remove Christopher Columbus statues,Mandatory trigger warnings,-1,-1,-2,0,3,-0.7214723751188964,-3,0,2,-1.202453958531494,2,3,1,-1,0,1,0,-1,1,1,0,1,Right,2.622
4,R_1nVYSEciL6sPzAO,34,f,1,1,1500,Abolishing private prisons,U.S. drone strikes in Afghanistan,1,1,3,7,3,1.6834355419440914,-1,0,2,-0.24049079170629878,3,-1,4,4,7,4,7,4,-4,4,7,0,Left,1.5
4,R_1nVYSEciL6sPzAO,35,j,2,0,1570,Defund Planned Parenthood,Abolishing private prisons,1,1,2,7,3,1.202453958531494,3,7,3,1.6834355419440914,2,3,1,1,0,1,0,-1,1,-1,0,1,Right,1.57
4,R_1nVYSEciL6sPzAO,36,f,1,1,2450,Expel students with white nationlist views,Defund Planned Parenthood,-1,1,-3,8,1,-1.202453958531494,2,7,3,1.202453958531494,3,2,1,-5,1,1,1,1,-1,-5,1,0,Left,2.45
4,R_1nVYSEciL6sPzAO,37,f,1,1,2232,Affirmative action,Climate change legislation,-1,1,-3,4,4,-1.202453958531494,-3,0,4,-1.202453958531494,3,-3,6,0,4,6,4,6,-6,0,4,0,Left,2.232
4,R_1nVYSEciL6sPzAO,38,j,2,0,2700,U.S. drone strikes in Afghanistan,Lift COVID lockdowns,-1,1,-1,0,2,-0.24049079170629878,3,8,4,1.6834355419440914,1,3,2,4,8,2,8,-2,2,-4,-8,1,Right,2.7
4,R_1nVYSEciL6sPzAO,39,j,2,0,2573,Bathrooms restricted based on biological sex,Abolishing private prisons,1,1,3,4,3,1.6834355419440914,3,7,3,1.6834355419440914,3,3,0,0,3,0,3,0,0,0,-3,1,Right,2.573
4,R_1nVYSEciL6sPzAO,40,f,1,1,2036,Raise the minimum wage,Black Lives Matter,1,1,-2,0,4,-0.7214723751188964,-3,4,3,-1.202453958531494,-2,-3,1,1,-4,1,4,1,-1,1,-4,0,Left,2.036
4,R_1nVYSEciL6sPzAO,41,f,1,1,1230,Abolishing private prisons,Remove Christopher Columbus statues,1,1,3,7,3,1.6834355419440914,-2,0,3,-0.7214723751188964,3,-2,5,5,7,5,7,5,-5,5,7,0,Left,1.23
4,R_1nVYSEciL6sPzAO,42,f,1,1,2658,Expel students with white nationlist views,Abolishing private prisons,-1,1,-3,8,1,-1.202453958531494,3,7,3,1.6834355419440914,3,3,0,-6,1,0,1,0,0,-6,1,0,Left,2.658
4,R_1nVYSEciL6sPzAO,43,j,2,0,2032,Cuts to National Parks budget,Black Lives Matter,1,-1,0,0,1,0.24049079170629878,-3,4,3,-1.202453958531494,0,3,3,-3,4,3,4,-3,3,3,-4,1,Right,2.032
4,R_1nVYSEciL6sPzAO,44,f,1,1,2464,Black Lives Matter,Lift COVID lockdowns,-1,-1,-3,4,3,-1.202453958531494,3,8,4,1.6834355419440914,3,-3,6,-6,-4,6,4,6,-6,-6,-4,0,Left,2.464
4,R_1nVYSEciL6sPzAO,45,f,1,1,2222,Bathrooms restricted based on biological sex,Build southern border wall,1,-1,3,4,3,1.6834355419440914,2,0,4,1.202453958531494,3,-2,5,1,4,5,4,5,-5,1,4,0,Left,2.222
4,R_1nVYSEciL6sPzAO,46,j,2,0,2015,Mandatory vaccinations,Allow alt-right speakers on campus,1,1,-3,8,4,-1.202453958531494,3,8,3,1.6834355419440914,-3,3,6,6,0,6,0,-6,6,-6,0,1,Right,2.015
4,R_1nVYSEciL6sPzAO,47,j,2,0,1846,U.S. drone strikes in Afghanistan,Affirmative action,1,-1,-1,0,2,-0.24049079170629878,-3,4,4,-1.202453958531494,-1,3,4,-2,4,4,4,-4,4,2,-4,1,Right,1.846
4,R_1nVYSEciL6sPzAO,48,f,1,1,2095,Expel students with white nationlist views,Black Lives Matter,1,1,-3,8,1,-1.202453958531494,-3,4,3,-1.202453958531494,-3,-3,0,0,4,0,4,0,0,0,4,0,Left,2.095
4,R_1nVYSEciL6sPzAO,49,f,1,1,2317,Abolishing private prisons,Remove public Confederate memorials,1,1,3,7,3,1.6834355419440914,-3,0,4,-1.202453958531494,3,-3,6,6,7,6,7,6,-6,6,7,0,Left,2.317
4,R_1nVYSEciL6sPzAO,50,f,1,1,1562,Black Lives Matter,Abolishing private prisons,-1,-1,-3,4,3,-1.202453958531494,3,7,3,1.6834355419440914,3,-3,6,-6,-3,6,3,6,-6,-6,-3,0,Left,1.562
4,R_1nVYSEciL6sPzAO,51,f,1,1,6425,Bathrooms restricted based on biological sex,Ban on research with animals,-1,-1,3,4,3,1.6834355419440914,1,4,3,0.7214723751188964,-3,-1,-2,2,0,2,0,-2,2,2,0,0,Left,6.425
4,R_1nVYSEciL6sPzAO,52,f,1,1,2158,Allow alt-right speakers on campus,"Boycott, Divest, and Sanction Israel",1,1,3,8,3,1.6834355419440914,0,0,2,0.24049079170629878,3,0,3,3,8,3,8,3,-3,3,8,0,Left,2.158
4,R_1nVYSEciL6sPzAO,53,j,2,0,1850,Bathrooms restricted based on biological sex,Stop police brutality,-1,1,3,4,3,1.6834355419440914,2,4,3,1.202453958531494,-3,2,5,-1,0,5,0,-5,5,1,0,1,Right,1.85
4,R_1nVYSEciL6sPzAO,54,j,2,0,2283,Lift COVID lockdowns,Climate change legislation,1,-1,3,8,4,1.6834355419440914,-3,0,4,-1.202453958531494,3,3,0,-6,-8,0,8,0,0,6,8,1,Right,2.283
4,R_1nVYSEciL6sPzAO,55,f,1,1,1855,Allow alt-right speakers on campus,Ban on research with animals,1,-1,3,8,3,1.6834355419440914,1,4,3,0.7214723751188964,3,-1,4,2,4,4,4,4,-4,2,4,0,Left,1.855
4,R_1nVYSEciL6sPzAO,56,f,1,1,2005,Lift COVID lockdowns,Defund Planned Parenthood,1,-1,3,8,4,1.6834355419440914,2,7,3,1.202453958531494,3,-2,5,1,1,5,1,5,-5,1,1,0,Left,2.005
4,R_1nVYSEciL6sPzAO,57,f,1,1,1482,Lift COVID lockdowns,U.S. drone strikes in Afghanistan,1,1,3,8,4,1.6834355419440914,-1,0,2,-0.24049079170629878,3,-1,4,4,8,4,8,4,-4,4,8,0,Left,1.482
4,R_1nVYSEciL6sPzAO,58,f,1,1,2448,Climate change legislation,Remove public Confederate memorials,-1,1,-3,0,4,-1.202453958531494,-3,0,4,-1.202453958531494,3,-3,6,0,0,6,0,6,-6,0,0,0,Left,2.448
4,R_1nVYSEciL6sPzAO,59,f,1,1,3903,Expel students with white nationlist views,Ban on research with animals,-1,1,-3,8,1,-1.202453958531494,1,4,3,0.7214723751188964,3,1,2,-4,4,2,4,2,-2,-4,4,0,Left,3.903
4,R_1nVYSEciL6sPzAO,60,f,1,1,2185,Increased Gun regulations,Affirmative action,-1,1,-3,0,4,-1.202453958531494,-3,4,4,-1.202453958531494,3,-3,6,0,-4,6,4,6,-6,0,-4,0,Left,2.185
4,R_1nVYSEciL6sPzAO,61,f,1,1,2809,Abolishing private prisons,Climate change legislation,-1,1,3,7,3,1.6834355419440914,-3,0,4,-1.202453958531494,-3,-3,0,6,7,0,7,0,0,6,7,0,Left,2.809
4,R_1nVYSEciL6sPzAO,62,j,2,0,2920,Black Lives Matter,Ban on research with animals,1,1,-3,4,3,-1.202453958531494,1,4,3,0.7214723751188964,-3,1,4,4,0,4,0,-4,4,-4,0,1,Right,2.92
4,R_1nVYSEciL6sPzAO,63,f,1,1,4478,Lift COVID lockdowns,Increased Gun regulations,-1,1,3,8,4,1.6834355419440914,-3,0,4,-1.202453958531494,-3,-3,0,6,8,0,8,0,0,6,8,0,Left,4.478
4,R_1nVYSEciL6sPzAO,64,f,1,1,1877,Climate change legislation,Stop police brutality,-1,1,-3,0,4,-1.202453958531494,2,4,3,1.202453958531494,3,2,1,-5,-4,1,4,1,-1,-5,-4,0,Left,1.877
4,R_1nVYSEciL6sPzAO,65,j,2,0,1960,Affirmative action,U.S. drone strikes in Afghanistan,1,1,-3,4,4,-1.202453958531494,-1,0,2,-0.24049079170629878,-3,-1,2,2,-4,2,4,-2,2,-2,4,1,Right,1.96
4,R_1nVYSEciL6sPzAO,66,j,2,0,2614,Lift COVID lockdowns,Stop police brutality,-1,1,3,8,4,1.6834355419440914,2,4,3,1.202453958531494,-3,2,5,-1,-4,5,4,-5,5,1,4,1,Right,2.614
4,R_1nVYSEciL6sPzAO,67,f,1,1,3173,Abolishing private prisons,Defund Planned Parenthood,-1,-1,3,7,3,1.6834355419440914,2,7,3,1.202453958531494,-3,-2,-1,1,0,1,0,-1,1,1,0,0,Left,3.173
4,R_1nVYSEciL6sPzAO,68,f,1,1,1693,Ban on research with animals,Abolishing private prisons,1,-1,1,4,3,0.7214723751188964,3,7,3,1.6834355419440914,1,-3,4,-2,-3,4,3,4,-4,-2,-3,0,Left,1.693
4,R_1nVYSEciL6sPzAO,69,j,2,0,3361,Affirmative action,Defund Planned Parenthood,1,-1,-3,4,4,-1.202453958531494,2,7,3,1.202453958531494,-3,-2,1,5,3,1,3,-1,1,-5,-3,1,Right,3.361
4,R_1nVYSEciL6sPzAO,70,j,2,0,2454,Affirmative action,Remove public Confederate memorials,1,1,-3,4,4,-1.202453958531494,-3,0,4,-1.202453958531494,-3,-3,0,0,-4,0,4,0,0,0,4,1,Right,2.454
4,R_1nVYSEciL6sPzAO,71,f,1,1,2040,Abolishing private prisons,Allow alt-right speakers on campus,1,-1,3,7,3,1.6834355419440914,3,8,3,1.6834355419440914,3,-3,6,0,-1,6,1,6,-6,0,-1,0,Left,2.04
4,R_1nVYSEciL6sPzAO,72,j,2,0,2232,Expel students with white nationlist views,Defund Planned Parenthood,1,1,-3,8,1,-1.202453958531494,2,7,3,1.202453958531494,-3,2,5,5,-1,5,1,-5,5,-5,1,1,Right,2.232
4,R_1nVYSEciL6sPzAO,73,j,2,0,1747,Affirmative action,Abolishing private prisons,1,-1,-3,4,4,-1.202453958531494,3,7,3,1.6834355419440914,-3,-3,0,6,3,0,3,0,0,-6,-3,1,Right,1.747
4,R_1nVYSEciL6sPzAO,74,f,1,1,2841,Stop police brutality,Abolishing private prisons,-1,-1,2,4,3,1.202453958531494,3,7,3,1.6834355419440914,-2,-3,1,-1,-3,1,3,1,-1,-1,-3,0,Left,2.841
4,R_1nVYSEciL6sPzAO,75,f,1,1,1461,Allow alt-right speakers on campus,Bathrooms restricted based on biological sex,1,-1,3,8,3,1.6834355419440914,3,4,3,1.6834355419440914,3,-3,6,0,4,6,4,6,-6,0,4,0,Left,1.461
4,R_1nVYSEciL6sPzAO,76,j,2,0,1760,Stop police brutality,Black Lives Matter,-1,-1,2,4,3,1.202453958531494,-3,4,3,-1.202453958531494,-2,3,5,-5,0,5,0,-5,5,5,0,1,Right,1.76
4,R_1nVYSEciL6sPzAO,77,f,1,1,3285,Remove public Confederate memorials,Defund Planned Parenthood,-1,-1,-3,0,4,-1.202453958531494,2,7,3,1.202453958531494,3,-2,5,-5,-7,5,7,5,-5,-5,-7,0,Left,3.285
4,R_1nVYSEciL6sPzAO,78,j,2,0,4056,Allow alt-right speakers on campus,U.S. drone strikes in Afghanistan,-1,1,3,8,3,1.6834355419440914,-1,0,2,-0.24049079170629878,-3,-1,2,-4,-8,2,8,-2,2,4,8,1,Right,4.056
4,R_1nVYSEciL6sPzAO,79,f,1,1,3025,Abolishing private prisons,Ban on research with animals,-1,-1,3,7,3,1.6834355419440914,1,4,3,0.7214723751188964,-3,-1,-2,2,3,2,3,-2,2,2,3,0,Left,3.025
4,R_1nVYSEciL6sPzAO,80,j,2,0,1740,Abolishing private prisons,Abolishing private prisons,-1,1,3,7,3,1.6834355419440914,3,7,3,1.6834355419440914,-3,3,6,0,0,6,0,-6,6,0,0,1,Right,1.74
4,R_1nVYSEciL6sPzAO,81,f,1,1,2118,Abolishing private prisons,Defund Planned Parenthood,1,-1,3,7,3,1.6834355419440914,2,7,3,1.202453958531494,3,-2,5,1,0,5,0,5,-5,1,0,0,Left,2.118
4,R_1nVYSEciL6sPzAO,82,j,2,0,3304,Bathrooms restricted based on biological sex,Increased Gun regulations,1,-1,3,4,3,1.6834355419440914,-3,0,4,-1.202453958531494,3,3,0,-6,-4,0,4,0,0,6,4,1,Right,3.304
4,R_1nVYSEciL6sPzAO,83,f,1,1,1983,Climate change legislation,Raise the minimum wage,-1,1,-3,0,4,-1.202453958531494,-2,0,4,-0.7214723751188964,3,-2,5,-1,0,5,0,5,-5,-1,0,0,Left,1.983
4,R_1nVYSEciL6sPzAO,84,f,1,1,1846,Stop police brutality,Bathrooms restricted based on biological sex,1,1,2,4,3,1.202453958531494,3,4,3,1.6834355419440914,2,3,-1,-1,0,1,0,-1,1,-1,0,0,Left,1.846
4,R_1nVYSEciL6sPzAO,85,f,1,1,1578,Lift COVID lockdowns,Build southern border wall,1,-1,3,8,4,1.6834355419440914,2,0,4,1.202453958531494,3,-2,5,1,8,5,8,5,-5,1,8,0,Left,1.578
4,R_1nVYSEciL6sPzAO,86,f,1,1,2447,Ban on research with animals,Allow alt-right speakers on campus,1,-1,1,4,3,0.7214723751188964,3,8,3,1.6834355419440914,1,-3,4,-2,-4,4,4,4,-4,-2,-4,0,Left,2.447
4,R_1nVYSEciL6sPzAO,87,j,2,0,2138,Ban on research with animals,Abolishing private prisons,1,1,1,4,3,0.7214723751188964,3,7,3,1.6834355419440914,1,3,2,2,3,2,3,-2,2,-2,-3,1,Right,2.138
4,R_1nVYSEciL6sPzAO,88,j,2,0,2141,Ban on research with animals,Affirmative action,-1,-1,1,4,3,0.7214723751188964,-3,4,4,-1.202453958531494,-1,3,4,-4,0,4,0,-4,4,4,0,1,Right,2.141
4,R_1nVYSEciL6sPzAO,89,j,2,0,2585,Expel students with white nationlist views,Increased Gun regulations,1,-1,-3,8,1,-1.202453958531494,-3,0,4,-1.202453958531494,-3,3,6,0,-8,6,8,-6,6,0,8,1,Right,2.585
4,R_1nVYSEciL6sPzAO,90,j,2,0,2269,Stop police brutality,Mandatory vaccinations,1,-1,2,4,3,1.202453958531494,-3,8,4,-1.202453958531494,2,3,1,-5,4,1,4,-1,1,5,-4,1,Right,2.269
4,R_1nVYSEciL6sPzAO,91,f,1,1,2987,Lift COVID lockdowns,Defund Planned Parenthood,-1,-1,3,8,4,1.6834355419440914,2,7,3,1.202453958531494,-3,-2,-1,1,1,1,1,-1,1,1,1,0,Left,2.987
4,R_1nVYSEciL6sPzAO,92,f,1,1,3189,Abolishing fraternities,Abolishing private prisons,1,-1,0,0,1,0.24049079170629878,3,7,3,1.6834355419440914,0,-3,3,-3,-7,3,7,3,-3,-3,-7,0,Left,3.189
4,R_1nVYSEciL6sPzAO,93,f,1,1,3436,Abolishing private prisons,U.S. drone strikes in Afghanistan,1,-1,3,7,3,1.6834355419440914,-1,0,2,-0.24049079170629878,3,1,2,4,7,2,7,2,-2,4,7,0,Left,3.436
4,R_1nVYSEciL6sPzAO,94,f,1,1,2500,Allow alt-right speakers on campus,Mandatory trigger warnings,1,1,3,8,3,1.6834355419440914,-3,0,2,-1.202453958531494,3,-3,6,6,8,6,8,6,-6,6,8,0,Left,2.5
4,R_1nVYSEciL6sPzAO,95,j,2,0,1590,Abolishing private prisons,Defund Planned Parenthood,-1,1,3,7,3,1.6834355419440914,2,7,3,1.202453958531494,-3,2,5,-1,0,5,0,-5,5,1,0,1,Right,1.59
4,R_1nVYSEciL6sPzAO,96,f,1,1,1938,Mandatory vaccinations,Stop police brutality,-1,-1,-3,8,4,-1.202453958531494,2,4,3,1.202453958531494,3,-2,5,-5,4,5,4,5,-5,-5,4,0,Left,1.938
4,R_1nVYSEciL6sPzAO,97,j,2,0,1476,Black Lives Matter,Build southern border wall,1,1,-3,4,3,-1.202453958531494,2,0,4,1.202453958531494,-3,2,5,5,-4,5,4,-5,5,-5,4,1,Right,1.476
4,R_1nVYSEciL6sPzAO,98,j,2,0,1802,Mandatory vaccinations,Remove Christopher Columbus statues,1,1,-3,8,4,-1.202453958531494,-2,0,3,-0.7214723751188964,-3,-2,1,1,-8,1,8,-1,1,-1,8,1,Right,1.802
4,R_1nVYSEciL6sPzAO,99,f,1,1,2707,Ban on research with animals,Lift COVID lockdowns,-1,-1,1,4,3,0.7214723751188964,3,8,4,1.6834355419440914,-1,-3,2,-2,-4,2,4,2,-2,-2,-4,0,Left,2.707
4,R_1nVYSEciL6sPzAO,100,j,2,0,2695,Mandatory vaccinations,Ban on ethnic Halloween costumes,-1,-1,-3,8,4,-1.202453958531494,-2,0,1,-0.7214723751188964,3,2,-1,1,-8,1,8,1,-1,-1,8,1,Right,2.695
15,R_2yqNMBtsGVPHW7v,1,j,2,0,3173.7999999970198,Remove public Confederate memorials,Climate change legislation,1,1,-1,2,3,-0.27108796774228794,-2,3,4,-1.4570978266147974,-1,-2,-1,-1,1,1,1,1,-1,1,-1,1,Right,3.1737999999970197
15,R_2yqNMBtsGVPHW7v,2,j,2,0,9267,Climate change legislation,Stop police brutality,-1,-1,-2,3,4,-1.4570978266147974,-1,5,4,-0.27108796774228794,2,1,-1,1,2,1,2,1,-1,-1,-2,1,Right,9.267
15,R_2yqNMBtsGVPHW7v,3,j,2,0,3704.7999999970198,Abolishing private prisons,Climate change legislation,-1,-1,-1,6,3,-0.27108796774228794,-2,3,4,-1.4570978266147974,1,2,1,-1,-3,1,3,-1,1,1,3,1,Right,3.70479999999702
15,R_2yqNMBtsGVPHW7v,4,f,1,1,3088.2000000029802,Recognize Jerusalem as capital of Israel,Ban on ethnic Halloween costumes,1,1,-2,4,4,-1.4570978266147974,1,7,4,2.1009317500027307,-2,1,-3,-3,-3,3,3,-3,3,-3,-3,0,Left,3.0882000000029803
15,R_2yqNMBtsGVPHW7v,5,f,1,1,4147.20000000298,Climate change legislation,Remove public Confederate memorials,-1,-1,-2,3,4,-1.4570978266147974,-1,2,3,-0.27108796774228794,2,1,1,-1,1,1,1,1,-1,-1,1,0,Left,4.1472000000029805
15,R_2yqNMBtsGVPHW7v,6,f,1,1,4379,Detention of migrant children,Ban on research with animals,-1,-1,-2,2,1,-1.4570978266147974,-1,3,4,-0.27108796774228794,2,1,1,-1,-1,1,1,1,-1,-1,-1,0,Left,4.379
15,R_2yqNMBtsGVPHW7v,7,f,1,1,6763.10000000149,Cuts to National Parks budget,Climate change legislation,1,-1,-1,3,3,-0.27108796774228794,-2,3,4,-1.4570978266147974,-1,2,-3,1,0,3,0,-3,3,1,0,0,Left,6.76310000000149
15,R_2yqNMBtsGVPHW7v,8,f,1,1,453.29999999701977,Recognize Jerusalem as capital of Israel,Ban on ethnic Halloween costumes,-1,1,-2,4,4,-1.4570978266147974,1,7,4,2.1009317500027307,2,1,1,-3,-3,1,3,1,-1,-3,-3,0,Left,0.45329999999701975
15,R_2yqNMBtsGVPHW7v,9,j,2,0,4319.80000000447,Recognize Jerusalem as capital of Israel,Legalization of marijuana,1,1,-2,4,4,-1.4570978266147974,0,3,3,0.9149218911302214,-2,0,2,2,-1,2,1,-2,2,-2,1,1,Right,4.31980000000447
15,R_2yqNMBtsGVPHW7v,10,f,1,1,1392.1000000014901,Abolishing fraternities,Climate change legislation,1,-1,0,2,3,0.9149218911302214,-2,3,4,-1.4570978266147974,0,2,-2,2,-1,2,1,-2,2,2,-1,0,Left,1.39210000000149
15,R_2yqNMBtsGVPHW7v,11,f,1,1,3139.2999999970198,War on Drugs,Climate change legislation,-1,1,0,6,3,0.9149218911302214,-2,3,4,-1.4570978266147974,-0,-2,2,2,3,2,3,2,-2,2,3,0,Left,3.1392999999970197
15,R_2yqNMBtsGVPHW7v,12,f,1,1,4337.39999999851,Mandatory vaccinations,Detention of migrant children,-1,-1,0,3,2,0.9149218911302214,-2,2,1,-1.4570978266147974,-0,2,-2,2,1,2,1,-2,2,2,1,0,Left,4.33739999999851
15,R_2yqNMBtsGVPHW7v,13,j,2,0,1699.6000000014901,Climate change legislation,Tuition increases,1,-1,-2,3,4,-1.4570978266147974,-2,2,2,-1.4570978266147974,-2,2,4,0,-1,4,1,-4,4,0,1,1,Right,1.6996000000014901
15,R_2yqNMBtsGVPHW7v,14,f,1,1,2281.10000000149,University Campus should be a Sanctuary,Climate change legislation,1,-1,1,3,3,2.1009317500027307,-2,3,4,-1.4570978266147974,1,2,-1,3,0,1,0,-1,1,3,0,0,Left,2.2811000000014903
15,R_2yqNMBtsGVPHW7v,15,f,1,1,1656.5,Abolishing private prisons,Tuition increases,1,-1,-1,6,3,-0.27108796774228794,-2,2,2,-1.4570978266147974,-1,2,-3,1,4,3,4,-3,3,1,4,0,Left,1.6565
15,R_2yqNMBtsGVPHW7v,16,j,2,0,5250,Ban on ethnic Halloween costumes,Climate change legislation,1,1,1,7,4,2.1009317500027307,-2,3,4,-1.4570978266147974,1,-2,-3,-3,-4,3,4,3,-3,3,4,1,Right,5.25
15,R_2yqNMBtsGVPHW7v,17,f,1,1,5304.5,Remove public Confederate memorials,Detention of migrant children,-1,-1,-1,2,3,-0.27108796774228794,-2,2,1,-1.4570978266147974,1,2,-1,1,0,1,0,-1,1,1,0,0,Left,5.3045
15,R_2yqNMBtsGVPHW7v,18,j,2,0,1165.8999999985099,Abolishing private prisons,Recognize Jerusalem as capital of Israel,-1,-1,-1,6,3,-0.27108796774228794,-2,4,4,-1.4570978266147974,1,2,1,-1,-2,1,2,-1,1,1,2,1,Right,1.1658999999985098
15,R_2yqNMBtsGVPHW7v,19,f,1,1,1187.8000000044703,Raise the minimum wage,Recognize Jerusalem as capital of Israel,-1,1,-1,4,4,-0.27108796774228794,-2,4,4,-1.4570978266147974,1,-2,3,1,0,3,0,3,-3,1,0,0,Left,1.1878000000044704
15,R_2yqNMBtsGVPHW7v,20,j,2,0,1391.1000000014901,Recognize Jerusalem as capital of Israel,Mandatory vaccinations,-1,-1,-2,4,4,-1.4570978266147974,0,3,2,0.9149218911302214,2,-0,-2,2,-1,2,1,2,-2,-2,1,1,Right,1.3911000000014901
15,R_2yqNMBtsGVPHW7v,21,f,1,1,964.1000000014901,Student worker unionization,Climate change legislation,1,-1,-2,5,4,-1.4570978266147974,-2,3,4,-1.4570978266147974,-2,2,-4,0,2,4,2,-4,4,0,2,0,Left,0.9641000000014901
15,R_2yqNMBtsGVPHW7v,22,j,2,0,914.3000000044703,Allow alt-right speakers on campus,Climate change legislation,-1,-1,1,4,3,2.1009317500027307,-2,3,4,-1.4570978266147974,-1,2,3,-3,-1,3,1,-3,3,3,1,1,Right,0.9143000000044703
15,R_2yqNMBtsGVPHW7v,23,f,1,1,896.5,U.S. drone strikes in Afghanistan,Recognize Jerusalem as capital of Israel,-1,1,0,6,4,0.9149218911302214,-2,4,4,-1.4570978266147974,-0,-2,2,2,2,2,2,2,-2,2,2,0,Left,0.8965
15,R_2yqNMBtsGVPHW7v,24,f,1,1,1027.0999999940395,Student worker unionization,Tuition increases,1,-1,-2,5,4,-1.4570978266147974,-2,2,2,-1.4570978266147974,-2,2,-4,0,3,4,3,-4,4,0,3,0,Left,1.0270999999940396
15,R_2yqNMBtsGVPHW7v,25,f,1,1,869.5,Student worker unionization,Recognize Jerusalem as capital of Israel,1,-1,-2,5,4,-1.4570978266147974,-2,4,4,-1.4570978266147974,-2,2,-4,0,1,4,1,-4,4,0,1,0,Left,0.8695
15,R_2yqNMBtsGVPHW7v,26,f,1,1,814.7000000029802,Detention of migrant children,Ban on ethnic Halloween costumes,-1,-1,-2,2,1,-1.4570978266147974,1,7,4,2.1009317500027307,2,-1,3,-3,-5,3,5,3,-3,-3,-5,0,Left,0.8147000000029803
15,R_2yqNMBtsGVPHW7v,27,f,1,1,1180.7999999970198,Climate change legislation,Mandatory vaccinations,1,-1,-2,3,4,-1.4570978266147974,0,3,2,0.9149218911302214,-2,-0,-2,-2,0,2,0,-2,2,-2,0,0,Left,1.1807999999970198
15,R_2yqNMBtsGVPHW7v,28,j,2,0,1184.7999999970198,Recognize Jerusalem as capital of Israel,Recognize Jerusalem as capital of Israel,-1,1,-2,4,4,-1.4570978266147974,-2,4,4,-1.4570978266147974,2,-2,-4,0,0,4,0,4,-4,0,0,1,Right,1.1847999999970198
15,R_2yqNMBtsGVPHW7v,29,f,1,1,871.2999999970198,Recognize Jerusalem as capital of Israel,Abolishing private prisons,1,-1,-2,4,4,-1.4570978266147974,-1,6,3,-0.27108796774228794,-2,1,-3,-1,-2,3,2,-3,3,-1,-2,0,Left,0.8712999999970198
15,R_2yqNMBtsGVPHW7v,30,j,2,0,926.5,Detention of migrant children,Remove public Confederate memorials,-1,1,-2,2,1,-1.4570978266147974,-1,2,3,-0.27108796774228794,2,-1,-3,1,0,3,0,3,-3,-1,0,1,Right,0.9265
15,R_2yqNMBtsGVPHW7v,31,j,2,0,893.5,Remove public Confederate memorials,Climate change legislation,-1,1,-1,2,3,-0.27108796774228794,-2,3,4,-1.4570978266147974,1,-2,-3,-1,1,3,1,3,-3,1,-1,1,Right,0.8935
15,R_2yqNMBtsGVPHW7v,32,f,1,1,1128.2000000029802,Abolishing private prisons,Tuition increases,-1,-1,-1,6,3,-0.27108796774228794,-2,2,2,-1.4570978266147974,1,2,-1,1,4,1,4,-1,1,1,4,0,Left,1.1282000000029802
15,R_2yqNMBtsGVPHW7v,33,j,2,0,1646,Ban on ethnic Halloween costumes,Climate change legislation,1,-1,1,7,4,2.1009317500027307,-2,3,4,-1.4570978266147974,1,2,1,-3,-4,1,4,-1,1,3,4,1,Right,1.646
15,R_2yqNMBtsGVPHW7v,34,f,1,1,3572.4000000059605,Recognize Jerusalem as capital of Israel,Abolishing fraternities,1,-1,-2,4,4,-1.4570978266147974,0,2,3,0.9149218911302214,-2,-0,-2,-2,2,2,2,-2,2,-2,2,0,Left,3.5724000000059606
15,R_2yqNMBtsGVPHW7v,35,j,2,0,873.8999999985099,U.S. drone strikes in Afghanistan,Recognize Jerusalem as capital of Israel,-1,-1,0,6,4,0.9149218911302214,-2,4,4,-1.4570978266147974,-0,2,2,-2,-2,2,2,-2,2,2,2,1,Right,0.8738999999985099
15,R_2yqNMBtsGVPHW7v,36,f,1,1,937.3999999985099,Climate change legislation,Religious exemptions for discrimination laws,1,-1,-2,3,4,-1.4570978266147974,-1,3,4,-0.27108796774228794,-2,1,-3,-1,0,3,0,-3,3,-1,0,0,Left,0.9373999999985099
15,R_2yqNMBtsGVPHW7v,37,j,2,0,500.29999999701977,Climate change legislation,Abolishing fraternities,1,1,-2,3,4,-1.4570978266147974,0,2,3,0.9149218911302214,-2,0,2,2,-1,2,1,-2,2,-2,1,1,Right,0.5002999999970198
15,R_2yqNMBtsGVPHW7v,38,f,1,1,400.5,Abortion rights,Climate change legislation,-1,-1,-1,4,3,-0.27108796774228794,-2,3,4,-1.4570978266147974,1,2,-1,1,1,1,1,-1,1,1,1,0,Left,0.4005
15,R_2yqNMBtsGVPHW7v,39,f,1,1,1251.3999999985099,Mandatory training on sexual consent,Recognize Jerusalem as capital of Israel,1,1,-1,4,4,-0.27108796774228794,-2,4,4,-1.4570978266147974,-1,-2,1,1,0,1,0,1,-1,1,0,0,Left,1.25139999999851
15,R_2yqNMBtsGVPHW7v,40,j,2,0,446.6000000014901,Abolishing private prisons,Climate change legislation,-1,1,-1,6,3,-0.27108796774228794,-2,3,4,-1.4570978266147974,1,-2,-3,-1,-3,3,3,3,-3,1,3,1,Right,0.44660000000149014
15,R_2yqNMBtsGVPHW7v,41,f,1,1,979.7999999970198,Recognize Jerusalem as capital of Israel,Climate change legislation,-1,1,-2,4,4,-1.4570978266147974,-2,3,4,-1.4570978266147974,2,-2,4,0,1,4,1,4,-4,0,1,0,Left,0.9797999999970197
15,R_2yqNMBtsGVPHW7v,42,j,2,0,1031.2999999970198,Mandatory training on sexual consent,Recognize Jerusalem as capital of Israel,-1,-1,-1,4,4,-0.27108796774228794,-2,4,4,-1.4570978266147974,1,2,1,-1,0,1,0,-1,1,1,0,1,Right,1.0312999999970198
15,R_2yqNMBtsGVPHW7v,43,j,2,0,1390.2999999970198,Tuition increases,War on Drugs,-1,1,-2,2,2,-1.4570978266147974,0,6,3,0.9149218911302214,2,0,-2,2,4,2,4,2,-2,-2,-4,1,Right,1.3902999999970198
15,R_2yqNMBtsGVPHW7v,44,j,2,0,4220.10000000149,Student worker unionization,Recognize Jerusalem as capital of Israel,1,1,-2,5,4,-1.4570978266147974,-2,4,4,-1.4570978266147974,-2,-2,0,0,-1,0,1,0,0,0,1,1,Right,4.22010000000149
15,R_2yqNMBtsGVPHW7v,45,j,2,0,955.5,Gun-free campus police,Climate change legislation,-1,1,1,5,4,2.1009317500027307,-2,3,4,-1.4570978266147974,-1,-2,-1,-3,-2,1,2,1,-1,3,2,1,Right,0.9555
15,R_2yqNMBtsGVPHW7v,46,f,1,1,1080.1000000014901,Recognize Jerusalem as capital of Israel,Mask mandates,-1,1,-2,4,4,-1.4570978266147974,-1,4,3,-0.27108796774228794,2,-1,3,-1,0,3,0,3,-3,-1,0,0,Left,1.0801000000014902
15,R_2yqNMBtsGVPHW7v,47,j,2,0,1166.7000000029802,Tuition increases,Abolishing fraternities,-1,1,-2,2,2,-1.4570978266147974,0,2,3,0.9149218911302214,2,0,-2,2,0,2,0,2,-2,-2,0,1,Right,1.1667000000029801
15,R_2yqNMBtsGVPHW7v,48,f,1,1,1608,Black Lives Matter,Recognize Jerusalem as capital of Israel,1,1,-1,3,4,-0.27108796774228794,-2,4,4,-1.4570978266147974,-1,-2,1,1,-1,1,1,1,-1,1,-1,0,Left,1.608
15,R_2yqNMBtsGVPHW7v,49,j,2,0,991.9000000059605,Recognize Jerusalem as capital of Israel,Abolishing fraternities,-1,1,-2,4,4,-1.4570978266147974,0,2,3,0.9149218911302214,2,0,-2,2,-2,2,2,2,-2,-2,2,1,Right,0.9919000000059605
15,R_2yqNMBtsGVPHW7v,50,j,2,0,1806.6000000014901,Ban on ethnic Halloween costumes,Recognize Jerusalem as capital of Israel,-1,-1,1,7,4,2.1009317500027307,-2,4,4,-1.4570978266147974,-1,2,3,-3,-3,3,3,-3,3,3,3,1,Right,1.8066000000014901
15,R_2yqNMBtsGVPHW7v,51,j,2,0,1297.8999999985099,Climate change legislation,Climate change legislation,-1,1,-2,3,4,-1.4570978266147974,-2,3,4,-1.4570978266147974,2,-2,-4,0,0,4,0,4,-4,0,0,1,Right,1.29789999999851
15,R_2yqNMBtsGVPHW7v,52,f,1,1,1553.7000000029802,Climate change legislation,Student worker unionization,1,-1,-2,3,4,-1.4570978266147974,-2,5,4,-1.4570978266147974,-2,2,-4,0,-2,4,2,-4,4,0,-2,0,Left,1.5537000000029801
15,R_2yqNMBtsGVPHW7v,53,j,2,0,921,Recognize Jerusalem as capital of Israel,Student worker unionization,-1,-1,-2,4,4,-1.4570978266147974,-2,5,4,-1.4570978266147974,2,2,0,0,1,0,1,0,0,0,-1,1,Right,0.921
15,R_2yqNMBtsGVPHW7v,54,j,2,0,1461.8999999985099,Recognize Jerusalem as capital of Israel,Remove public Confederate memorials,1,-1,-2,4,4,-1.4570978266147974,-1,2,3,-0.27108796774228794,-2,1,3,1,-2,3,2,-3,3,-1,2,1,Right,1.4618999999985098
15,R_2yqNMBtsGVPHW7v,55,j,2,0,2942,Recognize Jerusalem as capital of Israel,"Boycott, Divest, and Sanction Israel",1,-1,-2,4,4,-1.4570978266147974,-1,5,4,-0.27108796774228794,-2,1,3,1,1,3,1,-3,3,-1,-1,1,Right,2.942
15,R_2yqNMBtsGVPHW7v,56,f,1,1,4310.29999999702,Detention of migrant children,Recognize Jerusalem as capital of Israel,1,1,-2,2,1,-1.4570978266147974,-2,4,4,-1.4570978266147974,-2,-2,0,0,-2,0,2,0,0,0,-2,0,Left,4.31029999999702
15,R_2yqNMBtsGVPHW7v,57,j,2,0,703,U.S. drone strikes in Afghanistan,Climate change legislation,-1,-1,0,6,4,0.9149218911302214,-2,3,4,-1.4570978266147974,-0,2,2,-2,-3,2,3,-2,2,2,3,1,Right,0.703
15,R_2yqNMBtsGVPHW7v,58,f,1,1,764.1000000014901,Physician-assisted suicide,Recognize Jerusalem as capital of Israel,1,1,-1,5,3,-0.27108796774228794,-2,4,4,-1.4570978266147974,-1,-2,1,1,1,1,1,1,-1,1,1,0,Left,0.7641000000014901
15,R_2yqNMBtsGVPHW7v,59,f,1,1,7902.39999999851,Affirmative action,Detention of migrant children,1,-1,-1,3,3,-0.27108796774228794,-2,2,1,-1.4570978266147974,-1,2,-3,1,1,3,1,-3,3,1,1,0,Left,7.90239999999851
15,R_2yqNMBtsGVPHW7v,60,f,1,1,583.1999999955297,Student worker unionization,Climate change legislation,1,1,-2,5,4,-1.4570978266147974,-2,3,4,-1.4570978266147974,-2,-2,0,0,2,0,2,0,0,0,2,0,Left,0.5831999999955296
15,R_2yqNMBtsGVPHW7v,61,f,1,1,1660.6999999955297,Detention of migrant children,Hardening schools/Arming teachers,-1,-1,-2,2,1,-1.4570978266147974,-1,5,4,-0.27108796774228794,2,1,1,-1,-3,1,3,1,-1,-1,-3,0,Left,1.6606999999955296
15,R_2yqNMBtsGVPHW7v,62,j,2,0,318.8999999985099,Climate change legislation,Recognize Jerusalem as capital of Israel,1,1,-2,3,4,-1.4570978266147974,-2,4,4,-1.4570978266147974,-2,-2,0,0,1,0,1,0,0,0,-1,1,Right,0.3188999999985099
15,R_2yqNMBtsGVPHW7v,63,j,2,0,842.8000000044703,Climate change legislation,Allow alt-right speakers on campus,1,-1,-2,3,4,-1.4570978266147974,1,4,3,2.1009317500027307,-2,-1,1,3,1,1,1,-1,1,-3,-1,1,Right,0.8428000000044703
15,R_2yqNMBtsGVPHW7v,64,f,1,1,499.80000000447035,Climate change legislation,Tuition increases,1,1,-2,3,4,-1.4570978266147974,-2,2,2,-1.4570978266147974,-2,-2,0,0,1,0,1,0,0,0,1,0,Left,0.49980000000447034
15,R_2yqNMBtsGVPHW7v,65,j,2,0,603.2999999970198,Climate change legislation,Recognize Jerusalem as capital of Israel,-1,1,-2,3,4,-1.4570978266147974,-2,4,4,-1.4570978266147974,2,-2,-4,0,1,4,1,4,-4,0,-1,1,Right,0.6032999999970198
15,R_2yqNMBtsGVPHW7v,66,j,2,0,562.1000000014901,Mandatory vaccinations,Climate change legislation,-1,-1,0,3,2,0.9149218911302214,-2,3,4,-1.4570978266147974,-0,2,2,-2,0,2,0,-2,2,2,0,1,Right,0.5621000000014901
15,R_2yqNMBtsGVPHW7v,67,j,2,0,551.3999999985099,Detention of migrant children,Detention of migrant children,-1,1,-2,2,1,-1.4570978266147974,-2,2,1,-1.4570978266147974,2,-2,-4,0,0,4,0,4,-4,0,0,1,Right,0.5513999999985099
15,R_2yqNMBtsGVPHW7v,68,f,1,1,312.59999999403954,Climate change legislation,Student worker unionization,-1,-1,-2,3,4,-1.4570978266147974,-2,5,4,-1.4570978266147974,2,2,0,0,-2,0,2,0,0,0,-2,0,Left,0.31259999999403953
15,R_2yqNMBtsGVPHW7v,69,j,2,0,868.8000000044703,Climate change legislation,Tuition increases,-1,1,-2,3,4,-1.4570978266147974,-2,2,2,-1.4570978266147974,2,-2,-4,0,-1,4,1,4,-4,0,1,1,Right,0.8688000000044703
15,R_2yqNMBtsGVPHW7v,70,j,2,0,988.6000000014901,Climate change legislation,Abortion rights,1,-1,-2,3,4,-1.4570978266147974,-1,4,3,-0.27108796774228794,-2,1,3,1,1,3,1,-3,3,-1,-1,1,Right,0.9886000000014901
15,R_2yqNMBtsGVPHW7v,71,f,1,1,784.2999999970198,Safe injection locations,Tuition increases,1,-1,-1,4,2,-0.27108796774228794,-2,2,2,-1.4570978266147974,-1,2,-3,1,2,3,2,-3,3,1,2,0,Left,0.7842999999970197
15,R_2yqNMBtsGVPHW7v,72,f,1,1,1050.2999999970198,Affirmative action,Recognize Jerusalem as capital of Israel,1,-1,-1,3,3,-0.27108796774228794,-2,4,4,-1.4570978266147974,-1,2,-3,1,-1,3,1,-3,3,1,-1,0,Left,1.0502999999970197
15,R_2yqNMBtsGVPHW7v,73,f,1,1,3868.6999999955297,Ban on ethnic Halloween costumes,Recognize Jerusalem as capital of Israel,-1,1,1,7,4,2.1009317500027307,-2,4,4,-1.4570978266147974,-1,-2,1,3,3,1,3,1,-1,3,3,0,Left,3.86869999999553
15,R_2yqNMBtsGVPHW7v,74,f,1,1,530.7999999970198,Recognize Jerusalem as capital of Israel,Remove public Confederate memorials,-1,1,-2,4,4,-1.4570978266147974,-1,2,3,-0.27108796774228794,2,-1,3,-1,2,3,2,3,-3,-1,2,0,Left,0.5307999999970198
15,R_2yqNMBtsGVPHW7v,75,j,2,0,420.79999999701977,Detention of migrant children,Ban on ethnic Halloween costumes,-1,1,-2,2,1,-1.4570978266147974,1,7,4,2.1009317500027307,2,1,-1,3,5,1,5,1,-1,-3,-5,1,Right,0.4207999999970198
15,R_2yqNMBtsGVPHW7v,76,j,2,0,621.6000000014901,Gun-free campus police,Climate change legislation,1,1,1,5,4,2.1009317500027307,-2,3,4,-1.4570978266147974,1,-2,-3,-3,-2,3,2,3,-3,3,2,1,Right,0.6216000000014901
15,R_2yqNMBtsGVPHW7v,77,j,2,0,1786.8000000044703,Recognize Jerusalem as capital of Israel,Mandatory trigger warnings,-1,-1,-2,4,4,-1.4570978266147974,-1,3,2,-0.27108796774228794,2,1,-1,1,-1,1,1,1,-1,-1,1,1,Right,1.7868000000044704
15,R_2yqNMBtsGVPHW7v,78,j,2,0,502.3999999985099,Recognize Jerusalem as capital of Israel,Detention of migrant children,1,-1,-2,4,4,-1.4570978266147974,-2,2,1,-1.4570978266147974,-2,2,4,0,-2,4,2,-4,4,0,2,1,Right,0.5023999999985099
15,R_2yqNMBtsGVPHW7v,79,j,2,0,515.9000000059605,Physician-assisted suicide,Recognize Jerusalem as capital of Israel,1,-1,-1,5,3,-0.27108796774228794,-2,4,4,-1.4570978266147974,-1,2,3,-1,-1,3,1,-3,3,1,1,1,Right,0.5159000000059605
15,R_2yqNMBtsGVPHW7v,80,f,1,1,1152.7999999970198,Abolishing private prisons,Recognize Jerusalem as capital of Israel,1,-1,-1,6,3,-0.27108796774228794,-2,4,4,-1.4570978266147974,-1,2,-3,1,2,3,2,-3,3,1,2,0,Left,1.1527999999970198
15,R_2yqNMBtsGVPHW7v,81,j,2,0,1075.1000000014901,Remove public Confederate memorials,Recognize Jerusalem as capital of Israel,1,1,-1,2,3,-0.27108796774228794,-2,4,4,-1.4570978266147974,-1,-2,-1,-1,2,1,2,1,-1,1,-2,1,Right,1.07510000000149
15,R_2yqNMBtsGVPHW7v,82,j,2,0,706.0999999940395,Recognize Jerusalem as capital of Israel,Climate change legislation,-1,-1,-2,4,4,-1.4570978266147974,-2,3,4,-1.4570978266147974,2,2,0,0,-1,0,1,0,0,0,1,1,Right,0.7060999999940395
15,R_2yqNMBtsGVPHW7v,83,j,2,0,1891,Ban on ethnic Halloween costumes,Climate change legislation,-1,-1,1,7,4,2.1009317500027307,-2,3,4,-1.4570978266147974,-1,2,3,-3,-4,3,4,-3,3,3,4,1,Right,1.891
15,R_2yqNMBtsGVPHW7v,84,j,2,0,5062.5999999940395,Tuition increases,Recognize Jerusalem as capital of Israel,1,-1,-2,2,2,-1.4570978266147974,-2,4,4,-1.4570978266147974,-2,2,4,0,2,4,2,-4,4,0,-2,1,Right,5.062599999994039
15,R_2yqNMBtsGVPHW7v,85,j,2,0,2197.2999999970198,Ban on ethnic Halloween costumes,Climate change legislation,-1,1,1,7,4,2.1009317500027307,-2,3,4,-1.4570978266147974,-1,-2,-1,-3,-4,1,4,1,-1,3,4,1,Right,2.19729999999702
15,R_2yqNMBtsGVPHW7v,86,j,2,0,4498.29999999702,Tuition increases,Student worker unionization,-1,-1,-2,2,2,-1.4570978266147974,-2,5,4,-1.4570978266147974,2,2,0,0,3,0,3,0,0,0,-3,1,Right,4.49829999999702
15,R_2yqNMBtsGVPHW7v,87,j,2,0,879.3999999985099,Climate change legislation,Tuition increases,-1,-1,-2,3,4,-1.4570978266147974,-2,2,2,-1.4570978266147974,2,2,0,0,-1,0,1,0,0,0,1,1,Right,0.8793999999985099
15,R_2yqNMBtsGVPHW7v,88,j,2,0,1740.3000000044703,Detention of migrant children,Mask mandates,-1,-1,-2,2,1,-1.4570978266147974,-1,4,3,-0.27108796774228794,2,1,-1,1,2,1,2,1,-1,-1,-2,1,Right,1.7403000000044704
15,R_2yqNMBtsGVPHW7v,89,f,1,1,3271.4000000059605,Climate change legislation,Remove public Confederate memorials,-1,1,-2,3,4,-1.4570978266147974,-1,2,3,-0.27108796774228794,2,-1,3,-1,1,3,1,3,-3,-1,1,0,Left,3.2714000000059604
15,R_2yqNMBtsGVPHW7v,90,j,2,0,1084.8999999985099,Recognize Jerusalem as capital of Israel,Abolishing private prisons,1,1,-2,4,4,-1.4570978266147974,-1,6,3,-0.27108796774228794,-2,-1,1,1,2,1,2,-1,1,-1,-2,1,Right,1.0848999999985098
15,R_2yqNMBtsGVPHW7v,91,f,1,1,836.8999999985099,Climate change legislation,Ban on research with animals,1,1,-2,3,4,-1.4570978266147974,-1,3,4,-0.27108796774228794,-2,-1,-1,-1,0,1,0,-1,1,-1,0,0,Left,0.8368999999985098
15,R_2yqNMBtsGVPHW7v,92,j,2,0,1176.7999999970198,Recognize Jerusalem as capital of Israel,Remove public Confederate memorials,-1,-1,-2,4,4,-1.4570978266147974,-1,2,3,-0.27108796774228794,2,1,-1,1,-2,1,2,1,-1,-1,2,1,Right,1.1767999999970198
15,R_2yqNMBtsGVPHW7v,93,j,2,0,2593.4000000059605,Recognize Jerusalem as capital of Israel,Build southern border wall,1,-1,-2,4,4,-1.4570978266147974,-1,3,3,-0.27108796774228794,-2,1,3,1,-1,3,1,-3,3,-1,1,1,Right,2.5934000000059605
15,R_2yqNMBtsGVPHW7v,94,f,1,1,778,Gun-free campus police,Recognize Jerusalem as capital of Israel,1,-1,1,5,4,2.1009317500027307,-2,4,4,-1.4570978266147974,1,2,-1,3,1,1,1,-1,1,3,1,0,Left,0.778
15,R_2yqNMBtsGVPHW7v,95,f,1,1,1241.1000000014901,Abolishing private prisons,Climate change legislation,1,-1,-1,6,3,-0.27108796774228794,-2,3,4,-1.4570978266147974,-1,2,-3,1,3,3,3,-3,3,1,3,0,Left,1.24110000000149
15,R_2yqNMBtsGVPHW7v,96,j,2,0,2848.5,Hardening schools/Arming teachers,Detention of migrant children,1,-1,-1,5,4,-0.27108796774228794,-2,2,1,-1.4570978266147974,-1,2,3,-1,-3,3,3,-3,3,1,3,1,Right,2.8485
15,R_2yqNMBtsGVPHW7v,97,f,1,1,963.3999999985099,Recognize Jerusalem as capital of Israel,Student worker unionization,1,-1,-2,4,4,-1.4570978266147974,-2,5,4,-1.4570978266147974,-2,2,-4,0,-1,4,1,-4,4,0,-1,0,Left,0.9633999999985099
15,R_2yqNMBtsGVPHW7v,98,j,2,0,995.7999999970198,Climate change legislation,Hardening schools/Arming teachers,-1,1,-2,3,4,-1.4570978266147974,-1,5,4,-0.27108796774228794,2,-1,-3,1,2,3,2,3,-3,-1,-2,1,Right,0.9957999999970197
15,R_2yqNMBtsGVPHW7v,99,f,1,1,788.1000000014901,Recognize Jerusalem as capital of Israel,Detention of migrant children,-1,-1,-2,4,4,-1.4570978266147974,-2,2,1,-1.4570978266147974,2,2,0,0,2,0,2,0,0,0,2,0,Left,0.7881000000014902
15,R_2yqNMBtsGVPHW7v,100,f,1,1,857.6000000014901,Abolishing private prisons,Climate change legislation,1,1,-1,6,3,-0.27108796774228794,-2,3,4,-1.4570978266147974,-1,-2,1,1,3,1,3,1,-1,1,3,0,Left,0.8576000000014902
7,R_28CgpBloxvTog2t,1,f,1,1,5412.5,Legalization of marijuana,Defund Planned Parenthood,1,1,3,4,3,1.455822455986915,-3,7,3,-1.6703647126586711,3,-3,6,6,-3,6,3,6,-6,6,-3,0,Left,5.4125
7,R_28CgpBloxvTog2t,2,j,2,0,6243.899999976158,Defund Planned Parenthood,Mandatory trigger warnings,-1,1,-3,7,3,-1.6703647126586711,0,3,3,-0.10727112833587804,3,0,-3,3,-4,3,4,3,-3,-3,4,1,Right,6.243899999976158
7,R_28CgpBloxvTog2t,3,f,1,1,3228.699999988079,Raise the minimum wage,Lift COVID lockdowns,1,1,3,7,4,1.455822455986915,1,5,4,0.4137600664383863,3,1,2,2,2,2,2,2,-2,2,2,0,Left,3.228699999988079
7,R_28CgpBloxvTog2t,4,f,1,1,2123.2999999523163,Physician-assisted suicide,Religious exemptions for discrimination laws,1,-1,1,4,3,0.4137600664383863,-3,8,2,-1.6703647126586711,1,3,-2,4,-4,2,4,-2,2,4,-4,0,Left,2.1232999999523163
7,R_28CgpBloxvTog2t,5,f,1,1,2567.100000023842,Increased Gun regulations,Religious exemptions for discrimination laws,-1,-1,2,6,2,0.9347912612126507,-3,8,2,-1.6703647126586711,-2,3,-5,5,-2,5,2,-5,5,5,-2,0,Left,2.5671000000238418
7,R_28CgpBloxvTog2t,6,j,2,0,3109.5,Bathrooms restricted based on biological sex,Raise the minimum wage,1,-1,-2,5,4,-1.1493335178844069,3,7,4,1.455822455986915,-2,-3,-1,5,2,1,2,1,-1,-5,-2,1,Right,3.1095
7,R_28CgpBloxvTog2t,7,f,1,1,7016.200000047684,Allow alt-right speakers on campus,Mandatory training on sexual consent,1,-1,-2,5,3,-1.1493335178844069,3,8,3,1.455822455986915,-2,-3,1,-5,-3,1,3,1,-1,-5,-3,0,Left,7.016200000047684
7,R_28CgpBloxvTog2t,8,j,2,0,2724,Religious exemptions for discrimination laws,Allow alt-right speakers on campus,-1,-1,-3,8,2,-1.6703647126586711,-2,5,3,-1.1493335178844069,3,2,-1,1,-3,1,3,1,-1,-1,3,1,Right,2.724
7,R_28CgpBloxvTog2t,9,j,2,0,1973,Safe injection locations,Raise the minimum wage,-1,1,1,3,2,0.4137600664383863,3,7,4,1.455822455986915,-1,3,4,2,4,4,4,-4,4,-2,-4,1,Right,1.973
7,R_28CgpBloxvTog2t,10,f,1,1,1163.3999999761581,Raise the minimum wage,Legalization of marijuana,1,-1,3,7,4,1.455822455986915,3,4,3,1.455822455986915,3,-3,6,0,3,6,3,6,-6,0,3,0,Left,1.1633999999761582
7,R_28CgpBloxvTog2t,11,j,2,0,1566.300000011921,Religious exemptions for discrimination laws,Ban on research with animals,-1,-1,-3,8,2,-1.6703647126586711,2,5,3,0.9347912612126507,3,-2,-5,5,-3,5,3,5,-5,-5,3,1,Right,1.566300000011921
7,R_28CgpBloxvTog2t,12,j,2,0,1516.7999999523163,Religious exemptions for discrimination laws,Defund the police,1,1,-3,8,2,-1.6703647126586711,-1,5,3,-0.6283023231101424,-3,-1,2,2,-3,2,3,-2,2,-2,3,1,Right,1.5167999999523163
7,R_28CgpBloxvTog2t,13,j,2,0,1759.699999988079,Religious exemptions for discrimination laws,Remove police from schools,-1,-1,-3,8,2,-1.6703647126586711,-2,4,3,-1.1493335178844069,3,2,-1,1,-4,1,4,1,-1,-1,4,1,Right,1.7596999999880791
7,R_28CgpBloxvTog2t,14,j,2,0,1160,Defund Planned Parenthood,Ban on research with animals,-1,1,-3,7,3,-1.6703647126586711,2,5,3,0.9347912612126507,3,2,-1,5,-2,1,2,1,-1,-5,2,1,Right,1.16
7,R_28CgpBloxvTog2t,15,j,2,0,1931.5999999642372,Defund Planned Parenthood,Remove police from schools,1,1,-3,7,3,-1.6703647126586711,-2,4,3,-1.1493335178844069,-3,-2,1,1,-3,1,3,-1,1,-1,3,1,Right,1.9315999999642373
7,R_28CgpBloxvTog2t,16,j,2,0,3042,Mandatory trigger warnings,Mandatory training on sexual consent,-1,1,0,3,3,-0.10727112833587804,3,8,3,1.455822455986915,-0,3,3,3,5,3,5,-3,3,-3,-5,1,Right,3.042
7,R_28CgpBloxvTog2t,17,f,1,1,1688.2000000476837,Black Lives Matter,Religious exemptions for discrimination laws,1,1,1,6,3,0.4137600664383863,-3,8,2,-1.6703647126586711,1,-3,4,4,-2,4,2,4,-4,4,-2,0,Left,1.6882000000476838
7,R_28CgpBloxvTog2t,18,f,1,1,1443.800000011921,Legalization of marijuana,Religious exemptions for discrimination laws,1,-1,3,4,3,1.455822455986915,-3,8,2,-1.6703647126586711,3,3,0,6,-4,0,4,0,0,6,-4,0,Left,1.4438000000119209
7,R_28CgpBloxvTog2t,19,j,2,0,1079.300000011921,Religious exemptions for discrimination laws,Tuition increases,1,1,-3,8,2,-1.6703647126586711,-3,6,4,-1.6703647126586711,-3,-3,0,0,-2,0,2,0,0,0,2,1,Right,1.0793000000119208
7,R_28CgpBloxvTog2t,20,f,1,1,3600.199999988079,Mask mandates,Religious exemptions for discrimination laws,1,1,1,5,3,0.4137600664383863,-3,8,2,-1.6703647126586711,1,-3,4,4,-3,4,3,4,-4,4,-3,0,Left,3.600199999988079
7,R_28CgpBloxvTog2t,21,f,1,1,18929.600000023842,Dorms determined by gender identity,Mandatory training on sexual consent,-1,-1,0,4,2,-0.10727112833587804,3,8,3,1.455822455986915,-0,-3,3,-3,-4,3,4,3,-3,-3,-4,0,Left,18.929600000023843
7,R_28CgpBloxvTog2t,22,f,1,1,1415.800000011921,Legalization of marijuana,Mandatory training on sexual consent,1,-1,3,4,3,1.455822455986915,3,8,3,1.455822455986915,3,-3,6,0,-4,6,4,6,-6,0,-4,0,Left,1.4158000000119209
7,R_28CgpBloxvTog2t,23,f,1,1,2668,Physician-assisted suicide,Detention of migrant children,-1,1,1,4,3,0.4137600664383863,-3,8,3,-1.6703647126586711,-1,-3,2,4,-4,2,4,2,-2,4,-4,0,Left,2.668
7,R_28CgpBloxvTog2t,24,f,1,1,4079.5,Remove Christopher Columbus statues,Raise the minimum wage,-1,-1,1,6,2,0.4137600664383863,3,7,4,1.455822455986915,-1,-3,2,-2,-1,2,1,2,-2,-2,-1,0,Left,4.0795
7,R_28CgpBloxvTog2t,25,j,2,0,4558.100000023842,Stop police brutality,Defund Planned Parenthood,-1,-1,2,7,3,0.9347912612126507,-3,7,3,-1.6703647126586711,-2,3,5,-5,0,5,0,-5,5,5,0,1,Right,4.558100000023842
7,R_28CgpBloxvTog2t,26,f,1,1,2071.100000023842,Abortion rights,Mandatory training on sexual consent,1,1,3,5,3,1.455822455986915,3,8,3,1.455822455986915,3,3,0,0,-3,0,3,0,0,0,-3,0,Left,2.0711000000238418
7,R_28CgpBloxvTog2t,27,j,2,0,3462.100000023842,Detention of migrant children,Lift COVID lockdowns,-1,1,-3,8,3,-1.6703647126586711,1,5,4,0.4137600664383863,3,1,-2,4,-3,2,3,2,-2,-4,3,1,Right,3.4621000000238418
7,R_28CgpBloxvTog2t,28,f,1,1,5738,Mandatory training on sexual consent,Legalization of marijuana,-1,-1,3,8,3,1.455822455986915,3,4,3,1.455822455986915,-3,-3,0,0,4,0,4,0,0,0,4,0,Left,5.738
7,R_28CgpBloxvTog2t,29,f,1,1,4343.700000047684,Detention of migrant children,Remove police from schools,-1,1,-3,8,3,-1.6703647126586711,-2,4,3,-1.1493335178844069,3,-2,5,-1,4,5,4,5,-5,-1,4,0,Left,4.343700000047684
7,R_28CgpBloxvTog2t,30,j,2,0,1928.699999988079,Legalization of marijuana,Mandatory training on sexual consent,-1,1,3,4,3,1.455822455986915,3,8,3,1.455822455986915,-3,3,6,0,4,6,4,-6,6,0,-4,1,Right,1.9286999999880792
7,R_28CgpBloxvTog2t,31,j,2,0,9761.199999988079,Remove police from schools,Raise the minimum wage,-1,1,-2,4,3,-1.1493335178844069,3,7,4,1.455822455986915,2,3,1,5,3,1,3,-1,1,-5,-3,1,Right,9.76119999998808
7,R_28CgpBloxvTog2t,32,f,1,1,2572.399999976158,Safe injection locations,Mandatory training on sexual consent,1,-1,1,3,2,0.4137600664383863,3,8,3,1.455822455986915,1,-3,4,-2,-5,4,5,4,-4,-2,-5,0,Left,2.572399999976158
7,R_28CgpBloxvTog2t,33,j,2,0,2402.199999988079,Increased Gun regulations,Raise the minimum wage,-1,1,2,6,2,0.9347912612126507,3,7,4,1.455822455986915,-2,3,5,1,1,5,1,-5,5,-1,-1,1,Right,2.402199999988079
7,R_28CgpBloxvTog2t,34,f,1,1,2902,Defund Planned Parenthood,Abortion rights,-1,-1,-3,7,3,-1.6703647126586711,3,5,3,1.455822455986915,3,-3,6,-6,2,6,2,6,-6,-6,2,0,Left,2.902
7,R_28CgpBloxvTog2t,35,f,1,1,1987.800000011921,Ban on ethnic Halloween costumes,Raise the minimum wage,1,-1,2,7,3,0.9347912612126507,3,7,4,1.455822455986915,2,-3,5,-1,0,5,0,5,-5,-1,0,0,Left,1.987800000011921
7,R_28CgpBloxvTog2t,36,f,1,1,2098,Detention of migrant children,Stop police brutality,-1,-1,-3,8,3,-1.6703647126586711,2,7,3,0.9347912612126507,3,-2,5,-5,1,5,1,5,-5,-5,1,0,Left,2.098
7,R_28CgpBloxvTog2t,37,f,1,1,6088.300000011921,Defund the police,Raise the minimum wage,1,-1,-1,5,3,-0.6283023231101424,3,7,4,1.455822455986915,-1,-3,2,-4,-2,2,2,2,-2,-4,-2,0,Left,6.0883000000119205
7,R_28CgpBloxvTog2t,38,j,2,0,1818.3999999761581,Mandatory training on sexual consent,Mandatory training on sexual consent,-1,1,3,8,3,1.455822455986915,3,8,3,1.455822455986915,-3,3,6,0,0,6,0,-6,6,0,0,1,Right,1.8183999999761582
7,R_28CgpBloxvTog2t,39,f,1,1,4613.800000011921,Raise the minimum wage,Religious exemptions for discrimination laws,-1,1,3,7,4,1.455822455986915,-3,8,2,-1.6703647126586711,-3,-3,0,6,-1,0,1,0,0,6,-1,0,Left,4.613800000011921
7,R_28CgpBloxvTog2t,40,j,2,0,2281.600000023842,Detention of migrant children,Tuition increases,1,-1,-3,8,3,-1.6703647126586711,-3,6,4,-1.6703647126586711,-3,3,6,0,-2,6,2,-6,6,0,2,1,Right,2.281600000023842
7,R_28CgpBloxvTog2t,41,j,2,0,1293.1000000238419,Religious exemptions for discrimination laws,Abortion rights,1,1,-3,8,2,-1.6703647126586711,3,5,3,1.455822455986915,-3,3,6,6,-3,6,3,-6,6,-6,3,1,Right,1.293100000023842
7,R_28CgpBloxvTog2t,42,f,1,1,1260.5,Mandatory training on sexual consent,Expel students with white nationlist views,1,-1,3,8,3,1.455822455986915,0,0,1,-0.10727112833587804,3,-0,3,3,8,3,8,3,-3,3,8,0,Left,1.2605
7,R_28CgpBloxvTog2t,43,j,2,0,1614,Religious exemptions for discrimination laws,Ban on ethnic Halloween costumes,1,-1,-3,8,2,-1.6703647126586711,2,7,3,0.9347912612126507,-3,-2,1,5,-1,1,1,-1,1,-5,1,1,Right,1.614
7,R_28CgpBloxvTog2t,44,f,1,1,1279.6000000238419,Raise the minimum wage,Gun-free campus police,1,-1,3,7,4,1.455822455986915,1,4,2,0.4137600664383863,3,-1,4,2,3,4,3,4,-4,2,3,0,Left,1.2796000000238419
7,R_28CgpBloxvTog2t,45,j,2,0,1193.800000011921,Dorms determined by gender identity,Mandatory training on sexual consent,1,1,0,4,2,-0.10727112833587804,3,8,3,1.455822455986915,0,3,3,3,4,3,4,-3,3,-3,-4,1,Right,1.1938000000119209
7,R_28CgpBloxvTog2t,46,j,2,0,2103.600000023842,Mandatory training on sexual consent,Expel students with white nationlist views,-1,1,3,8,3,1.455822455986915,0,0,1,-0.10727112833587804,-3,0,3,-3,-8,3,8,-3,3,3,8,1,Right,2.103600000023842
7,R_28CgpBloxvTog2t,47,f,1,1,1102.800000011921,Mandatory training on sexual consent,Raise the minimum wage,1,-1,3,8,3,1.455822455986915,3,7,4,1.455822455986915,3,-3,6,0,1,6,1,6,-6,0,1,0,Left,1.102800000011921
7,R_28CgpBloxvTog2t,48,j,2,0,3016.800000011921,Defund Planned Parenthood,Remove police from schools,-1,1,-3,7,3,-1.6703647126586711,-2,4,3,-1.1493335178844069,3,-2,-5,1,-3,5,3,5,-5,-1,3,1,Right,3.016800000011921
7,R_28CgpBloxvTog2t,49,j,2,0,1863,Mandatory training on sexual consent,Mandatory trigger warnings,-1,-1,3,8,3,1.455822455986915,0,3,3,-0.10727112833587804,-3,-0,3,-3,-5,3,5,-3,3,3,5,1,Right,1.863
7,R_28CgpBloxvTog2t,50,f,1,1,3534.099999964237,Defund Planned Parenthood,Black Lives Matter,-1,1,-3,7,3,-1.6703647126586711,1,6,3,0.4137600664383863,3,1,2,-4,1,2,1,2,-2,-4,1,0,Left,3.534099999964237
7,R_28CgpBloxvTog2t,51,j,2,0,3048.300000011921,Defund Planned Parenthood,Tuition increases,1,1,-3,7,3,-1.6703647126586711,-3,6,4,-1.6703647126586711,-3,-3,0,0,-1,0,1,0,0,0,1,1,Right,3.048300000011921
7,R_28CgpBloxvTog2t,52,j,2,0,2543.7999999523163,Remove public Confederate memorials,Detention of migrant children,1,-1,1,6,3,0.4137600664383863,-3,8,3,-1.6703647126586711,1,3,2,-4,2,2,2,-2,2,4,-2,1,Right,2.5437999999523164
7,R_28CgpBloxvTog2t,53,j,2,0,1796.800000011921,Recognize Jerusalem as capital of Israel,Raise the minimum wage,1,1,0,0,1,-0.10727112833587804,3,7,4,1.455822455986915,0,3,3,3,7,3,7,-3,3,-3,-7,1,Right,1.7968000000119209
7,R_28CgpBloxvTog2t,54,j,2,0,1728.699999988079,Religious exemptions for discrimination laws,Ban on ethnic Halloween costumes,1,1,-3,8,2,-1.6703647126586711,2,7,3,0.9347912612126507,-3,2,5,5,-1,5,1,-5,5,-5,1,1,Right,1.728699999988079
7,R_28CgpBloxvTog2t,55,f,1,1,1061.199999988079,Mandatory training on sexual consent,Gun-free campus police,1,-1,3,8,3,1.455822455986915,1,4,2,0.4137600664383863,3,-1,4,2,4,4,4,4,-4,2,4,0,Left,1.061199999988079
7,R_28CgpBloxvTog2t,56,f,1,1,1898.0999999642372,Gun-free campus police,Detention of migrant children,1,1,1,4,2,0.4137600664383863,-3,8,3,-1.6703647126586711,1,-3,4,4,-4,4,4,4,-4,4,-4,0,Left,1.8980999999642372
7,R_28CgpBloxvTog2t,57,j,2,0,1976.2999999523163,Hardening schools/Arming teachers,Mandatory training on sexual consent,-1,1,-2,6,2,-1.1493335178844069,3,8,3,1.455822455986915,2,3,1,5,2,1,2,-1,1,-5,-2,1,Right,1.9762999999523163
7,R_28CgpBloxvTog2t,58,f,1,1,3800.600000023842,Tuition increases,Defund Planned Parenthood,-1,-1,-3,6,4,-1.6703647126586711,-3,7,3,-1.6703647126586711,3,3,0,0,-1,0,1,0,0,0,-1,0,Left,3.800600000023842
7,R_28CgpBloxvTog2t,59,j,2,0,1376.2999999523163,Religious exemptions for discrimination laws,Increased Gun regulations,1,-1,-3,8,2,-1.6703647126586711,2,6,2,0.9347912612126507,-3,-2,1,5,-2,1,2,-1,1,-5,2,1,Right,1.3762999999523162
7,R_28CgpBloxvTog2t,60,j,2,0,2283.900000035763,Defund Planned Parenthood,Ban on ethnic Halloween costumes,1,-1,-3,7,3,-1.6703647126586711,2,7,3,0.9347912612126507,-3,-2,1,5,0,1,0,-1,1,-5,0,1,Right,2.283900000035763
7,R_28CgpBloxvTog2t,61,j,2,0,2004.699999988079,Defund Planned Parenthood,Hardening schools/Arming teachers,-1,-1,-3,7,3,-1.6703647126586711,-2,6,2,-1.1493335178844069,3,2,-1,1,-1,1,1,1,-1,-1,1,1,Right,2.004699999988079
7,R_28CgpBloxvTog2t,62,j,2,0,1885.5,Religious exemptions for discrimination laws,Remove Christopher Columbus statues,1,-1,-3,8,2,-1.6703647126586711,1,6,2,0.4137600664383863,-3,-1,2,4,-2,2,2,-2,2,-4,2,1,Right,1.8855
7,R_28CgpBloxvTog2t,63,f,1,1,2927.400000035763,University Campus should be a Sanctuary,Defund Planned Parenthood,1,1,1,4,2,0.4137600664383863,-3,7,3,-1.6703647126586711,1,-3,4,4,-3,4,3,4,-4,4,-3,0,Left,2.927400000035763
7,R_28CgpBloxvTog2t,64,j,2,0,1890.3999999761581,Black Lives Matter,Religious exemptions for discrimination laws,-1,-1,1,6,3,0.4137600664383863,-3,8,2,-1.6703647126586711,-1,3,4,-4,2,4,2,-4,4,4,-2,1,Right,1.890399999976158
7,R_28CgpBloxvTog2t,65,j,2,0,1537.5999999642372,Lift COVID lockdowns,Mandatory training on sexual consent,-1,1,1,5,4,0.4137600664383863,3,8,3,1.455822455986915,-1,3,4,2,3,4,3,-4,4,-2,-3,1,Right,1.5375999999642371
7,R_28CgpBloxvTog2t,66,j,2,0,2371.7000000476837,Abortion rights,Raise the minimum wage,-1,-1,3,5,3,1.455822455986915,3,7,4,1.455822455986915,-3,-3,0,0,2,0,2,0,0,0,-2,1,Right,2.3717000000476838
7,R_28CgpBloxvTog2t,67,j,2,0,2674.800000011921,Defund Planned Parenthood,Tuition increases,1,-1,-3,7,3,-1.6703647126586711,-3,6,4,-1.6703647126586711,-3,3,6,0,-1,6,1,-6,6,0,1,1,Right,2.674800000011921
7,R_28CgpBloxvTog2t,68,f,1,1,720.6999999880791,Abortion rights,Defund Planned Parenthood,1,1,3,5,3,1.455822455986915,-3,7,3,-1.6703647126586711,3,-3,6,6,-2,6,2,6,-6,6,-2,0,Left,0.7206999999880791
7,R_28CgpBloxvTog2t,69,f,1,1,865.8000000119209,Raise the minimum wage,Remove public Confederate memorials,1,-1,3,7,4,1.455822455986915,1,6,3,0.4137600664383863,3,-1,4,2,1,4,1,4,-4,2,1,0,Left,0.8658000000119209
7,R_28CgpBloxvTog2t,70,j,2,0,1498.6000000238419,Religious exemptions for discrimination laws,Safe injection locations,-1,1,-3,8,2,-1.6703647126586711,1,3,2,0.4137600664383863,3,1,-2,4,-5,2,5,2,-2,-4,5,1,Right,1.4986000000238417
7,R_28CgpBloxvTog2t,71,f,1,1,2920.300000011921,Remove police from schools,Raise the minimum wage,-1,-1,-2,4,3,-1.1493335178844069,3,7,4,1.455822455986915,2,-3,5,-5,-3,5,3,5,-5,-5,-3,0,Left,2.920300000011921
7,R_28CgpBloxvTog2t,72,j,2,0,2508.800000011921,Defund Planned Parenthood,Increased Gun regulations,1,-1,-3,7,3,-1.6703647126586711,2,6,2,0.9347912612126507,-3,-2,1,5,-1,1,1,-1,1,-5,1,1,Right,2.508800000011921
7,R_28CgpBloxvTog2t,73,f,1,1,1888.800000011921,Allow alt-right speakers on campus,Religious exemptions for discrimination laws,-1,1,-2,5,3,-1.1493335178844069,-3,8,2,-1.6703647126586711,2,-3,5,1,-3,5,3,5,-5,1,-3,0,Left,1.888800000011921
7,R_28CgpBloxvTog2t,74,f,1,1,2789.2000000476837,Dorms determined by gender identity,Defund Planned Parenthood,1,-1,0,4,2,-0.10727112833587804,-3,7,3,-1.6703647126586711,0,3,-3,3,-3,3,3,-3,3,3,-3,0,Left,2.7892000000476838
7,R_28CgpBloxvTog2t,75,f,1,1,5055.100000023842,Religious exemptions for discrimination laws,Abortion rights,-1,-1,-3,8,2,-1.6703647126586711,3,5,3,1.455822455986915,3,-3,6,-6,3,6,3,6,-6,-6,3,0,Left,5.055100000023842
7,R_28CgpBloxvTog2t,76,j,2,0,5301.399999976158,Detention of migrant children,Defund Planned Parenthood,-1,-1,-3,8,3,-1.6703647126586711,-3,7,3,-1.6703647126586711,3,3,0,0,-1,0,1,0,0,0,1,1,Right,5.301399999976158
7,R_28CgpBloxvTog2t,77,f,1,1,2125.900000035763,Defund Planned Parenthood,Mandatory drug tests for welfare recipients,-1,1,-3,7,3,-1.6703647126586711,-1,5,2,-0.6283023231101424,3,-1,4,-2,2,4,2,4,-4,-2,2,0,Left,2.1259000000357626
7,R_28CgpBloxvTog2t,78,j,2,0,1862.8999999761581,Legalization of marijuana,Raise the minimum wage,1,1,3,4,3,1.455822455986915,3,7,4,1.455822455986915,3,3,0,0,3,0,3,0,0,0,-3,1,Right,1.8628999999761582
7,R_28CgpBloxvTog2t,79,j,2,0,1613.5,Safe injection locations,Defund Planned Parenthood,1,-1,1,3,2,0.4137600664383863,-3,7,3,-1.6703647126586711,1,3,2,-4,4,2,4,-2,2,4,-4,1,Right,1.6135
7,R_28CgpBloxvTog2t,80,f,1,1,2958.099999964237,Remove police from schools,Mandatory training on sexual consent,1,-1,-2,4,3,-1.1493335178844069,3,8,3,1.455822455986915,-2,-3,1,-5,-4,1,4,1,-1,-5,-4,0,Left,2.958099999964237
7,R_28CgpBloxvTog2t,81,j,2,0,1810.7999999523163,Defund Planned Parenthood,Remove Christopher Columbus statues,1,1,-3,7,3,-1.6703647126586711,1,6,2,0.4137600664383863,-3,1,4,4,-1,4,1,-4,4,-4,1,1,Right,1.8107999999523163
7,R_28CgpBloxvTog2t,82,j,2,0,3286.600000023842,Defund Planned Parenthood,Allow alt-right speakers on campus,1,-1,-3,7,3,-1.6703647126586711,-2,5,3,-1.1493335178844069,-3,2,5,1,-2,5,2,-5,5,-1,2,1,Right,3.286600000023842
7,R_28CgpBloxvTog2t,83,f,1,1,1621.300000011921,Raise the minimum wage,Bathrooms restricted based on biological sex,1,1,3,7,4,1.455822455986915,-2,5,4,-1.1493335178844069,3,-2,5,5,2,5,2,5,-5,5,2,0,Left,1.6213000000119209
7,R_28CgpBloxvTog2t,84,j,2,0,2532,Religious exemptions for discrimination laws,Abortion rights,1,-1,-3,8,2,-1.6703647126586711,3,5,3,1.455822455986915,-3,-3,0,6,-3,0,3,0,0,-6,3,1,Right,2.532
7,R_28CgpBloxvTog2t,85,j,2,0,3883.599999964237,Tuition increases,Detention of migrant children,-1,-1,-3,6,4,-1.6703647126586711,-3,8,3,-1.6703647126586711,3,3,0,0,2,0,2,0,0,0,-2,1,Right,3.883599999964237
7,R_28CgpBloxvTog2t,86,j,2,0,1892.9000000357628,Raise the minimum wage,Raise the minimum wage,-1,1,3,7,4,1.455822455986915,3,7,4,1.455822455986915,-3,3,6,0,0,6,0,-6,6,0,0,1,Right,1.8929000000357628
7,R_28CgpBloxvTog2t,87,j,2,0,3216.599999964237,Tuition increases,Defund Planned Parenthood,1,-1,-3,6,4,-1.6703647126586711,-3,7,3,-1.6703647126586711,-3,3,6,0,1,6,1,-6,6,0,-1,1,Right,3.216599999964237
7,R_28CgpBloxvTog2t,88,f,1,1,2373.300000011921,Abortion rights,Defund Planned Parenthood,1,-1,3,5,3,1.455822455986915,-3,7,3,-1.6703647126586711,3,3,0,6,-2,0,2,0,0,6,-2,0,Left,2.373300000011921
7,R_28CgpBloxvTog2t,89,j,2,0,3949.7000000476837,Detention of migrant children,Remove police from schools,1,-1,-3,8,3,-1.6703647126586711,-2,4,3,-1.1493335178844069,-3,2,5,1,-4,5,4,-5,5,-1,4,1,Right,3.9497000000476836
7,R_28CgpBloxvTog2t,90,j,2,0,16306.899999976158,Detention of migrant children,Defund Planned Parenthood,1,-1,-3,8,3,-1.6703647126586711,-3,7,3,-1.6703647126586711,-3,3,6,0,-1,6,1,-6,6,0,1,1,Right,16.306899999976157
7,R_28CgpBloxvTog2t,91,f,1,1,2208.300000011921,Stop police brutality,Detention of migrant children,1,-1,2,7,3,0.9347912612126507,-3,8,3,-1.6703647126586711,2,3,-1,5,-1,1,1,-1,1,5,-1,0,Left,2.208300000011921
7,R_28CgpBloxvTog2t,92,f,1,1,2146.5,Hardening schools/Arming teachers,Mandatory training on sexual consent,-1,-1,-2,6,2,-1.1493335178844069,3,8,3,1.455822455986915,2,-3,5,-5,-2,5,2,5,-5,-5,-2,0,Left,2.1465
7,R_28CgpBloxvTog2t,93,j,2,0,4863.300000011921,Gun-free campus police,Defund Planned Parenthood,1,-1,1,4,2,0.4137600664383863,-3,7,3,-1.6703647126586711,1,3,2,-4,3,2,3,-2,2,4,-3,1,Right,4.863300000011921
7,R_28CgpBloxvTog2t,94,j,2,0,3099.2999999523163,Detention of migrant children,Safe injection locations,1,-1,-3,8,3,-1.6703647126586711,1,3,2,0.4137600664383863,-3,-1,2,4,-5,2,5,-2,2,-4,5,1,Right,3.0992999999523163
7,R_28CgpBloxvTog2t,95,f,1,1,783.6000000238419,Mandatory training on sexual consent,Safe injection locations,1,-1,3,8,3,1.455822455986915,1,3,2,0.4137600664383863,3,-1,4,2,5,4,5,4,-4,2,5,0,Left,0.7836000000238419
7,R_28CgpBloxvTog2t,96,f,1,1,2090.599999964237,Mandatory vaccinations,Defund Planned Parenthood,-1,1,-2,6,3,-1.1493335178844069,-3,7,3,-1.6703647126586711,2,-3,5,1,-1,5,1,5,-5,1,-1,0,Left,2.0905999999642373
7,R_28CgpBloxvTog2t,97,f,1,1,3508.399999976158,Mandatory drug tests for welfare recipients,Defund Planned Parenthood,-1,1,-1,5,2,-0.6283023231101424,-3,7,3,-1.6703647126586711,1,-3,4,2,-2,4,2,4,-4,2,-2,0,Left,3.508399999976158
7,R_28CgpBloxvTog2t,98,j,2,0,1742.8999999761581,Tuition increases,Mandatory training on sexual consent,1,1,-3,6,4,-1.6703647126586711,3,8,3,1.455822455986915,-3,3,6,6,2,6,2,-6,6,-6,-2,1,Right,1.742899999976158
7,R_28CgpBloxvTog2t,99,f,1,1,1673.5,Stop police brutality,Defund Planned Parenthood,1,-1,2,7,3,0.9347912612126507,-3,7,3,-1.6703647126586711,2,3,-1,5,0,1,0,-1,1,5,0,0,Left,1.6735
7,R_28CgpBloxvTog2t,100,f,1,1,6794.399999976158,Legalization of marijuana,Defund Planned Parenthood,-1,1,3,4,3,1.455822455986915,-3,7,3,-1.6703647126586711,-3,-3,0,6,-3,0,3,0,0,6,-3,0,Left,6.794399999976158
17,R_2z8eY2Xx6z2jvr5,1,f,1,1,1210.300000000745,Legalization of marijuana,Build southern border wall,1,-1,3,2,3,0.8187639480652874,-3,7,3,-1.5275446792262826,3,3,0,6,-5,0,5,0,0,6,-5,0,Left,1.2103000000007451
17,R_2z8eY2Xx6z2jvr5,2,j,2,0,2218.10000000149,Mask mandates,Build southern border wall,-1,-1,2,6,3,0.4277125101833591,-3,7,3,-1.5275446792262826,-2,3,5,-5,1,5,1,-5,5,5,-1,1,Right,2.21810000000149
17,R_2z8eY2Xx6z2jvr5,3,j,2,0,2545.10000000149,War on Drugs,Mandatory drug tests for welfare recipients,1,-1,-3,4,2,-1.5275446792262826,-3,6,2,-1.5275446792262826,-3,3,6,0,2,6,2,-6,6,0,-2,1,Right,2.54510000000149
17,R_2z8eY2Xx6z2jvr5,4,f,1,1,1799.199999999255,Climate change legislation,Mandatory vaccinations,1,-1,3,6,2,0.8187639480652874,0,4,2,-0.3543903655804975,3,-0,3,3,2,3,2,3,-3,3,2,0,Left,1.799199999999255
17,R_2z8eY2Xx6z2jvr5,5,f,1,1,2294.800000000745,Build southern border wall,Mandatory trigger warnings,-1,-1,-3,7,3,-1.5275446792262826,0,2,1,-0.3543903655804975,3,-0,3,-3,5,3,5,3,-3,-3,5,0,Left,2.294800000000745
17,R_2z8eY2Xx6z2jvr5,6,f,1,1,1830.699999999255,Gun-free campus police,On campus concealed carry,1,1,3,4,2,0.8187639480652874,-2,2,1,-1.1364932413443543,3,-2,5,5,2,5,2,5,-5,5,2,0,Left,1.830699999999255
17,R_2z8eY2Xx6z2jvr5,7,j,2,0,2511.60000000149,Mask mandates,Bathrooms restricted based on biological sex,1,-1,2,6,3,0.4277125101833591,-3,6,3,-1.5275446792262826,2,3,1,-5,0,1,0,-1,1,5,0,1,Right,2.51160000000149
17,R_2z8eY2Xx6z2jvr5,8,f,1,1,2892.5,Remove Christopher Columbus statues,Legalization of marijuana,-1,-1,3,4,3,0.8187639480652874,3,2,3,0.8187639480652874,-3,-3,0,0,2,0,2,0,0,0,2,0,Left,2.8925
17,R_2z8eY2Xx6z2jvr5,9,f,1,1,2002,Climate change legislation,Legalization of marijuana,1,1,3,6,2,0.8187639480652874,3,2,3,0.8187639480652874,3,3,0,0,4,0,4,0,0,0,4,0,Left,2.002
17,R_2z8eY2Xx6z2jvr5,10,j,2,0,2655.5,Gun-free campus police,Legalization of marijuana,-1,1,3,4,2,0.8187639480652874,3,2,3,0.8187639480652874,-3,3,6,0,-2,6,2,-6,6,0,2,1,Right,2.6555
17,R_2z8eY2Xx6z2jvr5,11,j,2,0,2433.800000000745,Detention of migrant children,Ban on research with animals,1,-1,-3,8,3,-1.5275446792262826,3,7,2,0.8187639480652874,-3,-3,0,6,-1,0,1,0,0,-6,1,1,Right,2.433800000000745
17,R_2z8eY2Xx6z2jvr5,12,f,1,1,3181.400000002235,Bathrooms restricted based on biological sex,Mandatory trigger warnings,-1,1,-3,6,3,-1.5275446792262826,0,2,1,-0.3543903655804975,3,0,3,-3,4,3,4,3,-3,-3,4,0,Left,3.181400000002235
17,R_2z8eY2Xx6z2jvr5,13,f,1,1,2986.800000000745,Mandatory drug tests for welfare recipients,Build southern border wall,-1,-1,-3,6,2,-1.5275446792262826,-3,7,3,-1.5275446792262826,3,3,0,0,-1,0,1,0,0,0,-1,0,Left,2.986800000000745
17,R_2z8eY2Xx6z2jvr5,14,f,1,1,3024.300000000745,"Boycott, Divest, and Sanction Israel",Mandatory drug tests for welfare recipients,1,1,2,4,1,0.4277125101833591,-3,6,2,-1.5275446792262826,2,-3,5,5,-2,5,2,5,-5,5,-2,0,Left,3.024300000000745
17,R_2z8eY2Xx6z2jvr5,15,f,1,1,2569.7999999970198,Mandatory training on sexual consent,On campus concealed carry,1,-1,3,6,2,0.8187639480652874,-2,2,1,-1.1364932413443543,3,2,1,5,4,1,4,1,-1,5,4,0,Left,2.5697999999970196
17,R_2z8eY2Xx6z2jvr5,16,j,2,0,5522.699999999255,Safe injection locations,Mask mandates,-1,-1,3,6,2,0.8187639480652874,2,6,3,0.4277125101833591,-3,-2,1,-1,0,1,0,-1,1,1,0,1,Right,5.522699999999255
17,R_2z8eY2Xx6z2jvr5,17,f,1,1,2665.60000000149,Ban on research with animals,Dorms determined by gender identity,-1,1,3,7,2,0.8187639480652874,-1,4,1,-0.7454418034624258,-3,-1,-2,4,3,2,3,-2,2,4,3,0,Left,2.6656000000014903
17,R_2z8eY2Xx6z2jvr5,18,f,1,1,3955.5,Safe injection locations,Expel students with white nationlist views,1,-1,3,6,2,0.8187639480652874,1,4,2,0.03666107230143078,3,-1,4,2,2,4,2,4,-4,2,2,0,Left,3.9555
17,R_2z8eY2Xx6z2jvr5,19,f,1,1,1626.800000000745,Mask mandates,War on Drugs,1,1,2,6,3,0.4277125101833591,-3,4,2,-1.5275446792262826,2,-3,5,5,2,5,2,5,-5,5,2,0,Left,1.626800000000745
17,R_2z8eY2Xx6z2jvr5,20,j,2,0,3450,Legalization of marijuana,Ban on research with animals,-1,-1,3,2,3,0.8187639480652874,3,7,2,0.8187639480652874,-3,-3,0,0,5,0,5,0,0,0,-5,1,Right,3.45
17,R_2z8eY2Xx6z2jvr5,21,f,1,1,7027.60000000149,On campus concealed carry,Affirmative action,-1,-1,-2,2,1,-1.1364932413443543,3,6,3,0.8187639480652874,2,-3,5,-5,-4,5,4,5,-5,-5,-4,0,Left,7.02760000000149
17,R_2z8eY2Xx6z2jvr5,22,j,2,0,2644.10000000149,Build southern border wall,Ban on research with animals,1,1,-3,7,3,-1.5275446792262826,3,7,2,0.8187639480652874,-3,3,6,6,0,6,0,-6,6,-6,0,1,Right,2.6441000000014903
17,R_2z8eY2Xx6z2jvr5,23,f,1,1,4899.699999999255,On campus concealed carry,Hardening schools/Arming teachers,-1,1,-2,2,1,-1.1364932413443543,-3,4,2,-1.5275446792262826,2,-3,5,1,-2,5,2,5,-5,1,-2,0,Left,4.899699999999255
17,R_2z8eY2Xx6z2jvr5,24,f,1,1,3034.699999999255,Detention of migrant children,Build southern border wall,-1,1,-3,8,3,-1.5275446792262826,-3,7,3,-1.5275446792262826,3,-3,6,0,1,6,1,6,-6,0,1,0,Left,3.0346999999992548
17,R_2z8eY2Xx6z2jvr5,25,f,1,1,2189.5,Increased Gun regulations,Black Lives Matter,1,-1,3,4,2,0.8187639480652874,3,6,3,0.8187639480652874,3,-3,6,0,-2,6,2,6,-6,0,-2,0,Left,2.1895
17,R_2z8eY2Xx6z2jvr5,26,j,2,0,2105.800000000745,Legalization of marijuana,Defund the police,-1,1,3,2,3,0.8187639480652874,3,6,3,0.8187639480652874,-3,3,6,0,4,6,4,-6,6,0,-4,1,Right,2.105800000000745
17,R_2z8eY2Xx6z2jvr5,27,j,2,0,4142.89999999851,Build southern border wall,Physician-assisted suicide,1,-1,-3,7,3,-1.5275446792262826,3,6,3,0.8187639480652874,-3,-3,0,6,-1,0,1,0,0,-6,1,1,Right,4.14289999999851
17,R_2z8eY2Xx6z2jvr5,28,j,2,0,2825.5,Stop police brutality,War on Drugs,-1,-1,3,8,3,0.8187639480652874,-3,4,2,-1.5275446792262826,-3,3,6,-6,-4,6,4,-6,6,6,4,1,Right,2.8255
17,R_2z8eY2Xx6z2jvr5,29,j,2,0,3125.39999999851,Remove Christopher Columbus statues,Cuts to National Parks budget,-1,1,3,4,3,0.8187639480652874,-2,4,1,-1.1364932413443543,-3,-2,1,-5,0,1,0,-1,1,5,0,1,Right,3.12539999999851
17,R_2z8eY2Xx6z2jvr5,30,f,1,1,2133.900000002235,Mandatory vaccinations,Build southern border wall,-1,1,0,4,2,-0.3543903655804975,-3,7,3,-1.5275446792262826,-0,-3,3,3,-3,3,3,3,-3,3,-3,0,Left,2.1339000000022352
17,R_2z8eY2Xx6z2jvr5,31,j,2,0,2155.699999999255,Build southern border wall,Remove Christopher Columbus statues,1,1,-3,7,3,-1.5275446792262826,3,4,3,0.8187639480652874,-3,3,6,6,-3,6,3,-6,6,-6,3,1,Right,2.1556999999992548
17,R_2z8eY2Xx6z2jvr5,32,f,1,1,3272.599999997765,"Boycott, Divest, and Sanction Israel",Black Lives Matter,-1,-1,2,4,1,0.4277125101833591,3,6,3,0.8187639480652874,-2,-3,1,-1,-2,1,2,1,-1,-1,-2,0,Left,3.2725999999977646
17,R_2z8eY2Xx6z2jvr5,33,j,2,0,2804,Gun-free campus police,Physician-assisted suicide,-1,-1,3,4,2,0.8187639480652874,3,6,3,0.8187639480652874,-3,-3,0,0,2,0,2,0,0,0,-2,1,Right,2.804
17,R_2z8eY2Xx6z2jvr5,34,f,1,1,2817.099999997765,Remove police from schools,Hardening schools/Arming teachers,1,1,2,4,2,0.4277125101833591,-3,4,2,-1.5275446792262826,2,-3,5,5,0,5,0,5,-5,5,0,0,Left,2.817099999997765
17,R_2z8eY2Xx6z2jvr5,35,j,2,0,3526.599999997765,Stop police brutality,Build southern border wall,-1,-1,3,8,3,0.8187639480652874,-3,7,3,-1.5275446792262826,-3,3,6,-6,-1,6,1,-6,6,6,1,1,Right,3.5265999999977646
17,R_2z8eY2Xx6z2jvr5,36,f,1,1,2049.5,Black Lives Matter,Stop police brutality,1,-1,3,6,3,0.8187639480652874,3,8,3,0.8187639480652874,3,-3,6,0,-2,6,2,6,-6,0,-2,0,Left,2.0495
17,R_2z8eY2Xx6z2jvr5,37,j,2,0,2924.900000002235,Legalization of marijuana,Legalization of marijuana,-1,1,3,2,3,0.8187639480652874,3,2,3,0.8187639480652874,-3,3,6,0,0,6,0,-6,6,0,0,1,Right,2.924900000002235
17,R_2z8eY2Xx6z2jvr5,38,f,1,1,2052.699999999255,Detention of migrant children,Remove public Confederate memorials,-1,1,-3,8,3,-1.5275446792262826,3,4,3,0.8187639480652874,3,3,0,-6,4,0,4,0,0,-6,4,0,Left,2.052699999999255
17,R_2z8eY2Xx6z2jvr5,39,j,2,0,2171.300000000745,Raise the minimum wage,Mask mandates,-1,1,3,6,3,0.8187639480652874,2,6,3,0.4277125101833591,-3,2,5,-1,0,5,0,-5,5,1,0,1,Right,2.171300000000745
17,R_2z8eY2Xx6z2jvr5,40,j,2,0,1818.3999999985099,Mandatory trigger warnings,Ban on research with animals,-1,-1,0,2,1,-0.3543903655804975,3,7,2,0.8187639480652874,-0,-3,-3,3,5,3,5,3,-3,-3,-5,1,Right,1.8183999999985099
17,R_2z8eY2Xx6z2jvr5,41,f,1,1,1818.6000000014901,Black Lives Matter,Dorms determined by gender identity,1,-1,3,6,3,0.8187639480652874,-1,4,1,-0.7454418034624258,3,1,2,4,2,2,2,2,-2,4,2,0,Left,1.8186000000014901
17,R_2z8eY2Xx6z2jvr5,42,f,1,1,2028.7999999970198,On campus concealed carry,Build southern border wall,-1,1,-2,2,1,-1.1364932413443543,-3,7,3,-1.5275446792262826,2,-3,5,1,-5,5,5,5,-5,1,-5,0,Left,2.0287999999970197
17,R_2z8eY2Xx6z2jvr5,43,j,2,0,2040,Cuts to National Parks budget,Bathrooms restricted based on biological sex,1,-1,-2,4,1,-1.1364932413443543,-3,6,3,-1.5275446792262826,-2,3,5,-1,2,5,2,-5,5,1,-2,1,Right,2.04
17,R_2z8eY2Xx6z2jvr5,44,f,1,1,2087.800000000745,Mask mandates,Build southern border wall,1,1,2,6,3,0.4277125101833591,-3,7,3,-1.5275446792262826,2,-3,5,5,-1,5,1,5,-5,5,-1,0,Left,2.087800000000745
17,R_2z8eY2Xx6z2jvr5,45,j,2,0,1836.8999999985099,Gun-free campus police,Legalization of marijuana,1,1,3,4,2,0.8187639480652874,3,2,3,0.8187639480652874,3,3,0,0,-2,0,2,0,0,0,2,1,Right,1.8368999999985098
17,R_2z8eY2Xx6z2jvr5,46,j,2,0,3340.199999999255,Legalization of marijuana,Physician-assisted suicide,-1,-1,3,2,3,0.8187639480652874,3,6,3,0.8187639480652874,-3,-3,0,0,4,0,4,0,0,0,-4,1,Right,3.340199999999255
17,R_2z8eY2Xx6z2jvr5,47,f,1,1,2824.800000000745,Ban on research with animals,"Boycott, Divest, and Sanction Israel",-1,-1,3,7,2,0.8187639480652874,2,4,1,0.4277125101833591,-3,-2,-1,1,3,1,3,-1,1,1,3,0,Left,2.824800000000745
17,R_2z8eY2Xx6z2jvr5,48,f,1,1,2510,Mandatory vaccinations,Mandatory drug tests for welfare recipients,-1,1,0,4,2,-0.3543903655804975,-3,6,2,-1.5275446792262826,-0,-3,3,3,-2,3,2,3,-3,3,-2,0,Left,2.51
17,R_2z8eY2Xx6z2jvr5,49,f,1,1,2518.10000000149,Ban on research with animals,Gun-free campus police,1,-1,3,7,2,0.8187639480652874,3,4,2,0.8187639480652874,3,-3,6,0,3,6,3,6,-6,0,3,0,Left,2.51810000000149
17,R_2z8eY2Xx6z2jvr5,50,f,1,1,2664.2000000029802,Remove police from schools,Hardening schools/Arming teachers,1,-1,2,4,2,0.4277125101833591,-3,4,2,-1.5275446792262826,2,3,-1,5,0,1,0,-1,1,5,0,0,Left,2.6642000000029804
17,R_2z8eY2Xx6z2jvr5,51,f,1,1,1903.8999999985099,Ban on research with animals,Mask mandates,1,1,3,7,2,0.8187639480652874,2,6,3,0.4277125101833591,3,2,1,1,1,1,1,1,-1,1,1,0,Left,1.9038999999985098
17,R_2z8eY2Xx6z2jvr5,52,j,2,0,3821.89999999851,Remove public Confederate memorials,On campus concealed carry,-1,1,3,4,3,0.8187639480652874,-2,2,1,-1.1364932413443543,-3,-2,1,-5,-2,1,2,-1,1,5,2,1,Right,3.82189999999851
17,R_2z8eY2Xx6z2jvr5,53,f,1,1,2136.400000002235,Detention of migrant children,Remove public Confederate memorials,-1,-1,-3,8,3,-1.5275446792262826,3,4,3,0.8187639480652874,3,-3,6,-6,4,6,4,6,-6,-6,4,0,Left,2.136400000002235
17,R_2z8eY2Xx6z2jvr5,54,j,2,0,3618.89999999851,Remove police from schools,Build southern border wall,-1,-1,2,4,2,0.4277125101833591,-3,7,3,-1.5275446792262826,-2,3,5,-5,3,5,3,-5,5,5,-3,1,Right,3.61889999999851
17,R_2z8eY2Xx6z2jvr5,55,j,2,0,6462.699999999255,Mandatory drug tests for welfare recipients,Mandatory trigger warnings,1,-1,-3,6,2,-1.5275446792262826,0,2,1,-0.3543903655804975,-3,-0,3,3,-4,3,4,-3,3,-3,4,1,Right,6.462699999999255
17,R_2z8eY2Xx6z2jvr5,56,f,1,1,1811.1000000014901,Climate change legislation,Mask mandates,1,-1,3,6,2,0.8187639480652874,2,6,3,0.4277125101833591,3,-2,5,1,0,5,0,5,-5,1,0,0,Left,1.81110000000149
17,R_2z8eY2Xx6z2jvr5,57,f,1,1,3689.89999999851,Hardening schools/Arming teachers,Remove police from schools,-1,-1,-3,4,2,-1.5275446792262826,2,4,2,0.4277125101833591,3,-2,5,-5,0,5,0,5,-5,-5,0,0,Left,3.68989999999851
17,R_2z8eY2Xx6z2jvr5,58,f,1,1,1920,On campus concealed carry,Build southern border wall,1,1,-2,2,1,-1.1364932413443543,-3,7,3,-1.5275446792262826,-2,-3,1,1,-5,1,5,1,-1,1,-5,0,Left,1.92
17,R_2z8eY2Xx6z2jvr5,59,j,2,0,1904.9000000022352,Mandatory drug tests for welfare recipients,Climate change legislation,1,1,-3,6,2,-1.5275446792262826,3,6,2,0.8187639480652874,-3,3,6,6,0,6,0,-6,6,-6,0,1,Right,1.9049000000022351
17,R_2z8eY2Xx6z2jvr5,60,j,2,0,5729.699999999255,Mask mandates,Ban on research with animals,-1,-1,2,6,3,0.4277125101833591,3,7,2,0.8187639480652874,-2,-3,-1,1,1,1,1,1,-1,-1,-1,1,Right,5.729699999999255
17,R_2z8eY2Xx6z2jvr5,61,j,2,0,2994,War on Drugs,Mandatory vaccinations,1,1,-3,4,2,-1.5275446792262826,0,4,2,-0.3543903655804975,-3,0,3,3,0,3,0,-3,3,-3,0,1,Right,2.994
17,R_2z8eY2Xx6z2jvr5,62,j,2,0,1580.199999999255,Mandatory trigger warnings,Increased Gun regulations,1,1,0,2,1,-0.3543903655804975,3,4,2,0.8187639480652874,0,3,3,3,2,3,2,-3,3,-3,-2,1,Right,1.5801999999992549
17,R_2z8eY2Xx6z2jvr5,63,j,2,0,4259.800000000745,Remove Christopher Columbus statues,U.S. drone strikes in Afghanistan,-1,1,3,4,3,0.8187639480652874,-3,8,2,-1.5275446792262826,-3,-3,0,-6,4,0,4,0,0,6,-4,1,Right,4.259800000000745
17,R_2z8eY2Xx6z2jvr5,64,j,2,0,3800.60000000149,Remove public Confederate memorials,Expel students with white nationlist views,-1,1,3,4,3,0.8187639480652874,1,4,2,0.03666107230143078,-3,1,4,-2,0,4,0,-4,4,2,0,1,Right,3.80060000000149
17,R_2z8eY2Xx6z2jvr5,65,f,1,1,2126.699999999255,Build southern border wall,Mandatory vaccinations,-1,1,-3,7,3,-1.5275446792262826,0,4,2,-0.3543903655804975,3,0,3,-3,3,3,3,3,-3,-3,3,0,Left,2.126699999999255
17,R_2z8eY2Xx6z2jvr5,66,f,1,1,4123.699999999255,Hardening schools/Arming teachers,Mask mandates,-1,-1,-3,4,2,-1.5275446792262826,2,6,3,0.4277125101833591,3,-2,5,-5,-2,5,2,5,-5,-5,-2,0,Left,4.123699999999255
17,R_2z8eY2Xx6z2jvr5,67,j,2,0,2344.5,Ban on research with animals,Cuts to National Parks budget,-1,-1,3,7,2,0.8187639480652874,-2,4,1,-1.1364932413443543,-3,2,5,-5,-3,5,3,-5,5,5,3,1,Right,2.3445
17,R_2z8eY2Xx6z2jvr5,68,j,2,0,2867.599999997765,Mask mandates,Remove public Confederate memorials,1,1,2,6,3,0.4277125101833591,3,4,3,0.8187639480652874,2,3,1,1,-2,1,2,-1,1,-1,2,1,Right,2.867599999997765
17,R_2z8eY2Xx6z2jvr5,69,j,2,0,2564,Build southern border wall,Defund the police,1,1,-3,7,3,-1.5275446792262826,3,6,3,0.8187639480652874,-3,3,6,6,-1,6,1,-6,6,-6,1,1,Right,2.564
17,R_2z8eY2Xx6z2jvr5,70,f,1,1,2957.800000000745,War on Drugs,Mandatory drug tests for welfare recipients,-1,-1,-3,4,2,-1.5275446792262826,-3,6,2,-1.5275446792262826,3,3,0,0,-2,0,2,0,0,0,-2,0,Left,2.957800000000745
17,R_2z8eY2Xx6z2jvr5,71,j,2,0,3249.39999999851,Ban on research with animals,Remove police from schools,1,1,3,7,2,0.8187639480652874,2,4,2,0.4277125101833591,3,2,-1,-1,-3,1,3,1,-1,1,3,1,Right,3.2493999999985097
17,R_2z8eY2Xx6z2jvr5,72,f,1,1,2176.599999997765,Ban on research with animals,Legalization of marijuana,1,-1,3,7,2,0.8187639480652874,3,2,3,0.8187639480652874,3,-3,6,0,5,6,5,6,-6,0,5,0,Left,2.176599999997765
17,R_2z8eY2Xx6z2jvr5,73,j,2,0,1810.5999999977648,Increased Gun regulations,Remove Christopher Columbus statues,-1,1,3,4,2,0.8187639480652874,3,4,3,0.8187639480652874,-3,3,6,0,0,6,0,-6,6,0,0,1,Right,1.8105999999977649
17,R_2z8eY2Xx6z2jvr5,74,j,2,0,1738.800000000745,Affirmative action,Expel students with white nationlist views,-1,1,3,6,3,0.8187639480652874,1,4,2,0.03666107230143078,-3,1,4,-2,-2,4,2,-4,4,2,2,1,Right,1.738800000000745
17,R_2z8eY2Xx6z2jvr5,75,j,2,0,4052.599999997765,Build southern border wall,Hardening schools/Arming teachers,1,1,-3,7,3,-1.5275446792262826,-3,4,2,-1.5275446792262826,-3,-3,0,0,-3,0,3,0,0,0,3,1,Right,4.052599999997764
17,R_2z8eY2Xx6z2jvr5,76,j,2,0,2616.099999997765,Ban on research with animals,Remove Christopher Columbus statues,1,1,3,7,2,0.8187639480652874,3,4,3,0.8187639480652874,3,3,0,0,-3,0,3,0,0,0,3,1,Right,2.6160999999977648
17,R_2z8eY2Xx6z2jvr5,77,f,1,1,1667.9000000022352,Legalization of marijuana,Build southern border wall,1,1,3,2,3,0.8187639480652874,-3,7,3,-1.5275446792262826,3,-3,6,6,-5,6,5,6,-6,6,-5,0,Left,1.6679000000022353
17,R_2z8eY2Xx6z2jvr5,78,j,2,0,2275.300000000745,Build southern border wall,Expel students with white nationlist views,1,1,-3,7,3,-1.5275446792262826,1,4,2,0.03666107230143078,-3,1,4,4,-3,4,3,-4,4,-4,3,1,Right,2.275300000000745
17,R_2z8eY2Xx6z2jvr5,79,f,1,1,1733.3999999985099,Bathrooms restricted based on biological sex,Cuts to National Parks budget,-1,-1,-3,6,3,-1.5275446792262826,-2,4,1,-1.1364932413443543,3,2,1,-1,2,1,2,1,-1,-1,2,0,Left,1.73339999999851
17,R_2z8eY2Xx6z2jvr5,80,f,1,1,3277.5,Dorms determined by gender identity,Ban on research with animals,-1,1,-1,4,1,-0.7454418034624258,3,7,2,0.8187639480652874,1,3,-2,-4,-3,2,3,-2,2,-4,-3,0,Left,3.2775
17,R_2z8eY2Xx6z2jvr5,81,f,1,1,2171.2999999970198,Legalization of marijuana,Bathrooms restricted based on biological sex,1,1,3,2,3,0.8187639480652874,-3,6,3,-1.5275446792262826,3,-3,6,6,-4,6,4,6,-6,6,-4,0,Left,2.1712999999970197
17,R_2z8eY2Xx6z2jvr5,82,j,2,0,2341.5,Ban on research with animals,Detention of migrant children,1,-1,3,7,2,0.8187639480652874,-3,8,3,-1.5275446792262826,3,3,0,-6,1,0,1,0,0,6,-1,1,Right,2.3415
17,R_2z8eY2Xx6z2jvr5,83,j,2,0,2649.39999999851,Expel students with white nationlist views,Remove Christopher Columbus statues,-1,1,1,4,2,0.03666107230143078,3,4,3,0.8187639480652874,-1,3,4,2,0,4,0,-4,4,-2,0,1,Right,2.64939999999851
17,R_2z8eY2Xx6z2jvr5,84,f,1,1,1865.699999999255,Remove public Confederate memorials,Mandatory vaccinations,1,-1,3,4,3,0.8187639480652874,0,4,2,-0.3543903655804975,3,-0,3,3,0,3,0,3,-3,3,0,0,Left,1.865699999999255
17,R_2z8eY2Xx6z2jvr5,85,f,1,1,1867.1000000014901,On campus concealed carry,Climate change legislation,1,-1,-2,2,1,-1.1364932413443543,3,6,2,0.8187639480652874,-2,-3,1,-5,-4,1,4,1,-1,-5,-4,0,Left,1.8671000000014901
17,R_2z8eY2Xx6z2jvr5,86,f,1,1,4590.20000000298,U.S. drone strikes in Afghanistan,Abolishing private prisons,-1,1,-3,8,2,-1.5275446792262826,3,6,3,0.8187639480652874,3,3,0,-6,2,0,2,0,0,-6,2,0,Left,4.59020000000298
17,R_2z8eY2Xx6z2jvr5,87,j,2,0,4159.900000002235,Bathrooms restricted based on biological sex,Dorms determined by gender identity,1,1,-3,6,3,-1.5275446792262826,-1,4,1,-0.7454418034624258,-3,-1,2,2,-2,2,2,-2,2,-2,2,1,Right,4.159900000002235
17,R_2z8eY2Xx6z2jvr5,88,f,1,1,3991.800000000745,Gun-free campus police,On campus concealed carry,1,-1,3,4,2,0.8187639480652874,-2,2,1,-1.1364932413443543,3,2,1,5,2,1,2,1,-1,5,2,0,Left,3.991800000000745
17,R_2z8eY2Xx6z2jvr5,89,f,1,1,2652.099999997765,Mandatory trigger warnings,Remove public Confederate memorials,-1,-1,0,2,1,-0.3543903655804975,3,4,3,0.8187639480652874,-0,-3,3,-3,-2,3,2,3,-3,-3,-2,0,Left,2.652099999997765
17,R_2z8eY2Xx6z2jvr5,90,j,2,0,4694.800000000745,War on Drugs,Dorms determined by gender identity,1,1,-3,4,2,-1.5275446792262826,-1,4,1,-0.7454418034624258,-3,-1,2,2,0,2,0,-2,2,-2,0,1,Right,4.694800000000745
17,R_2z8eY2Xx6z2jvr5,91,f,1,1,6920.599999997765,Ban on research with animals,On campus concealed carry,1,1,3,7,2,0.8187639480652874,-2,2,1,-1.1364932413443543,3,-2,5,5,5,5,5,5,-5,5,5,0,Left,6.920599999997765
17,R_2z8eY2Xx6z2jvr5,92,f,1,1,2765.5,Remove public Confederate memorials,Legalization of marijuana,1,-1,3,4,3,0.8187639480652874,3,2,3,0.8187639480652874,3,-3,6,0,2,6,2,6,-6,0,2,0,Left,2.7655
17,R_2z8eY2Xx6z2jvr5,93,f,1,1,2995.699999999255,Mask mandates,War on Drugs,-1,1,2,6,3,0.4277125101833591,-3,4,2,-1.5275446792262826,-2,-3,1,5,2,1,2,1,-1,5,2,0,Left,2.995699999999255
17,R_2z8eY2Xx6z2jvr5,94,j,2,0,1586.300000000745,On campus concealed carry,Climate change legislation,1,1,-2,2,1,-1.1364932413443543,3,6,2,0.8187639480652874,-2,3,5,5,4,5,4,-5,5,-5,-4,1,Right,1.586300000000745
17,R_2z8eY2Xx6z2jvr5,95,f,1,1,1515.800000000745,Stop police brutality,Physician-assisted suicide,1,-1,3,8,3,0.8187639480652874,3,6,3,0.8187639480652874,3,-3,6,0,2,6,2,6,-6,0,2,0,Left,1.515800000000745
17,R_2z8eY2Xx6z2jvr5,96,f,1,1,1614.9000000022352,Remove public Confederate memorials,Expel students with white nationlist views,1,1,3,4,3,0.8187639480652874,1,4,2,0.03666107230143078,3,1,2,2,0,2,0,2,-2,2,0,0,Left,1.614900000002235
17,R_2z8eY2Xx6z2jvr5,97,j,2,0,3330.599999997765,Detention of migrant children,Bathrooms restricted based on biological sex,1,1,-3,8,3,-1.5275446792262826,-3,6,3,-1.5275446792262826,-3,-3,0,0,-2,0,2,0,0,0,2,1,Right,3.330599999997765
17,R_2z8eY2Xx6z2jvr5,98,j,2,0,2897.300000000745,Affirmative action,Ban on research with animals,-1,1,3,6,3,0.8187639480652874,3,7,2,0.8187639480652874,-3,3,6,0,1,6,1,-6,6,0,-1,1,Right,2.897300000000745
17,R_2z8eY2Xx6z2jvr5,99,j,2,0,2845,Dorms determined by gender identity,Ban on research with animals,1,1,-1,4,1,-0.7454418034624258,3,7,2,0.8187639480652874,-1,3,4,4,3,4,3,-4,4,-4,-3,1,Right,2.845
17,R_2z8eY2Xx6z2jvr5,100,j,2,0,2551.5,Ban on research with animals,On campus concealed carry,1,-1,3,7,2,0.8187639480652874,-2,2,1,-1.1364932413443543,3,2,-1,-5,-5,1,5,1,-1,5,5,1,Right,2.5515
8,R_2aWVXgcCrbBieG1,1,f,1,1,11958,Increased Gun regulations,Recognize Jerusalem as capital of Israel,-1,1,3,5,3,1.3687633414338984,2,5,2,0.803876883064353,-3,2,-5,1,0,5,0,-5,5,1,0,0,Left,11.958
8,R_2aWVXgcCrbBieG1,2,j,2,0,6602.199999988079,Tuition increases,Mandatory vaccinations,1,-1,-2,4,2,-1.4556689504138287,-3,8,3,-2.020555408783374,-2,3,5,-1,4,5,4,-5,5,1,-4,1,Right,6.602199999988079
8,R_2aWVXgcCrbBieG1,3,j,2,0,5429.300000011921,Physician-assisted suicide,Increased Gun regulations,-1,1,1,6,2,0.2389904246948076,3,5,3,1.3687633414338984,-1,3,4,2,-1,4,1,-4,4,-2,1,1,Right,5.429300000011921
8,R_2aWVXgcCrbBieG1,4,f,1,1,6409.300000011921,Increased Gun regulations,Build southern border wall,1,-1,3,5,3,1.3687633414338984,-2,2,2,-1.4556689504138287,3,2,1,5,3,1,3,1,-1,5,3,0,Left,6.409300000011921
8,R_2aWVXgcCrbBieG1,5,f,1,1,2589.900000035763,Increased Gun regulations,Black Lives Matter,1,1,3,5,3,1.3687633414338984,2,7,1,0.803876883064353,3,2,1,1,-2,1,2,1,-1,1,-2,0,Left,2.5899000000357626
8,R_2aWVXgcCrbBieG1,6,f,1,1,4650.900000035763,Climate change legislation,Mandatory vaccinations,1,1,1,4,2,0.2389904246948076,-3,8,3,-2.020555408783374,1,-3,4,4,-4,4,4,4,-4,4,-4,0,Left,4.6509000000357625
8,R_2aWVXgcCrbBieG1,7,f,1,1,5798.800000011921,Recognize Jerusalem as capital of Israel,"Boycott, Divest, and Sanction Israel",-1,-1,2,5,2,0.803876883064353,-3,6,1,-2.020555408783374,-2,3,-5,5,-1,5,1,-5,5,5,-1,0,Left,5.798800000011921
8,R_2aWVXgcCrbBieG1,8,j,2,0,4219.100000023842,Legalization of marijuana,Stop police brutality,1,-1,2,4,2,0.803876883064353,3,8,2,1.3687633414338984,2,-3,-5,1,4,5,4,5,-5,-1,-4,1,Right,4.2191000000238414
8,R_2aWVXgcCrbBieG1,9,j,2,0,3911.900000035763,Remove public Confederate memorials,Stop police brutality,1,-1,2,5,2,0.803876883064353,3,8,2,1.3687633414338984,2,-3,-5,1,3,5,3,5,-5,-1,-3,1,Right,3.9119000000357627
8,R_2aWVXgcCrbBieG1,10,f,1,1,4862.5,Ban on research with animals,Increased Gun regulations,1,-1,0,6,1,-0.32589603367473785,3,5,3,1.3687633414338984,0,-3,3,-3,1,3,1,3,-3,-3,1,0,Left,4.8625
8,R_2aWVXgcCrbBieG1,11,j,2,0,9821.400000035763,Mandatory vaccinations,Bathrooms restricted based on biological sex,1,-1,-3,8,3,-2.020555408783374,0,2,1,-0.32589603367473785,-3,-0,3,3,-6,3,6,-3,3,-3,6,1,Right,9.821400000035762
8,R_2aWVXgcCrbBieG1,12,j,2,0,2604.7999999523163,"Boycott, Divest, and Sanction Israel",Legalization of marijuana,-1,1,-3,6,1,-2.020555408783374,2,4,2,0.803876883064353,3,2,-1,5,-2,1,2,1,-1,-5,2,1,Right,2.6047999999523164
8,R_2aWVXgcCrbBieG1,13,f,1,1,2980.399999976158,Increased Gun regulations,"Boycott, Divest, and Sanction Israel",1,-1,3,5,3,1.3687633414338984,-3,6,1,-2.020555408783374,3,3,0,6,-1,0,1,0,0,6,-1,0,Left,2.980399999976158
8,R_2aWVXgcCrbBieG1,14,f,1,1,3299.399999976158,Affirmative action,Mandatory vaccinations,1,-1,1,7,3,0.2389904246948076,-3,8,3,-2.020555408783374,1,3,-2,4,-1,2,1,-2,2,4,-1,0,Left,3.299399999976158
8,R_2aWVXgcCrbBieG1,15,j,2,0,7342,Mandatory vaccinations,Raise the minimum wage,-1,1,-3,8,3,-2.020555408783374,2,6,3,0.803876883064353,3,2,-1,5,-2,1,2,1,-1,-5,2,1,Right,7.342
8,R_2aWVXgcCrbBieG1,16,j,2,0,12034.399999976158,Climate change legislation,Stop police brutality,-1,-1,1,4,2,0.2389904246948076,3,8,2,1.3687633414338984,-1,-3,-2,2,4,2,4,2,-2,-2,-4,1,Right,12.034399999976158
8,R_2aWVXgcCrbBieG1,17,j,2,0,4968.600000023842,Increased Gun regulations,Physician-assisted suicide,-1,-1,3,5,3,1.3687633414338984,1,6,2,0.2389904246948076,-3,-1,2,-2,1,2,1,-2,2,2,-1,1,Right,4.968600000023842
8,R_2aWVXgcCrbBieG1,18,f,1,1,6272.300000011921,Increased Gun regulations,"Boycott, Divest, and Sanction Israel",-1,1,3,5,3,1.3687633414338984,-3,6,1,-2.020555408783374,-3,-3,0,6,-1,0,1,0,0,6,-1,0,Left,6.272300000011921
8,R_2aWVXgcCrbBieG1,19,j,2,0,2816.7000000476837,Tuition increases,Increased Gun regulations,-1,1,-2,4,2,-1.4556689504138287,3,5,3,1.3687633414338984,2,3,1,5,1,1,1,-1,1,-5,-1,1,Right,2.8167000000476836
8,R_2aWVXgcCrbBieG1,20,f,1,1,2585.699999988079,Stop police brutality,Build southern border wall,-1,1,3,8,2,1.3687633414338984,-2,2,2,-1.4556689504138287,-3,-2,-1,5,6,1,6,-1,1,5,6,0,Left,2.585699999988079
8,R_2aWVXgcCrbBieG1,21,f,1,1,6182.800000011921,Stop police brutality,"Boycott, Divest, and Sanction Israel",1,1,3,8,2,1.3687633414338984,-3,6,1,-2.020555408783374,3,-3,6,6,2,6,2,6,-6,6,2,0,Left,6.1828000000119205
8,R_2aWVXgcCrbBieG1,22,f,1,1,4792.300000011921,Increased Gun regulations,Build southern border wall,-1,1,3,5,3,1.3687633414338984,-2,2,2,-1.4556689504138287,-3,-2,-1,5,3,1,3,-1,1,5,3,0,Left,4.792300000011921
8,R_2aWVXgcCrbBieG1,23,f,1,1,3450.399999976158,Mandatory vaccinations,Black Lives Matter,-1,-1,-3,8,3,-2.020555408783374,2,7,1,0.803876883064353,3,-2,5,-5,1,5,1,5,-5,-5,1,0,Left,3.4503999999761583
8,R_2aWVXgcCrbBieG1,24,j,2,0,5906.299999952316,Increased Gun regulations,Legalization of marijuana,-1,-1,3,5,3,1.3687633414338984,2,4,2,0.803876883064353,-3,-2,1,-1,-1,1,1,-1,1,1,1,1,Right,5.906299999952316
8,R_2aWVXgcCrbBieG1,25,j,2,0,1780.300000011921,Stop police brutality,Increased Gun regulations,1,1,3,8,2,1.3687633414338984,3,5,3,1.3687633414338984,3,3,0,0,-3,0,3,0,0,0,3,1,Right,1.780300000011921
8,R_2aWVXgcCrbBieG1,26,j,2,0,11284.300000011921,Increased Gun regulations,War on Drugs,-1,1,3,5,3,1.3687633414338984,-2,6,3,-1.4556689504138287,-3,-2,1,-5,1,1,1,-1,1,5,-1,1,Right,11.284300000011921
8,R_2aWVXgcCrbBieG1,27,f,1,1,2389,Mandatory vaccinations,"Boycott, Divest, and Sanction Israel",1,1,-3,8,3,-2.020555408783374,-3,6,1,-2.020555408783374,-3,-3,0,0,2,0,2,0,0,0,2,0,Left,2.389
8,R_2aWVXgcCrbBieG1,28,j,2,0,4109.5,Mandatory vaccinations,Defund Planned Parenthood,1,1,-3,8,3,-2.020555408783374,0,0,3,-0.32589603367473785,-3,0,3,3,-8,3,8,-3,3,-3,8,1,Right,4.1095
8,R_2aWVXgcCrbBieG1,29,f,1,1,3122.100000023842,Increased Gun regulations,"Boycott, Divest, and Sanction Israel",-1,-1,3,5,3,1.3687633414338984,-3,6,1,-2.020555408783374,-3,3,-6,6,-1,6,1,-6,6,6,-1,0,Left,3.122100000023842
8,R_2aWVXgcCrbBieG1,30,j,2,0,4973.300000011921,Allow alt-right speakers on campus,Increased Gun regulations,-1,1,2,5,2,0.803876883064353,3,5,3,1.3687633414338984,-2,3,5,1,0,5,0,-5,5,-1,0,1,Right,4.973300000011921
8,R_2aWVXgcCrbBieG1,31,j,2,0,2953.800000011921,Climate change legislation,Increased Gun regulations,1,1,1,4,2,0.2389904246948076,3,5,3,1.3687633414338984,1,3,2,2,1,2,1,-2,2,-2,-1,1,Right,2.953800000011921
8,R_2aWVXgcCrbBieG1,32,f,1,1,2625.5,Increased Gun regulations,Tuition increases,1,1,3,5,3,1.3687633414338984,-2,4,2,-1.4556689504138287,3,-2,5,5,1,5,1,5,-5,5,1,0,Left,2.6255
8,R_2aWVXgcCrbBieG1,33,j,2,0,3983,Stop police brutality,Religious exemptions for discrimination laws,-1,1,3,8,2,1.3687633414338984,2,6,2,0.803876883064353,-3,2,5,-1,-2,5,2,-5,5,1,2,1,Right,3.983
8,R_2aWVXgcCrbBieG1,34,j,2,0,3562.100000023842,Increased Gun regulations,Safe injection locations,-1,-1,3,5,3,1.3687633414338984,0,1,1,-0.32589603367473785,-3,-0,3,-3,-4,3,4,-3,3,3,4,1,Right,3.562100000023842
8,R_2aWVXgcCrbBieG1,35,j,2,0,9376,Mandatory vaccinations,Black Lives Matter,1,1,-3,8,3,-2.020555408783374,2,7,1,0.803876883064353,-3,2,5,5,-1,5,1,-5,5,-5,1,1,Right,9.376
8,R_2aWVXgcCrbBieG1,36,j,2,0,3891.400000035763,Stop police brutality,Ban on research with animals,-1,1,3,8,2,1.3687633414338984,0,6,1,-0.32589603367473785,-3,0,3,-3,-2,3,2,-3,3,3,2,1,Right,3.891400000035763
8,R_2aWVXgcCrbBieG1,37,f,1,1,3693.400000035763,Remove public Confederate memorials,Increased Gun regulations,-1,-1,2,5,2,0.803876883064353,3,5,3,1.3687633414338984,-2,-3,1,-1,0,1,0,1,-1,-1,0,0,Left,3.693400000035763
8,R_2aWVXgcCrbBieG1,38,j,2,0,1496.3999999761581,Physician-assisted suicide,Increased Gun regulations,1,1,1,6,2,0.2389904246948076,3,5,3,1.3687633414338984,1,3,2,2,-1,2,1,-2,2,-2,1,1,Right,1.4963999999761581
8,R_2aWVXgcCrbBieG1,39,j,2,0,1749.0999999642372,Mandatory vaccinations,Physician-assisted suicide,1,1,-3,8,3,-2.020555408783374,1,6,2,0.2389904246948076,-3,1,4,4,-2,4,2,-4,4,-4,2,1,Right,1.7490999999642372
8,R_2aWVXgcCrbBieG1,40,f,1,1,1547.8999999761581,Black Lives Matter,Increased Gun regulations,1,-1,2,7,1,0.803876883064353,3,5,3,1.3687633414338984,2,-3,5,-1,2,5,2,5,-5,-1,2,0,Left,1.5478999999761582
8,R_2aWVXgcCrbBieG1,41,j,2,0,1625.8999999761581,Abolishing fraternities,Increased Gun regulations,1,1,0,0,1,-0.32589603367473785,3,5,3,1.3687633414338984,0,3,3,3,5,3,5,-3,3,-3,-5,1,Right,1.625899999976158
8,R_2aWVXgcCrbBieG1,42,f,1,1,3775.5,Stop police brutality,Affirmative action,1,-1,3,8,2,1.3687633414338984,1,7,3,0.2389904246948076,3,-1,4,2,1,4,1,4,-4,2,1,0,Left,3.7755
8,R_2aWVXgcCrbBieG1,43,f,1,1,4850.600000023842,Stop police brutality,Climate change legislation,1,1,3,8,2,1.3687633414338984,1,4,2,0.2389904246948076,3,1,2,2,4,2,4,2,-2,2,4,0,Left,4.850600000023842
8,R_2aWVXgcCrbBieG1,44,f,1,1,1461.9000000357628,Tuition increases,Mandatory vaccinations,1,1,-2,4,2,-1.4556689504138287,-3,8,3,-2.020555408783374,-2,-3,1,1,-4,1,4,1,-1,1,-4,0,Left,1.4619000000357627
8,R_2aWVXgcCrbBieG1,45,j,2,0,2830.300000011921,Safe injection locations,Mandatory vaccinations,1,-1,0,1,1,-0.32589603367473785,-3,8,3,-2.020555408783374,0,3,3,-3,7,3,7,-3,3,3,-7,1,Right,2.830300000011921
8,R_2aWVXgcCrbBieG1,46,j,2,0,2087.400000035763,"Boycott, Divest, and Sanction Israel",Increased Gun regulations,1,1,-3,6,1,-2.020555408783374,3,5,3,1.3687633414338984,-3,3,6,6,-1,6,1,-6,6,-6,1,1,Right,2.0874000000357626
8,R_2aWVXgcCrbBieG1,47,f,1,1,2101.699999988079,Mandatory vaccinations,"Boycott, Divest, and Sanction Israel",1,-1,-3,8,3,-2.020555408783374,-3,6,1,-2.020555408783374,-3,3,-6,0,2,6,2,-6,6,0,2,0,Left,2.101699999988079
8,R_2aWVXgcCrbBieG1,48,f,1,1,1941,Increased Gun regulations,Affirmative action,1,1,3,5,3,1.3687633414338984,1,7,3,0.2389904246948076,3,1,2,2,-2,2,2,2,-2,2,-2,0,Left,1.941
8,R_2aWVXgcCrbBieG1,49,j,2,0,5031.399999976158,Affirmative action,Stop police brutality,-1,-1,1,7,3,0.2389904246948076,3,8,2,1.3687633414338984,-1,-3,-2,2,1,2,1,2,-2,-2,-1,1,Right,5.031399999976158
8,R_2aWVXgcCrbBieG1,50,j,2,0,2862,"Boycott, Divest, and Sanction Israel",Stop police brutality,-1,1,-3,6,1,-2.020555408783374,3,8,2,1.3687633414338984,3,3,0,6,2,0,2,0,0,-6,-2,1,Right,2.862
8,R_2aWVXgcCrbBieG1,51,j,2,0,2271.199999988079,Increased Gun regulations,Tuition increases,-1,-1,3,5,3,1.3687633414338984,-2,4,2,-1.4556689504138287,-3,2,5,-5,-1,5,1,-5,5,5,1,1,Right,2.271199999988079
8,R_2aWVXgcCrbBieG1,52,j,2,0,1403.6000000238419,Raise the minimum wage,Increased Gun regulations,1,1,2,6,3,0.803876883064353,3,5,3,1.3687633414338984,2,3,1,1,-1,1,1,-1,1,-1,1,1,Right,1.4036000000238418
8,R_2aWVXgcCrbBieG1,53,j,2,0,2036.3999999761581,Bathrooms restricted based on biological sex,Stop police brutality,1,1,0,2,1,-0.32589603367473785,3,8,2,1.3687633414338984,0,3,3,3,6,3,6,-3,3,-3,-6,1,Right,2.036399999976158
8,R_2aWVXgcCrbBieG1,54,j,2,0,2537.899999976158,Abolishing fraternities,Mandatory vaccinations,-1,-1,0,0,1,-0.32589603367473785,-3,8,3,-2.020555408783374,-0,3,3,-3,8,3,8,-3,3,3,-8,1,Right,2.5378999999761582
8,R_2aWVXgcCrbBieG1,55,j,2,0,5187.600000023842,Increased Gun regulations,Defund Planned Parenthood,-1,-1,3,5,3,1.3687633414338984,0,0,3,-0.32589603367473785,-3,-0,3,-3,-5,3,5,-3,3,3,5,1,Right,5.187600000023842
8,R_2aWVXgcCrbBieG1,56,j,2,0,2078.699999988079,Black Lives Matter,Stop police brutality,1,1,2,7,1,0.803876883064353,3,8,2,1.3687633414338984,2,3,1,1,1,1,1,-1,1,-1,-1,1,Right,2.078699999988079
8,R_2aWVXgcCrbBieG1,57,f,1,1,1882.300000011921,Increased Gun regulations,Mandatory vaccinations,1,1,3,5,3,1.3687633414338984,-3,8,3,-2.020555408783374,3,-3,6,6,-3,6,3,6,-6,6,-3,0,Left,1.882300000011921
8,R_2aWVXgcCrbBieG1,58,f,1,1,2752.400000035763,Affirmative action,Increased Gun regulations,-1,-1,1,7,3,0.2389904246948076,3,5,3,1.3687633414338984,-1,-3,2,-2,2,2,2,2,-2,-2,2,0,Left,2.7524000000357627
8,R_2aWVXgcCrbBieG1,59,f,1,1,2558.2999999523163,Climate change legislation,Increased Gun regulations,1,-1,1,4,2,0.2389904246948076,3,5,3,1.3687633414338984,1,-3,4,-2,-1,4,1,4,-4,-2,-1,0,Left,2.5582999999523164
8,R_2aWVXgcCrbBieG1,60,f,1,1,9140.099999964237,Mandatory vaccinations,Mandatory vaccinations,-1,1,-3,8,3,-2.020555408783374,-3,8,3,-2.020555408783374,3,-3,6,0,0,6,0,6,-6,0,0,0,Left,9.140099999964237
8,R_2aWVXgcCrbBieG1,61,j,2,0,2358.800000011921,Climate change legislation,Increased Gun regulations,-1,1,1,4,2,0.2389904246948076,3,5,3,1.3687633414338984,-1,3,4,2,1,4,1,-4,4,-2,-1,1,Right,2.358800000011921
8,R_2aWVXgcCrbBieG1,62,f,1,1,22654.69999998808,Black Lives Matter,Increased Gun regulations,-1,-1,2,7,1,0.803876883064353,3,5,3,1.3687633414338984,-2,-3,1,-1,2,1,2,1,-1,-1,2,0,Left,22.65469999998808
8,R_2aWVXgcCrbBieG1,63,j,2,0,2015.699999988079,Tuition increases,Mandatory vaccinations,-1,-1,-2,4,2,-1.4556689504138287,-3,8,3,-2.020555408783374,2,3,1,-1,4,1,4,-1,1,1,-4,1,Right,2.015699999988079
8,R_2aWVXgcCrbBieG1,64,f,1,1,2224.5,Physician-assisted suicide,Mandatory vaccinations,-1,1,1,6,2,0.2389904246948076,-3,8,3,-2.020555408783374,-1,-3,2,4,-2,2,2,2,-2,4,-2,0,Left,2.2245
8,R_2aWVXgcCrbBieG1,65,f,1,1,1449.5,Increased Gun regulations,Build southern border wall,1,1,3,5,3,1.3687633414338984,-2,2,2,-1.4556689504138287,3,-2,5,5,3,5,3,5,-5,5,3,0,Left,1.4495
8,R_2aWVXgcCrbBieG1,66,j,2,0,2990.199999988079,Remove public Confederate memorials,Increased Gun regulations,1,1,2,5,2,0.803876883064353,3,5,3,1.3687633414338984,2,3,1,1,0,1,0,-1,1,-1,0,1,Right,2.990199999988079
8,R_2aWVXgcCrbBieG1,67,j,2,0,1745,Build southern border wall,Stop police brutality,-1,1,-2,2,2,-1.4556689504138287,3,8,2,1.3687633414338984,2,3,1,5,6,1,6,-1,1,-5,-6,1,Right,1.745
8,R_2aWVXgcCrbBieG1,68,j,2,0,2959.399999976158,"Boycott, Divest, and Sanction Israel","Boycott, Divest, and Sanction Israel",1,-1,-3,6,1,-2.020555408783374,-3,6,1,-2.020555408783374,-3,3,6,0,0,6,0,-6,6,0,0,1,Right,2.959399999976158
8,R_2aWVXgcCrbBieG1,69,f,1,1,5430.5,Allow alt-right speakers on campus,Mandatory vaccinations,-1,1,2,5,2,0.803876883064353,-3,8,3,-2.020555408783374,-2,-3,1,5,-3,1,3,1,-1,5,-3,0,Left,5.4305
8,R_2aWVXgcCrbBieG1,70,j,2,0,3509.599999964237,Increased Gun regulations,Climate change legislation,-1,-1,3,5,3,1.3687633414338984,1,4,2,0.2389904246948076,-3,-1,2,-2,-1,2,1,-2,2,2,1,1,Right,3.5095999999642373
8,R_2aWVXgcCrbBieG1,71,j,2,0,1898.9000000357628,"Boycott, Divest, and Sanction Israel",Raise the minimum wage,-1,1,-3,6,1,-2.020555408783374,2,6,3,0.803876883064353,3,2,-1,5,0,1,0,1,-1,-5,0,1,Right,1.8989000000357628
8,R_2aWVXgcCrbBieG1,72,j,2,0,1527.4000000357628,Safe injection locations,Increased Gun regulations,1,1,0,1,1,-0.32589603367473785,3,5,3,1.3687633414338984,0,3,3,3,4,3,4,-3,3,-3,-4,1,Right,1.5274000000357628
8,R_2aWVXgcCrbBieG1,73,j,2,0,1878.3999999761581,Physician-assisted suicide,Mandatory vaccinations,-1,-1,1,6,2,0.2389904246948076,-3,8,3,-2.020555408783374,-1,3,4,-4,2,4,2,-4,4,4,-2,1,Right,1.8783999999761583
8,R_2aWVXgcCrbBieG1,74,f,1,1,4237.399999976158,Stop police brutality,Increased Gun regulations,-1,-1,3,8,2,1.3687633414338984,3,5,3,1.3687633414338984,-3,-3,0,0,3,0,3,0,0,0,3,0,Left,4.237399999976158
8,R_2aWVXgcCrbBieG1,75,j,2,0,1666.5,"Boycott, Divest, and Sanction Israel",Remove public Confederate memorials,-1,1,-3,6,1,-2.020555408783374,2,5,2,0.803876883064353,3,2,-1,5,-1,1,1,1,-1,-5,1,1,Right,1.6665
8,R_2aWVXgcCrbBieG1,76,f,1,1,1722.699999988079,Build southern border wall,Increased Gun regulations,-1,-1,-2,2,2,-1.4556689504138287,3,5,3,1.3687633414338984,2,-3,5,-5,-3,5,3,5,-5,-5,-3,0,Left,1.722699999988079
8,R_2aWVXgcCrbBieG1,77,f,1,1,3238.400000035763,Lift COVID lockdowns,Increased Gun regulations,1,-1,2,6,3,0.803876883064353,3,5,3,1.3687633414338984,2,-3,5,-1,1,5,1,5,-5,-1,1,0,Left,3.238400000035763
8,R_2aWVXgcCrbBieG1,78,f,1,1,2018.699999988079,Climate change legislation,Mandatory vaccinations,-1,-1,1,4,2,0.2389904246948076,-3,8,3,-2.020555408783374,-1,3,-4,4,-4,4,4,-4,4,4,-4,0,Left,2.0186999999880793
8,R_2aWVXgcCrbBieG1,79,j,2,0,8767.799999952316,Abortion rights,Mandatory vaccinations,-1,-1,2,6,2,0.803876883064353,-3,8,3,-2.020555408783374,-2,3,5,-5,2,5,2,-5,5,5,-2,1,Right,8.767799999952317
8,R_2aWVXgcCrbBieG1,80,f,1,1,2010.1000000238419,Stop police brutality,Ban on research with animals,1,-1,3,8,2,1.3687633414338984,0,6,1,-0.32589603367473785,3,-0,3,3,2,3,2,3,-3,3,2,0,Left,2.010100000023842
8,R_2aWVXgcCrbBieG1,81,j,2,0,5955.299999952316,Stop police brutality,Black Lives Matter,-1,-1,3,8,2,1.3687633414338984,2,7,1,0.803876883064353,-3,-2,1,-1,-1,1,1,-1,1,1,1,1,Right,5.955299999952317
8,R_2aWVXgcCrbBieG1,82,f,1,1,1075.8999999761581,Increased Gun regulations,Bathrooms restricted based on biological sex,1,1,3,5,3,1.3687633414338984,0,2,1,-0.32589603367473785,3,0,3,3,3,3,3,3,-3,3,3,0,Left,1.075899999976158
8,R_2aWVXgcCrbBieG1,83,j,2,0,4199.300000011921,Increased Gun regulations,Physician-assisted suicide,-1,1,3,5,3,1.3687633414338984,1,6,2,0.2389904246948076,-3,1,4,-2,1,4,1,-4,4,2,-1,1,Right,4.199300000011921
8,R_2aWVXgcCrbBieG1,84,j,2,0,2201.600000023842,Increased Gun regulations,Stop police brutality,-1,1,3,5,3,1.3687633414338984,3,8,2,1.3687633414338984,-3,3,6,0,3,6,3,-6,6,0,-3,1,Right,2.201600000023842
8,R_2aWVXgcCrbBieG1,85,j,2,0,1815.9000000357628,Build southern border wall,Mandatory vaccinations,1,-1,-2,2,2,-1.4556689504138287,-3,8,3,-2.020555408783374,-2,3,5,-1,6,5,6,-5,5,1,-6,1,Right,1.8159000000357628
8,R_2aWVXgcCrbBieG1,86,j,2,0,5755.299999952316,Safe injection locations,Stop police brutality,1,-1,0,1,1,-0.32589603367473785,3,8,2,1.3687633414338984,0,-3,-3,3,7,3,7,3,-3,-3,-7,1,Right,5.7552999999523164
8,R_2aWVXgcCrbBieG1,87,j,2,0,2402.7000000476837,Religious exemptions for discrimination laws,Increased Gun regulations,-1,1,2,6,2,0.803876883064353,3,5,3,1.3687633414338984,-2,3,5,1,-1,5,1,-5,5,-1,1,1,Right,2.402700000047684
8,R_2aWVXgcCrbBieG1,88,j,2,0,5690.399999976158,Increased Gun regulations,Bathrooms restricted based on biological sex,-1,1,3,5,3,1.3687633414338984,0,2,1,-0.32589603367473785,-3,0,3,-3,-3,3,3,-3,3,3,3,1,Right,5.690399999976158
8,R_2aWVXgcCrbBieG1,89,j,2,0,4197.600000023842,Mandatory vaccinations,Recognize Jerusalem as capital of Israel,-1,1,-3,8,3,-2.020555408783374,2,5,2,0.803876883064353,3,2,-1,5,-3,1,3,1,-1,-5,3,1,Right,4.197600000023842
8,R_2aWVXgcCrbBieG1,90,f,1,1,1123.2000000476837,Stop police brutality,Physician-assisted suicide,1,1,3,8,2,1.3687633414338984,1,6,2,0.2389904246948076,3,1,2,2,2,2,2,2,-2,2,2,0,Left,1.1232000000476836
8,R_2aWVXgcCrbBieG1,91,j,2,0,2269.800000011921,Stop police brutality,Religious exemptions for discrimination laws,-1,-1,3,8,2,1.3687633414338984,2,6,2,0.803876883064353,-3,-2,1,-1,-2,1,2,-1,1,1,2,1,Right,2.2698000000119207
8,R_2aWVXgcCrbBieG1,92,f,1,1,5436.100000023842,Build southern border wall,Stop police brutality,-1,-1,-2,2,2,-1.4556689504138287,3,8,2,1.3687633414338984,2,-3,5,-5,-6,5,6,5,-5,-5,-6,0,Left,5.436100000023842
8,R_2aWVXgcCrbBieG1,93,j,2,0,3768.800000011921,Ban on research with animals,Increased Gun regulations,-1,1,0,6,1,-0.32589603367473785,3,5,3,1.3687633414338984,-0,3,3,3,-1,3,1,-3,3,-3,1,1,Right,3.768800000011921
8,R_2aWVXgcCrbBieG1,94,j,2,0,1523.9000000357628,Black Lives Matter,Increased Gun regulations,-1,1,2,7,1,0.803876883064353,3,5,3,1.3687633414338984,-2,3,5,1,-2,5,2,-5,5,-1,2,1,Right,1.5239000000357628
8,R_2aWVXgcCrbBieG1,95,j,2,0,5170.300000011921,Allow alt-right speakers on campus,Mandatory vaccinations,-1,-1,2,5,2,0.803876883064353,-3,8,3,-2.020555408783374,-2,3,5,-5,3,5,3,-5,5,5,-3,1,Right,5.170300000011921
8,R_2aWVXgcCrbBieG1,96,j,2,0,1878.699999988079,Mandatory vaccinations,Affirmative action,1,1,-3,8,3,-2.020555408783374,1,7,3,0.2389904246948076,-3,1,4,4,-1,4,1,-4,4,-4,1,1,Right,1.8786999999880791
8,R_2aWVXgcCrbBieG1,97,j,2,0,2943,"Boycott, Divest, and Sanction Israel",Lift COVID lockdowns,-1,-1,-3,6,1,-2.020555408783374,2,6,3,0.803876883064353,3,-2,-5,5,0,5,0,5,-5,-5,0,1,Right,2.943
8,R_2aWVXgcCrbBieG1,98,f,1,1,2567,Affirmative action,Increased Gun regulations,1,-1,1,7,3,0.2389904246948076,3,5,3,1.3687633414338984,1,-3,4,-2,2,4,2,4,-4,-2,2,0,Left,2.567
8,R_2aWVXgcCrbBieG1,99,j,2,0,1858.7000000476837,Increased Gun regulations,Increased Gun regulations,-1,1,3,5,3,1.3687633414338984,3,5,3,1.3687633414338984,-3,3,6,0,0,6,0,-6,6,0,0,1,Right,1.8587000000476837
8,R_2aWVXgcCrbBieG1,100,j,2,0,1691.699999988079,Affirmative action,Increased Gun regulations,-1,1,1,7,3,0.2389904246948076,3,5,3,1.3687633414338984,-1,3,4,2,-2,4,2,-4,4,-2,2,1,Right,1.691699999988079
9,R_2cotQ6ipN4QDm06,1,f,1,1,732.4000000953674,Affirmative action,Abortion rights,-1,-1,0,4,3,-0.8472643002387606,3,7,3,2.3080648178917973,-0,-3,3,-3,-3,3,3,3,-3,-3,-3,0,Left,0.7324000000953674
9,R_2cotQ6ipN4QDm06,2,j,2,0,732.4000000953674,Lift COVID lockdowns,Mandatory training on sexual consent,1,1,2,8,3,1.2562884451816112,0,6,3,-0.8472643002387606,2,0,-2,-2,-2,2,2,2,-2,2,2,1,Right,0.7324000000953674
9,R_2cotQ6ipN4QDm06,3,j,2,0,831.7999999523163,Allow alt-right speakers on campus,Mandatory vaccinations,-1,1,2,6,3,1.2562884451816112,3,8,3,2.3080648178917973,-2,3,5,1,2,5,2,-5,5,-1,-2,1,Right,0.8317999999523162
9,R_2cotQ6ipN4QDm06,4,j,2,0,856.2999999523163,Abortion rights,Ban on research with animals,-1,1,3,7,3,2.3080648178917973,0,3,2,-0.8472643002387606,-3,0,3,-3,-4,3,4,-3,3,3,4,1,Right,0.8562999999523163
9,R_2cotQ6ipN4QDm06,5,f,1,1,982.3999998569489,Stop police brutality,Remove Christopher Columbus statues,-1,1,2,8,4,1.2562884451816112,-1,1,2,-1.8990406729489466,-2,-1,-1,3,7,1,7,-1,1,3,7,0,Left,0.9823999998569488
9,R_2cotQ6ipN4QDm06,6,j,2,0,1607.7999999523163,Gun-free campus police,Stop police brutality,-1,-1,1,8,3,0.20451207247142525,2,8,4,1.2562884451816112,-1,-2,-1,1,0,1,0,1,-1,-1,0,1,Right,1.6077999999523163
9,R_2cotQ6ipN4QDm06,7,j,2,0,754.5,Mandatory vaccinations,University Campus should be a Sanctuary,1,1,3,8,3,2.3080648178917973,1,8,3,0.20451207247142525,3,1,-2,-2,0,2,0,2,-2,2,0,1,Right,0.7545
9,R_2cotQ6ipN4QDm06,8,f,1,1,287845.60000014305,Abolishing private prisons,Abortion rights,-1,1,2,6,3,1.2562884451816112,3,7,3,2.3080648178917973,-2,3,-5,-1,-1,5,1,-5,5,-1,-1,0,Left,287.84560000014307
9,R_2cotQ6ipN4QDm06,9,f,1,1,154864.20000004768,Stop police brutality,Mandatory vaccinations,1,1,2,8,4,1.2562884451816112,3,8,3,2.3080648178917973,2,3,-1,-1,0,1,0,-1,1,-1,0,0,Left,154.86420000004767
9,R_2cotQ6ipN4QDm06,10,f,1,1,68.5,Physician-assisted suicide,Increased Gun regulations,1,1,2,6,3,1.2562884451816112,1,8,3,0.20451207247142525,2,1,1,1,-2,1,2,1,-1,1,-2,0,Left,0.0685
9,R_2cotQ6ipN4QDm06,11,f,1,1,396058.89999985695,Remove Christopher Columbus statues,Mandatory vaccinations,1,1,-1,1,2,-1.8990406729489466,3,8,3,2.3080648178917973,-1,3,-4,-4,-7,4,7,-4,4,-4,-7,0,Left,396.058899999857
9,R_2cotQ6ipN4QDm06,12,f,1,1,14612.799999952316,Abortion rights,Remove Christopher Columbus statues,-1,-1,3,7,3,2.3080648178917973,-1,1,2,-1.8990406729489466,-3,1,-4,4,6,4,6,-4,4,4,6,0,Left,14.612799999952315
9,R_2cotQ6ipN4QDm06,13,f,1,1,825,Ban on research with animals,Mandatory vaccinations,-1,1,0,3,2,-0.8472643002387606,3,8,3,2.3080648178917973,-0,3,-3,-3,-5,3,5,-3,3,-3,-5,0,Left,0.825
9,R_2cotQ6ipN4QDm06,14,j,2,0,65,Ban on research with animals,Mandatory vaccinations,-1,-1,0,3,2,-0.8472643002387606,3,8,3,2.3080648178917973,-0,-3,-3,3,5,3,5,3,-3,-3,-5,1,Right,0.065
9,R_2cotQ6ipN4QDm06,15,f,1,1,135.70000004768372,Abortion rights,Mask mandates,-1,1,3,7,3,2.3080648178917973,0,6,3,-0.8472643002387606,-3,0,-3,3,1,3,1,-3,3,3,1,0,Left,0.1357000000476837
9,R_2cotQ6ipN4QDm06,16,f,1,1,4.299999952316284,Remove police from schools,Mandatory vaccinations,-1,-1,1,8,3,0.20451207247142525,3,8,3,2.3080648178917973,-1,-3,2,-2,0,2,0,2,-2,-2,0,0,Left,0.0042999999523162845
9,R_2cotQ6ipN4QDm06,17,j,2,0,637.6999998092651,Mandatory vaccinations,Remove public Confederate memorials,1,-1,3,8,3,2.3080648178917973,0,8,3,-0.8472643002387606,3,-0,-3,-3,0,3,0,3,-3,3,0,1,Right,0.6376999998092652
9,R_2cotQ6ipN4QDm06,18,j,2,0,138.20000004768372,Lift COVID lockdowns,Abortion rights,-1,1,2,8,3,1.2562884451816112,3,7,3,2.3080648178917973,-2,3,5,1,-1,5,1,-5,5,-1,1,1,Right,0.1382000000476837
9,R_2cotQ6ipN4QDm06,19,j,2,0,843,Lift COVID lockdowns,Ban on research with animals,1,-1,2,8,3,1.2562884451816112,0,3,2,-0.8472643002387606,2,-0,-2,-2,-5,2,5,2,-2,2,5,1,Right,0.843
9,R_2cotQ6ipN4QDm06,20,j,2,0,248.5,Climate change legislation,Abortion rights,1,1,0,5,2,-0.8472643002387606,3,7,3,2.3080648178917973,0,3,3,3,2,3,2,-3,3,-3,-2,1,Right,0.2485
9,R_2cotQ6ipN4QDm06,21,j,2,0,29.399999856948853,Remove public Confederate memorials,Abortion rights,1,-1,0,8,3,-0.8472643002387606,3,7,3,2.3080648178917973,0,-3,-3,3,-1,3,1,3,-3,-3,1,1,Right,0.029399999856948852
9,R_2cotQ6ipN4QDm06,22,j,2,0,475.2000000476837,Climate change legislation,Abortion rights,1,-1,0,5,2,-0.8472643002387606,3,7,3,2.3080648178917973,0,-3,-3,3,2,3,2,3,-3,-3,-2,1,Right,0.4752000000476837
9,R_2cotQ6ipN4QDm06,23,f,1,1,186.70000004768372,Lift COVID lockdowns,Cuts to National Parks budget,1,-1,2,8,3,1.2562884451816112,1,6,3,0.20451207247142525,2,-1,3,1,2,3,2,3,-3,1,2,0,Left,0.18670000004768372
9,R_2cotQ6ipN4QDm06,24,f,1,1,7773.899999856949,Abortion rights,Ban on research with animals,1,-1,3,7,3,2.3080648178917973,0,3,2,-0.8472643002387606,3,-0,3,3,4,3,4,3,-3,3,4,0,Left,7.7738999998569485
9,R_2cotQ6ipN4QDm06,25,j,2,0,13416.399999856949,Mandatory vaccinations,Cuts to National Parks budget,1,-1,3,8,3,2.3080648178917973,1,6,3,0.20451207247142525,3,-1,-4,-2,-2,4,2,4,-4,2,2,1,Right,13.41639999985695
9,R_2cotQ6ipN4QDm06,26,j,2,0,16759.200000047684,Defund the police,Physician-assisted suicide,-1,1,1,6,3,0.20451207247142525,2,6,3,1.2562884451816112,-1,2,3,1,0,3,0,-3,3,-1,0,1,Right,16.759200000047684
9,R_2cotQ6ipN4QDm06,27,j,2,0,809.2999999523163,Student worker unionization,Lift COVID lockdowns,-1,-1,0,6,3,-0.8472643002387606,2,8,3,1.2562884451816112,-0,-2,-2,2,2,2,2,2,-2,-2,-2,1,Right,0.8092999999523163
9,R_2cotQ6ipN4QDm06,28,j,2,0,1257.6999998092651,Abortion rights,Increased Gun regulations,-1,-1,3,7,3,2.3080648178917973,1,8,3,0.20451207247142525,-3,-1,2,-2,1,2,1,-2,2,2,-1,1,Right,1.257699999809265
9,R_2cotQ6ipN4QDm06,29,j,2,0,773.5,Mandatory vaccinations,Cuts to National Parks budget,-1,-1,3,8,3,2.3080648178917973,1,6,3,0.20451207247142525,-3,-1,2,-2,-2,2,2,-2,2,2,2,1,Right,0.7735
9,R_2cotQ6ipN4QDm06,30,j,2,0,681,Lift COVID lockdowns,Detention of migrant children,-1,1,2,8,3,1.2562884451816112,-1,6,3,-1.8990406729489466,-2,-1,1,-3,-2,1,2,-1,1,3,2,1,Right,0.681
9,R_2cotQ6ipN4QDm06,31,j,2,0,2085.399999856949,Abolishing private prisons,Abolishing private prisons,1,-1,2,6,3,1.2562884451816112,2,6,3,1.2562884451816112,2,-2,-4,0,0,4,0,4,-4,0,0,1,Right,2.085399999856949
9,R_2cotQ6ipN4QDm06,32,f,1,1,78.29999995231628,Religious exemptions for discrimination laws,Abortion rights,1,1,1,6,3,0.20451207247142525,3,7,3,2.3080648178917973,1,3,-2,-2,-1,2,1,-2,2,-2,-1,0,Left,0.07829999995231629
9,R_2cotQ6ipN4QDm06,33,f,1,1,1069.5999999046326,Remove Christopher Columbus statues,Stop police brutality,-1,1,-1,1,2,-1.8990406729489466,2,8,4,1.2562884451816112,1,2,-1,-3,-7,1,7,-1,1,-3,-7,0,Left,1.0695999999046326
9,R_2cotQ6ipN4QDm06,34,f,1,1,1192.5999999046326,Remove public Confederate memorials,Abortion rights,1,1,0,8,3,-0.8472643002387606,3,7,3,2.3080648178917973,0,3,-3,-3,1,3,1,-3,3,-3,1,0,Left,1.1925999999046326
9,R_2cotQ6ipN4QDm06,35,j,2,0,887.7999999523163,Mandatory vaccinations,Climate change legislation,-1,-1,3,8,3,2.3080648178917973,0,5,2,-0.8472643002387606,-3,-0,3,-3,-3,3,3,-3,3,3,3,1,Right,0.8877999999523163
9,R_2cotQ6ipN4QDm06,36,j,2,0,1369.5,Allow alt-right speakers on campus,Remove Christopher Columbus statues,1,-1,2,6,3,1.2562884451816112,-1,1,2,-1.8990406729489466,2,1,-1,-3,-5,1,5,1,-1,3,5,1,Right,1.3695
9,R_2cotQ6ipN4QDm06,37,j,2,0,861.0999999046326,Ban on research with animals,Stop police brutality,1,-1,0,3,2,-0.8472643002387606,2,8,4,1.2562884451816112,0,-2,-2,2,5,2,5,2,-2,-2,-5,1,Right,0.8610999999046326
9,R_2cotQ6ipN4QDm06,38,j,2,0,908.8999998569489,Abolishing private prisons,Abortion rights,1,-1,2,6,3,1.2562884451816112,3,7,3,2.3080648178917973,2,-3,-5,1,1,5,1,5,-5,-1,-1,1,Right,0.9088999998569488
9,R_2cotQ6ipN4QDm06,39,j,2,0,739.0999999046326,Remove public Confederate memorials,Lift COVID lockdowns,1,1,0,8,3,-0.8472643002387606,2,8,3,1.2562884451816112,0,2,2,2,0,2,0,-2,2,-2,0,1,Right,0.7390999999046326
9,R_2cotQ6ipN4QDm06,40,j,2,0,805.9000000953674,Remove Christopher Columbus statues,Abortion rights,1,1,-1,1,2,-1.8990406729489466,3,7,3,2.3080648178917973,-1,3,4,4,6,4,6,-4,4,-4,-6,1,Right,0.8059000000953674
9,R_2cotQ6ipN4QDm06,41,j,2,0,1599.4000000953674,Allow alt-right speakers on campus,Remove police from schools,1,-1,2,6,3,1.2562884451816112,1,8,3,0.20451207247142525,2,-1,-3,-1,2,3,2,3,-3,1,-2,1,Right,1.5994000000953674
9,R_2cotQ6ipN4QDm06,42,f,1,1,404.19999980926514,Abortion rights,Abortion rights,-1,1,3,7,3,2.3080648178917973,3,7,3,2.3080648178917973,-3,3,-6,0,0,6,0,-6,6,0,0,0,Left,0.40419999980926513
9,R_2cotQ6ipN4QDm06,43,j,2,0,219.89999985694885,Abolishing private prisons,Lift COVID lockdowns,-1,1,2,6,3,1.2562884451816112,2,8,3,1.2562884451816112,-2,2,4,0,2,4,2,-4,4,0,-2,1,Right,0.21989999985694886
9,R_2cotQ6ipN4QDm06,44,j,2,0,237.79999995231628,Religious exemptions for discrimination laws,Mandatory vaccinations,1,-1,1,6,3,0.20451207247142525,3,8,3,2.3080648178917973,1,-3,-4,2,2,4,2,4,-4,-2,-2,1,Right,0.2377999999523163
9,R_2cotQ6ipN4QDm06,45,f,1,1,28.200000047683716,Lift COVID lockdowns,Stop police brutality,1,-1,2,8,3,1.2562884451816112,2,8,4,1.2562884451816112,2,-2,4,0,0,4,0,4,-4,0,0,0,Left,0.028200000047683717
9,R_2cotQ6ipN4QDm06,46,j,2,0,103.70000004768372,Abortion rights,Mandatory vaccinations,-1,1,3,7,3,2.3080648178917973,3,8,3,2.3080648178917973,-3,3,6,0,1,6,1,-6,6,0,-1,1,Right,0.10370000004768372
9,R_2cotQ6ipN4QDm06,47,j,2,0,194.19999980926514,Lift COVID lockdowns,Raise the minimum wage,-1,-1,2,8,3,1.2562884451816112,0,4,3,-0.8472643002387606,-2,-0,2,-2,-4,2,4,-2,2,2,4,1,Right,0.19419999980926514
9,R_2cotQ6ipN4QDm06,48,f,1,1,24.09999990463257,Mandatory vaccinations,Abortion rights,-1,-1,3,8,3,2.3080648178917973,3,7,3,2.3080648178917973,-3,-3,0,0,1,0,1,0,0,0,1,0,Left,0.024099999904632567
9,R_2cotQ6ipN4QDm06,49,f,1,1,5.900000095367432,Stop police brutality,Detention of migrant children,-1,-1,2,8,4,1.2562884451816112,-1,6,3,-1.8990406729489466,-2,1,-3,3,2,3,2,-3,3,3,2,0,Left,0.005900000095367432
9,R_2cotQ6ipN4QDm06,50,j,2,0,148.59999990463257,Allow alt-right speakers on campus,Mandatory vaccinations,1,-1,2,6,3,1.2562884451816112,3,8,3,2.3080648178917973,2,-3,-5,1,2,5,2,5,-5,-1,-2,1,Right,0.14859999990463257
9,R_2cotQ6ipN4QDm06,51,j,2,0,11287.799999952316,Allow alt-right speakers on campus,Stop police brutality,-1,-1,2,6,3,1.2562884451816112,2,8,4,1.2562884451816112,-2,-2,0,0,2,0,2,0,0,0,-2,1,Right,11.287799999952316
9,R_2cotQ6ipN4QDm06,52,f,1,1,113353.89999985695,Mandatory vaccinations,Raise the minimum wage,-1,1,3,8,3,2.3080648178917973,0,4,3,-0.8472643002387606,-3,0,-3,3,4,3,4,-3,3,3,4,0,Left,113.35389999985695
9,R_2cotQ6ipN4QDm06,53,f,1,1,364.7000000476837,Abortion rights,Mandatory drug tests for welfare recipients,1,-1,3,7,3,2.3080648178917973,1,8,3,0.20451207247142525,3,-1,4,2,-1,4,1,4,-4,2,-1,0,Left,0.3647000000476837
9,R_2cotQ6ipN4QDm06,54,j,2,0,726.0999999046326,University Campus should be a Sanctuary,Mandatory vaccinations,1,-1,1,8,3,0.20451207247142525,3,8,3,2.3080648178917973,1,-3,-4,2,0,4,0,4,-4,-2,0,1,Right,0.7260999999046326
9,R_2cotQ6ipN4QDm06,55,j,2,0,194.10000014305115,Physician-assisted suicide,Mandatory vaccinations,1,1,2,6,3,1.2562884451816112,3,8,3,2.3080648178917973,2,3,1,1,2,1,2,-1,1,-1,-2,1,Right,0.19410000014305115
9,R_2cotQ6ipN4QDm06,56,j,2,0,188.20000004768372,Stop police brutality,Climate change legislation,1,1,2,8,4,1.2562884451816112,0,5,2,-0.8472643002387606,2,0,-2,-2,-3,2,3,2,-2,2,3,1,Right,0.18820000004768372
9,R_2cotQ6ipN4QDm06,57,f,1,1,563.4000000953674,Abortion rights,Lift COVID lockdowns,-1,1,3,7,3,2.3080648178917973,2,8,3,1.2562884451816112,-3,2,-5,1,-1,5,1,-5,5,1,-1,0,Left,0.5634000000953674
9,R_2cotQ6ipN4QDm06,58,j,2,0,226.39999985694885,On campus concealed carry,Stop police brutality,1,1,0,4,3,-0.8472643002387606,2,8,4,1.2562884451816112,0,2,2,2,4,2,4,-2,2,-2,-4,1,Right,0.22639999985694886
9,R_2cotQ6ipN4QDm06,59,j,2,0,570.7000000476837,Abortion rights,Safe injection locations,1,1,3,7,3,2.3080648178917973,1,8,3,0.20451207247142525,3,1,-2,-2,1,2,1,2,-2,2,-1,1,Right,0.5707000000476837
9,R_2cotQ6ipN4QDm06,60,f,1,1,217.09999990463257,Abortion rights,Mandatory vaccinations,1,1,3,7,3,2.3080648178917973,3,8,3,2.3080648178917973,3,3,0,0,-1,0,1,0,0,0,-1,0,Left,0.21709999990463258
9,R_2cotQ6ipN4QDm06,61,f,1,1,61.90000009536743,Remove Christopher Columbus statues,Stop police brutality,-1,-1,-1,1,2,-1.8990406729489466,2,8,4,1.2562884451816112,1,-2,3,-3,-7,3,7,3,-3,-3,-7,0,Left,0.06190000009536743
9,R_2cotQ6ipN4QDm06,62,j,2,0,121.90000009536743,Remove public Confederate memorials,Stop police brutality,-1,-1,0,8,3,-0.8472643002387606,2,8,4,1.2562884451816112,-0,-2,-2,2,0,2,0,2,-2,-2,0,1,Right,0.12190000009536743
9,R_2cotQ6ipN4QDm06,63,f,1,1,8078.900000095367,Mandatory vaccinations,Remove Christopher Columbus statues,-1,-1,3,8,3,2.3080648178917973,-1,1,2,-1.8990406729489466,-3,1,-4,4,7,4,7,-4,4,4,7,0,Left,8.078900000095368
9,R_2cotQ6ipN4QDm06,64,f,1,1,278,Mandatory vaccinations,Climate change legislation,1,1,3,8,3,2.3080648178917973,0,5,2,-0.8472643002387606,3,0,3,3,3,3,3,3,-3,3,3,0,Left,0.278
9,R_2cotQ6ipN4QDm06,65,j,2,0,395.2000000476837,Lift COVID lockdowns,Abolishing private prisons,1,1,2,8,3,1.2562884451816112,2,6,3,1.2562884451816112,2,2,0,0,-2,0,2,0,0,0,2,1,Right,0.39520000004768374
9,R_2cotQ6ipN4QDm06,66,j,2,0,85.09999990463257,Mandatory vaccinations,Remove Christopher Columbus statues,1,-1,3,8,3,2.3080648178917973,-1,1,2,-1.8990406729489466,3,1,-2,-4,-7,2,7,2,-2,4,7,1,Right,0.08509999990463257
9,R_2cotQ6ipN4QDm06,67,j,2,0,205.5,Stop police brutality,Abortion rights,-1,-1,2,8,4,1.2562884451816112,3,7,3,2.3080648178917973,-2,-3,-1,1,-1,1,1,1,-1,-1,1,1,Right,0.2055
9,R_2cotQ6ipN4QDm06,68,j,2,0,4012.4000000953674,War on Drugs,Mandatory vaccinations,-1,1,1,8,4,0.20451207247142525,3,8,3,2.3080648178917973,-1,3,4,2,0,4,0,-4,4,-2,0,1,Right,4.012400000095368
9,R_2cotQ6ipN4QDm06,69,f,1,1,286.5,Mandatory vaccinations,Abolishing private prisons,-1,-1,3,8,3,2.3080648178917973,2,6,3,1.2562884451816112,-3,-2,-1,1,2,1,2,-1,1,1,2,0,Left,0.2865
9,R_2cotQ6ipN4QDm06,70,j,2,0,128.59999990463257,Defund the police,Abortion rights,-1,1,1,6,3,0.20451207247142525,3,7,3,2.3080648178917973,-1,3,4,2,1,4,1,-4,4,-2,-1,1,Right,0.12859999990463256
9,R_2cotQ6ipN4QDm06,71,f,1,1,53.09999990463257,Stop police brutality,Climate change legislation,-1,1,2,8,4,1.2562884451816112,0,5,2,-0.8472643002387606,-2,0,-2,2,3,2,3,-2,2,2,3,0,Left,0.053099999904632565
9,R_2cotQ6ipN4QDm06,72,f,1,1,2996.7999999523163,Remove Christopher Columbus statues,Abolishing private prisons,1,1,-1,1,2,-1.8990406729489466,2,6,3,1.2562884451816112,-1,2,-3,-3,-5,3,5,-3,3,-3,-5,0,Left,2.9967999999523163
9,R_2cotQ6ipN4QDm06,73,j,2,0,225.5,Mandatory vaccinations,Mandatory vaccinations,-1,1,3,8,3,2.3080648178917973,3,8,3,2.3080648178917973,-3,3,6,0,0,6,0,-6,6,0,0,1,Right,0.2255
9,R_2cotQ6ipN4QDm06,74,j,2,0,106.79999995231628,Abortion rights,Allow alt-right speakers on campus,1,1,3,7,3,2.3080648178917973,2,6,3,1.2562884451816112,3,2,-1,-1,-1,1,1,1,-1,1,1,1,Right,0.10679999995231629
9,R_2cotQ6ipN4QDm06,75,j,2,0,118.70000004768372,Student worker unionization,Mandatory vaccinations,-1,1,0,6,3,-0.8472643002387606,3,8,3,2.3080648178917973,-0,3,3,3,2,3,2,-3,3,-3,-2,1,Right,0.11870000004768372
9,R_2cotQ6ipN4QDm06,76,f,1,1,54.299999952316284,Stop police brutality,Mandatory vaccinations,-1,1,2,8,4,1.2562884451816112,3,8,3,2.3080648178917973,-2,3,-5,-1,0,5,0,-5,5,-1,0,0,Left,0.05429999995231628
9,R_2cotQ6ipN4QDm06,77,f,1,1,223.90000009536743,Detention of migrant children,Mandatory vaccinations,-1,1,-1,6,3,-1.8990406729489466,3,8,3,2.3080648178917973,1,3,-2,-4,-2,2,2,-2,2,-4,-2,0,Left,0.22390000009536742
9,R_2cotQ6ipN4QDm06,78,j,2,0,124.5,Remove Christopher Columbus statues,Lift COVID lockdowns,1,1,-1,1,2,-1.8990406729489466,2,8,3,1.2562884451816112,-1,2,3,3,7,3,7,-3,3,-3,-7,1,Right,0.1245
9,R_2cotQ6ipN4QDm06,79,f,1,1,51,Stop police brutality,Remove police from schools,1,-1,2,8,4,1.2562884451816112,1,8,3,0.20451207247142525,2,-1,3,1,0,3,0,3,-3,1,0,0,Left,0.051
9,R_2cotQ6ipN4QDm06,80,j,2,0,76.09999990463257,Stop police brutality,Legalization of marijuana,1,1,2,8,4,1.2562884451816112,1,6,2,0.20451207247142525,2,1,-1,-1,-2,1,2,1,-1,1,2,1,Right,0.07609999990463256
9,R_2cotQ6ipN4QDm06,81,f,1,1,87.70000004768372,Build southern border wall,Abortion rights,-1,1,0,6,3,-0.8472643002387606,3,7,3,2.3080648178917973,-0,3,-3,-3,-1,3,1,-3,3,-3,-1,0,Left,0.08770000004768372
9,R_2cotQ6ipN4QDm06,82,j,2,0,268,Abortion rights,Lift COVID lockdowns,1,1,3,7,3,2.3080648178917973,2,8,3,1.2562884451816112,3,2,-1,-1,1,1,1,1,-1,1,-1,1,Right,0.268
9,R_2cotQ6ipN4QDm06,83,f,1,1,4077,Abortion rights,Remove police from schools,-1,1,3,7,3,2.3080648178917973,1,8,3,0.20451207247142525,-3,1,-4,2,-1,4,1,-4,4,2,-1,0,Left,4.077
9,R_2cotQ6ipN4QDm06,84,j,2,0,11.699999809265137,Allow alt-right speakers on campus,Defund the police,1,1,2,6,3,1.2562884451816112,1,6,3,0.20451207247142525,2,1,-1,-1,0,1,0,1,-1,1,0,1,Right,0.011699999809265137
9,R_2cotQ6ipN4QDm06,85,f,1,1,39.89999985694885,Remove public Confederate memorials,Mandatory vaccinations,-1,-1,0,8,3,-0.8472643002387606,3,8,3,2.3080648178917973,-0,-3,3,-3,0,3,0,3,-3,-3,0,0,Left,0.03989999985694885
9,R_2cotQ6ipN4QDm06,86,f,1,1,163.5,Gun-free campus police,Stop police brutality,1,-1,1,8,3,0.20451207247142525,2,8,4,1.2562884451816112,1,-2,3,-1,0,3,0,3,-3,-1,0,0,Left,0.1635
9,R_2cotQ6ipN4QDm06,87,j,2,0,525,Abortion rights,Remove Christopher Columbus statues,-1,1,3,7,3,2.3080648178917973,-1,1,2,-1.8990406729489466,-3,-1,2,-4,-6,2,6,-2,2,4,6,1,Right,0.525
9,R_2cotQ6ipN4QDm06,88,f,1,1,51.799999952316284,On campus concealed carry,Mandatory vaccinations,-1,1,0,4,3,-0.8472643002387606,3,8,3,2.3080648178917973,-0,3,-3,-3,-4,3,4,-3,3,-3,-4,0,Left,0.05179999995231628
9,R_2cotQ6ipN4QDm06,89,f,1,1,153.79999995231628,Remove Christopher Columbus statues,Mandatory vaccinations,1,-1,-1,1,2,-1.8990406729489466,3,8,3,2.3080648178917973,-1,-3,2,-4,-7,2,7,2,-2,-4,-7,0,Left,0.15379999995231627
9,R_2cotQ6ipN4QDm06,90,j,2,0,109.29999995231628,Mandatory vaccinations,Lift COVID lockdowns,-1,1,3,8,3,2.3080648178917973,2,8,3,1.2562884451816112,-3,2,5,-1,0,5,0,-5,5,1,0,1,Right,0.10929999995231629
9,R_2cotQ6ipN4QDm06,91,f,1,1,133.20000004768372,On campus concealed carry,Abortion rights,-1,1,0,4,3,-0.8472643002387606,3,7,3,2.3080648178917973,-0,3,-3,-3,-3,3,3,-3,3,-3,-3,0,Left,0.1332000000476837
9,R_2cotQ6ipN4QDm06,92,f,1,1,2169.5,Abortion rights,Defund the police,-1,1,3,7,3,2.3080648178917973,1,6,3,0.20451207247142525,-3,1,-4,2,1,4,1,-4,4,2,1,0,Left,2.1695
9,R_2cotQ6ipN4QDm06,93,j,2,0,121.19999980926514,Mandatory vaccinations,Lift COVID lockdowns,-1,-1,3,8,3,2.3080648178917973,2,8,3,1.2562884451816112,-3,-2,1,-1,0,1,0,-1,1,1,0,1,Right,0.12119999980926513
9,R_2cotQ6ipN4QDm06,94,j,2,0,265,Increased Gun regulations,Stop police brutality,1,1,1,8,3,0.20451207247142525,2,8,4,1.2562884451816112,1,2,1,1,0,1,0,-1,1,-1,0,1,Right,0.265
9,R_2cotQ6ipN4QDm06,95,f,1,1,146,Mandatory vaccinations,Mandatory training on sexual consent,-1,-1,3,8,3,2.3080648178917973,0,6,3,-0.8472643002387606,-3,-0,-3,3,2,3,2,-3,3,3,2,0,Left,0.146
9,R_2cotQ6ipN4QDm06,96,f,1,1,218.09999990463257,Physician-assisted suicide,Abortion rights,-1,-1,2,6,3,1.2562884451816112,3,7,3,2.3080648178917973,-2,-3,1,-1,-1,1,1,1,-1,-1,-1,0,Left,0.21809999990463258
9,R_2cotQ6ipN4QDm06,97,j,2,0,72.90000009536743,Abortion rights,Remove Christopher Columbus statues,1,-1,3,7,3,2.3080648178917973,-1,1,2,-1.8990406729489466,3,1,-2,-4,-6,2,6,2,-2,4,6,1,Right,0.07290000009536743
9,R_2cotQ6ipN4QDm06,98,f,1,1,67.79999995231628,Abortion rights,Defund Planned Parenthood,-1,-1,3,7,3,2.3080648178917973,1,6,3,0.20451207247142525,-3,-1,-2,2,1,2,1,-2,2,2,1,0,Left,0.06779999995231628
9,R_2cotQ6ipN4QDm06,99,j,2,0,162.70000004768372,Mandatory vaccinations,Abortion rights,-1,1,3,8,3,2.3080648178917973,3,7,3,2.3080648178917973,-3,3,6,0,-1,6,1,-6,6,0,1,1,Right,0.16270000004768373
9,R_2cotQ6ipN4QDm06,100,j,2,0,73.40000009536743,Stop police brutality,Allow alt-right speakers on campus,-1,1,2,8,4,1.2562884451816112,2,6,3,1.2562884451816112,-2,2,4,0,-2,4,2,-4,4,0,2,1,Right,0.07340000009536743
13,R_2WA637w6MXKEAnb,1,j,2,0,7130.099999904633,Abolishing fraternities,Mandatory vaccinations,-1,1,2,6,4,-5.833333333333334,3,8,4,0.16666666666666607,-2,3,5,1,2,5,2,-5,5,-1,-2,1,Right,7.130099999904632
13,R_2WA637w6MXKEAnb,2,f,1,1,17982,Stop police brutality,Legalization of marijuana,-1,-1,3,8,4,0.16666666666666607,3,7,3,0.16666666666666607,-3,-3,0,0,1,0,1,0,0,0,1,0,Left,17.982
13,R_2WA637w6MXKEAnb,3,f,1,1,4178.400000095367,Increased Gun regulations,Abolishing fraternities,-1,-1,3,8,4,0.16666666666666607,2,6,4,-5.833333333333334,-3,-2,-1,1,2,1,2,-1,1,1,2,0,Left,4.178400000095367
13,R_2WA637w6MXKEAnb,4,f,1,1,12015.800000190735,Allow alt-right speakers on campus,Abolishing fraternities,1,-1,3,8,4,0.16666666666666607,2,6,4,-5.833333333333334,3,-2,5,1,2,5,2,5,-5,1,2,0,Left,12.015800000190735
13,R_2WA637w6MXKEAnb,5,f,1,1,9785.699999809265,Safe injection locations,Abolishing fraternities,-1,-1,3,7,4,0.16666666666666607,2,6,4,-5.833333333333334,-3,-2,-1,1,1,1,1,-1,1,1,1,0,Left,9.785699999809266
13,R_2WA637w6MXKEAnb,6,f,1,1,6137.299999713898,Abolishing fraternities,Increased Gun regulations,1,1,2,6,4,-5.833333333333334,3,8,4,0.16666666666666607,2,3,-1,-1,-2,1,2,-1,1,-1,-2,0,Left,6.137299999713898
13,R_2WA637w6MXKEAnb,7,f,1,1,3498.699999809265,Abolishing fraternities,On campus concealed carry,1,1,2,6,4,-5.833333333333334,3,8,4,0.16666666666666607,2,3,-1,-1,-2,1,2,-1,1,-1,-2,0,Left,3.498699999809265
13,R_2WA637w6MXKEAnb,8,f,1,1,4312.200000286102,Safe injection locations,Abolishing fraternities,1,-1,3,7,4,0.16666666666666607,2,6,4,-5.833333333333334,3,-2,5,1,1,5,1,5,-5,1,1,0,Left,4.3122000002861025
13,R_2WA637w6MXKEAnb,9,j,2,0,2309.4000000953674,Detention of migrant children,Student worker unionization,-1,1,3,8,4,0.16666666666666607,3,8,4,0.16666666666666607,-3,3,6,0,0,6,0,-6,6,0,0,1,Right,2.3094000000953674
13,R_2WA637w6MXKEAnb,10,f,1,1,9819.199999809265,Safe injection locations,Abolishing fraternities,-1,1,3,7,4,0.16666666666666607,2,6,4,-5.833333333333334,-3,2,-5,1,1,5,1,-5,5,1,1,0,Left,9.819199999809266
13,R_2WA637w6MXKEAnb,11,j,2,0,4349.5,Abolishing fraternities,Abolishing fraternities,-1,1,2,6,4,-5.833333333333334,2,6,4,-5.833333333333334,-2,2,4,0,0,4,0,-4,4,0,0,1,Right,4.3495
13,R_2WA637w6MXKEAnb,12,f,1,1,6318.400000095367,Abolishing fraternities,U.S. drone strikes in Afghanistan,-1,-1,2,6,4,-5.833333333333334,3,8,4,0.16666666666666607,-2,-3,1,-1,-2,1,2,1,-1,-1,-2,0,Left,6.318400000095368
13,R_2WA637w6MXKEAnb,13,j,2,0,1950.5999999046326,Safe injection locations,Ban on research with animals,-1,-1,3,7,4,0.16666666666666607,3,8,4,0.16666666666666607,-3,-3,0,0,1,0,1,0,0,0,-1,1,Right,1.9505999999046326
13,R_2WA637w6MXKEAnb,14,f,1,1,3994.699999809265,Defund Planned Parenthood,Legalization of marijuana,-1,-1,3,8,4,0.16666666666666607,3,7,3,0.16666666666666607,-3,-3,0,0,1,0,1,0,0,0,1,0,Left,3.994699999809265
13,R_2WA637w6MXKEAnb,15,f,1,1,8221.099999904633,Abolishing fraternities,Recognize Jerusalem as capital of Israel,1,-1,2,6,4,-5.833333333333334,3,7,3,0.16666666666666607,2,-3,5,-1,-1,5,1,5,-5,-1,-1,0,Left,8.221099999904633
13,R_2WA637w6MXKEAnb,16,j,2,0,3380.4000000953674,Legalization of marijuana,Recognize Jerusalem as capital of Israel,-1,1,3,7,3,0.16666666666666607,3,7,3,0.16666666666666607,-3,3,6,0,0,6,0,-6,6,0,0,1,Right,3.3804000000953676
13,R_2WA637w6MXKEAnb,17,f,1,1,2353.800000190735,U.S. drone strikes in Afghanistan,Remove Christopher Columbus statues,1,-1,3,8,4,0.16666666666666607,3,8,4,0.16666666666666607,3,-3,6,0,0,6,0,6,-6,0,0,0,Left,2.3538000001907347
13,R_2WA637w6MXKEAnb,18,f,1,1,5013.700000286102,Mandatory training on sexual consent,Mandatory drug tests for welfare recipients,1,1,3,8,4,0.16666666666666607,3,7,4,0.16666666666666607,3,3,0,0,1,0,1,0,0,0,1,0,Left,5.013700000286102
13,R_2WA637w6MXKEAnb,19,f,1,1,1987.3999996185303,Tuition increases,Safe injection locations,1,1,3,8,4,0.16666666666666607,3,7,4,0.16666666666666607,3,3,0,0,1,0,1,0,0,0,1,0,Left,1.9873999996185303
13,R_2WA637w6MXKEAnb,20,j,2,0,786.1999998092651,Abolishing fraternities,Remove police from schools,1,1,2,6,4,-5.833333333333334,3,8,4,0.16666666666666607,2,3,1,1,2,1,2,-1,1,-1,-2,1,Right,0.7861999998092651
13,R_2WA637w6MXKEAnb,21,j,2,0,2429.4000000953674,Safe injection locations,Abolishing fraternities,1,1,3,7,4,0.16666666666666607,2,6,4,-5.833333333333334,3,2,-1,-1,-1,1,1,1,-1,1,1,1,Right,2.4294000000953675
13,R_2WA637w6MXKEAnb,22,j,2,0,8805,Dorms determined by gender identity,Safe injection locations,-1,-1,3,8,4,0.16666666666666607,3,7,4,0.16666666666666607,-3,-3,0,0,-1,0,1,0,0,0,1,1,Right,8.805
13,R_2WA637w6MXKEAnb,23,j,2,0,5069.400000095367,Abolishing fraternities,Mandatory drug tests for welfare recipients,1,-1,2,6,4,-5.833333333333334,3,7,4,0.16666666666666607,2,-3,-5,1,1,5,1,5,-5,-1,-1,1,Right,5.069400000095367
13,R_2WA637w6MXKEAnb,24,f,1,1,4699.400000095367,Abolishing fraternities,Dorms determined by gender identity,-1,-1,2,6,4,-5.833333333333334,3,8,4,0.16666666666666607,-2,-3,1,-1,-2,1,2,1,-1,-1,-2,0,Left,4.699400000095367
13,R_2WA637w6MXKEAnb,25,f,1,1,2840.2000002861023,Religious exemptions for discrimination laws,Abolishing fraternities,-1,1,3,8,4,0.16666666666666607,2,6,4,-5.833333333333334,-3,2,-5,1,2,5,2,-5,5,1,2,0,Left,2.840200000286102
13,R_2WA637w6MXKEAnb,26,j,2,0,3954,Lift COVID lockdowns,Recognize Jerusalem as capital of Israel,-1,1,3,8,4,0.16666666666666607,3,7,3,0.16666666666666607,-3,3,6,0,-1,6,1,-6,6,0,1,1,Right,3.954
13,R_2WA637w6MXKEAnb,27,f,1,1,3481.5999999046326,Mandatory trigger warnings,Hardening schools/Arming teachers,-1,1,3,8,4,0.16666666666666607,3,8,4,0.16666666666666607,-3,3,-6,0,0,6,0,-6,6,0,0,0,Left,3.4815999999046325
13,R_2WA637w6MXKEAnb,28,f,1,1,1395.1000003814697,Legalization of marijuana,Stop police brutality,-1,1,3,7,3,0.16666666666666607,3,8,4,0.16666666666666607,-3,3,-6,0,-1,6,1,-6,6,0,-1,0,Left,1.3951000003814698
13,R_2WA637w6MXKEAnb,29,j,2,0,1471.6999998092651,Abolishing fraternities,Legalization of marijuana,1,1,2,6,4,-5.833333333333334,3,7,3,0.16666666666666607,2,3,1,1,1,1,1,-1,1,-1,-1,1,Right,1.4716999998092652
13,R_2WA637w6MXKEAnb,30,f,1,1,374.2000002861023,Safe injection locations,Legalization of marijuana,1,-1,3,7,4,0.16666666666666607,3,7,3,0.16666666666666607,3,-3,6,0,0,6,0,6,-6,0,0,0,Left,0.3742000002861023
13,R_2WA637w6MXKEAnb,31,j,2,0,2325.800000190735,Legalization of marijuana,Lift COVID lockdowns,1,-1,3,7,3,0.16666666666666607,3,8,4,0.16666666666666607,3,-3,-6,0,1,6,1,6,-6,0,-1,1,Right,2.325800000190735
13,R_2WA637w6MXKEAnb,32,f,1,1,1080.5999999046326,Cuts to National Parks budget,Abolishing fraternities,-1,-1,3,8,4,0.16666666666666607,2,6,4,-5.833333333333334,-3,-2,-1,1,2,1,2,-1,1,1,2,0,Left,1.0805999999046325
13,R_2WA637w6MXKEAnb,33,f,1,1,137.19999980926514,Abolishing fraternities,Abolishing fraternities,-1,1,2,6,4,-5.833333333333334,2,6,4,-5.833333333333334,-2,2,-4,0,0,4,0,-4,4,0,0,0,Left,0.13719999980926514
13,R_2WA637w6MXKEAnb,34,f,1,1,2534.300000190735,Abolishing fraternities,Bathrooms restricted based on biological sex,-1,-1,2,6,4,-5.833333333333334,3,8,4,0.16666666666666607,-2,-3,1,-1,-2,1,2,1,-1,-1,-2,0,Left,2.534300000190735
13,R_2WA637w6MXKEAnb,35,f,1,1,3547.5,Mandatory drug tests for welfare recipients,Remove public Confederate memorials,-1,-1,3,7,4,0.16666666666666607,3,8,4,0.16666666666666607,-3,-3,0,0,-1,0,1,0,0,0,-1,0,Left,3.5475
13,R_2WA637w6MXKEAnb,36,j,2,0,2130.199999809265,Legalization of marijuana,Recognize Jerusalem as capital of Israel,-1,1,3,7,3,0.16666666666666607,3,7,3,0.16666666666666607,-3,3,6,0,0,6,0,-6,6,0,0,1,Right,2.1301999998092653
13,R_2WA637w6MXKEAnb,37,j,2,0,4538.5,Build southern border wall,Abolishing fraternities,-1,1,3,8,4,0.16666666666666607,2,6,4,-5.833333333333334,-3,2,5,-1,-2,5,2,-5,5,1,2,1,Right,4.5385
13,R_2WA637w6MXKEAnb,38,f,1,1,3292.300000190735,Abolishing fraternities,Recognize Jerusalem as capital of Israel,1,-1,2,6,4,-5.833333333333334,3,7,3,0.16666666666666607,2,-3,5,-1,-1,5,1,5,-5,-1,-1,0,Left,3.292300000190735
13,R_2WA637w6MXKEAnb,39,f,1,1,1069.5,Mandatory drug tests for welfare recipients,Hardening schools/Arming teachers,-1,1,3,7,4,0.16666666666666607,3,8,4,0.16666666666666607,-3,3,-6,0,-1,6,1,-6,6,0,-1,0,Left,1.0695
13,R_2WA637w6MXKEAnb,40,f,1,1,5467.700000286102,Raise the minimum wage,Abolishing fraternities,1,1,3,8,4,0.16666666666666607,2,6,4,-5.833333333333334,3,2,1,1,2,1,2,1,-1,1,2,0,Left,5.4677000002861025
13,R_2WA637w6MXKEAnb,41,f,1,1,2094.5999999046326,Legalization of marijuana,Abolishing fraternities,1,-1,3,7,3,0.16666666666666607,2,6,4,-5.833333333333334,3,-2,5,1,1,5,1,5,-5,1,1,0,Left,2.0945999999046325
13,R_2WA637w6MXKEAnb,42,j,2,0,3026.6000003814697,Abolishing fraternities,Legalization of marijuana,-1,1,2,6,4,-5.833333333333334,3,7,3,0.16666666666666607,-2,3,5,1,1,5,1,-5,5,-1,-1,1,Right,3.0266000003814697
13,R_2WA637w6MXKEAnb,43,f,1,1,1862.0999999046326,Mandatory drug tests for welfare recipients,Black Lives Matter,1,1,3,7,4,0.16666666666666607,3,8,4,0.16666666666666607,3,3,0,0,-1,0,1,0,0,0,-1,0,Left,1.8620999999046326
13,R_2WA637w6MXKEAnb,44,j,2,0,3871.199999809265,Religious exemptions for discrimination laws,Legalization of marijuana,-1,-1,3,8,4,0.16666666666666607,3,7,3,0.16666666666666607,-3,-3,0,0,-1,0,1,0,0,0,1,1,Right,3.871199999809265
13,R_2WA637w6MXKEAnb,45,j,2,0,3304.7000002861023,Mandatory drug tests for welfare recipients,Abolishing fraternities,1,1,3,7,4,0.16666666666666607,2,6,4,-5.833333333333334,3,2,-1,-1,-1,1,1,1,-1,1,1,1,Right,3.3047000002861022
13,R_2WA637w6MXKEAnb,46,f,1,1,339.19999980926514,University Campus should be a Sanctuary,"Boycott, Divest, and Sanction Israel",1,-1,3,8,4,0.16666666666666607,3,8,4,0.16666666666666607,3,-3,6,0,0,6,0,6,-6,0,0,0,Left,0.33919999980926513
13,R_2WA637w6MXKEAnb,47,j,2,0,1474.2000002861023,Affirmative action,Abolishing fraternities,1,1,3,8,4,0.16666666666666607,2,6,4,-5.833333333333334,3,2,-1,-1,-2,1,2,1,-1,1,2,1,Right,1.4742000002861022
13,R_2WA637w6MXKEAnb,48,f,1,1,7683.299999713898,"Boycott, Divest, and Sanction Israel",Legalization of marijuana,1,-1,3,8,4,0.16666666666666607,3,7,3,0.16666666666666607,3,-3,6,0,1,6,1,6,-6,0,1,0,Left,7.683299999713897
13,R_2WA637w6MXKEAnb,49,f,1,1,1429.4000000953674,Allow alt-right speakers on campus,Abolishing fraternities,1,-1,3,8,4,0.16666666666666607,2,6,4,-5.833333333333334,3,-2,5,1,2,5,2,5,-5,1,2,0,Left,1.4294000000953675
13,R_2WA637w6MXKEAnb,50,j,2,0,802.3000001907349,Safe injection locations,Abolishing fraternities,-1,-1,3,7,4,0.16666666666666607,2,6,4,-5.833333333333334,-3,-2,1,-1,-1,1,1,-1,1,1,1,1,Right,0.8023000001907349
13,R_2WA637w6MXKEAnb,51,j,2,0,2359.0999999046326,Safe injection locations,Abolishing fraternities,1,1,3,7,4,0.16666666666666607,2,6,4,-5.833333333333334,3,2,-1,-1,-1,1,1,1,-1,1,1,1,Right,2.3590999999046325
13,R_2WA637w6MXKEAnb,52,f,1,1,98.69999980926514,Recognize Jerusalem as capital of Israel,Safe injection locations,-1,1,3,7,3,0.16666666666666607,3,7,4,0.16666666666666607,-3,3,-6,0,0,6,0,-6,6,0,0,0,Left,0.09869999980926514
13,R_2WA637w6MXKEAnb,53,f,1,1,544.4000000953674,Abolishing fraternities,Lift COVID lockdowns,1,-1,2,6,4,-5.833333333333334,3,8,4,0.16666666666666607,2,-3,5,-1,-2,5,2,5,-5,-1,-2,0,Left,0.5444000000953675
13,R_2WA637w6MXKEAnb,54,j,2,0,1452.3000001907349,Legalization of marijuana,Dorms determined by gender identity,-1,1,3,7,3,0.16666666666666607,3,8,4,0.16666666666666607,-3,3,6,0,1,6,1,-6,6,0,-1,1,Right,1.452300000190735
13,R_2WA637w6MXKEAnb,55,f,1,1,74,Legalization of marijuana,Abolishing fraternities,1,-1,3,7,3,0.16666666666666607,2,6,4,-5.833333333333334,3,-2,5,1,1,5,1,5,-5,1,1,0,Left,0.074
13,R_2WA637w6MXKEAnb,56,j,2,0,2009.0999999046326,Abolishing fraternities,Abolishing fraternities,-1,1,2,6,4,-5.833333333333334,2,6,4,-5.833333333333334,-2,2,4,0,0,4,0,-4,4,0,0,1,Right,2.0090999999046324
13,R_2WA637w6MXKEAnb,57,f,1,1,2007,Defund Planned Parenthood,Safe injection locations,1,1,3,8,4,0.16666666666666607,3,7,4,0.16666666666666607,3,3,0,0,1,0,1,0,0,0,1,0,Left,2.007
13,R_2WA637w6MXKEAnb,58,j,2,0,2360.9000000953674,Abolishing fraternities,Gun-free campus police,1,-1,2,6,4,-5.833333333333334,3,8,4,0.16666666666666607,2,-3,-5,1,2,5,2,5,-5,-1,-2,1,Right,2.3609000000953673
13,R_2WA637w6MXKEAnb,59,f,1,1,3393,Abolishing fraternities,Ban on ethnic Halloween costumes,-1,1,2,6,4,-5.833333333333334,3,8,4,0.16666666666666607,-2,3,-5,-1,-2,5,2,-5,5,-1,-2,0,Left,3.393
13,R_2WA637w6MXKEAnb,60,j,2,0,1774.5999999046326,Recognize Jerusalem as capital of Israel,Abolishing fraternities,1,1,3,7,3,0.16666666666666607,2,6,4,-5.833333333333334,3,2,-1,-1,-1,1,1,1,-1,1,1,1,Right,1.7745999999046325
13,R_2WA637w6MXKEAnb,61,f,1,1,1614.5,Abolishing fraternities,Build southern border wall,1,-1,2,6,4,-5.833333333333334,3,8,4,0.16666666666666607,2,-3,5,-1,-2,5,2,5,-5,-1,-2,0,Left,1.6145
13,R_2WA637w6MXKEAnb,62,j,2,0,2002.3000001907349,Abolishing fraternities,University Campus should be a Sanctuary,1,1,2,6,4,-5.833333333333334,3,8,4,0.16666666666666607,2,3,1,1,2,1,2,-1,1,-1,-2,1,Right,2.002300000190735
13,R_2WA637w6MXKEAnb,63,f,1,1,2312.9000000953674,Climate change legislation,"Boycott, Divest, and Sanction Israel",1,-1,3,8,4,0.16666666666666607,3,8,4,0.16666666666666607,3,-3,6,0,0,6,0,6,-6,0,0,0,Left,2.3129000000953672
13,R_2WA637w6MXKEAnb,64,f,1,1,3876.5,Abolishing fraternities,Mandatory drug tests for welfare recipients,-1,1,2,6,4,-5.833333333333334,3,7,4,0.16666666666666607,-2,3,-5,-1,-1,5,1,-5,5,-1,-1,0,Left,3.8765
13,R_2WA637w6MXKEAnb,65,f,1,1,2507.3999996185303,Safe injection locations,University Campus should be a Sanctuary,1,-1,3,7,4,0.16666666666666607,3,8,4,0.16666666666666607,3,-3,6,0,-1,6,1,6,-6,0,-1,0,Left,2.50739999961853
13,R_2WA637w6MXKEAnb,66,j,2,0,946.3000001907349,Legalization of marijuana,Mandatory drug tests for welfare recipients,1,-1,3,7,3,0.16666666666666607,3,7,4,0.16666666666666607,3,-3,-6,0,0,6,0,6,-6,0,0,1,Right,0.9463000001907349
13,R_2WA637w6MXKEAnb,67,j,2,0,2301.300000190735,Abolishing fraternities,On campus concealed carry,-1,1,2,6,4,-5.833333333333334,3,8,4,0.16666666666666607,-2,3,5,1,2,5,2,-5,5,-1,-2,1,Right,2.301300000190735
13,R_2WA637w6MXKEAnb,68,f,1,1,2335.699999809265,Bathrooms restricted based on biological sex,Legalization of marijuana,-1,1,3,8,4,0.16666666666666607,3,7,3,0.16666666666666607,-3,3,-6,0,1,6,1,-6,6,0,1,0,Left,2.335699999809265
13,R_2WA637w6MXKEAnb,69,j,2,0,219,Abolishing fraternities,Increased Gun regulations,1,-1,2,6,4,-5.833333333333334,3,8,4,0.16666666666666607,2,-3,-5,1,2,5,2,5,-5,-1,-2,1,Right,0.219
13,R_2WA637w6MXKEAnb,70,j,2,0,1090.3000001907349,Abolishing fraternities,Bathrooms restricted based on biological sex,-1,-1,2,6,4,-5.833333333333334,3,8,4,0.16666666666666607,-2,-3,-1,1,2,1,2,1,-1,-1,-2,1,Right,1.0903000001907348
13,R_2WA637w6MXKEAnb,71,f,1,1,857.7000002861023,Religious exemptions for discrimination laws,Legalization of marijuana,1,1,3,8,4,0.16666666666666607,3,7,3,0.16666666666666607,3,3,0,0,1,0,1,0,0,0,1,0,Left,0.8577000002861023
13,R_2WA637w6MXKEAnb,72,j,2,0,906.6999998092651,Cuts to National Parks budget,Allow alt-right speakers on campus,1,-1,3,8,4,0.16666666666666607,3,8,4,0.16666666666666607,3,-3,-6,0,0,6,0,6,-6,0,0,1,Right,0.9066999998092652
13,R_2WA637w6MXKEAnb,73,j,2,0,1938.4000000953674,Abolishing fraternities,Abolishing fraternities,-1,1,2,6,4,-5.833333333333334,2,6,4,-5.833333333333334,-2,2,4,0,0,4,0,-4,4,0,0,1,Right,1.9384000000953674
13,R_2WA637w6MXKEAnb,74,f,1,1,1038.5,Abolishing fraternities,Mandatory trigger warnings,-1,1,2,6,4,-5.833333333333334,3,8,4,0.16666666666666607,-2,3,-5,-1,-2,5,2,-5,5,-1,-2,0,Left,1.0385
13,R_2WA637w6MXKEAnb,75,j,2,0,511.7000002861023,Abolishing fraternities,Build southern border wall,1,-1,2,6,4,-5.833333333333334,3,8,4,0.16666666666666607,2,-3,-5,1,2,5,2,5,-5,-1,-2,1,Right,0.5117000002861023
13,R_2WA637w6MXKEAnb,76,f,1,1,6.5,Safe injection locations,Abolishing fraternities,1,-1,3,7,4,0.16666666666666607,2,6,4,-5.833333333333334,3,-2,5,1,1,5,1,5,-5,1,1,0,Left,0.0065
13,R_2WA637w6MXKEAnb,77,j,2,0,560,Recognize Jerusalem as capital of Israel,Climate change legislation,1,1,3,7,3,0.16666666666666607,3,8,4,0.16666666666666607,3,3,0,0,1,0,1,0,0,0,-1,1,Right,0.56
13,R_2WA637w6MXKEAnb,78,f,1,1,2590.800000190735,Stop police brutality,Safe injection locations,-1,1,3,8,4,0.16666666666666607,3,7,4,0.16666666666666607,-3,3,-6,0,1,6,1,-6,6,0,1,0,Left,2.5908000001907348
13,R_2WA637w6MXKEAnb,79,j,2,0,1933.9000000953674,Raise the minimum wage,Religious exemptions for discrimination laws,1,-1,3,8,4,0.16666666666666607,3,8,4,0.16666666666666607,3,-3,-6,0,0,6,0,6,-6,0,0,1,Right,1.9339000000953674
13,R_2WA637w6MXKEAnb,80,f,1,1,2075.800000190735,Abolishing fraternities,Abolishing fraternities,1,-1,2,6,4,-5.833333333333334,2,6,4,-5.833333333333334,2,-2,4,0,0,4,0,4,-4,0,0,0,Left,2.075800000190735
13,R_2WA637w6MXKEAnb,81,j,2,0,260,Recognize Jerusalem as capital of Israel,Abolishing fraternities,-1,1,3,7,3,0.16666666666666607,2,6,4,-5.833333333333334,-3,2,5,-1,-1,5,1,-5,5,1,1,1,Right,0.26
13,R_2WA637w6MXKEAnb,82,j,2,0,355.30000019073486,Recognize Jerusalem as capital of Israel,Abolishing fraternities,1,1,3,7,3,0.16666666666666607,2,6,4,-5.833333333333334,3,2,-1,-1,-1,1,1,1,-1,1,1,1,Right,0.3553000001907349
13,R_2WA637w6MXKEAnb,83,f,1,1,167.40000009536743,Recognize Jerusalem as capital of Israel,Abolishing fraternities,-1,1,3,7,3,0.16666666666666607,2,6,4,-5.833333333333334,-3,2,-5,1,1,5,1,-5,5,1,1,0,Left,0.16740000009536743
13,R_2WA637w6MXKEAnb,84,j,2,0,3175,Legalization of marijuana,Detention of migrant children,1,-1,3,7,3,0.16666666666666607,3,8,4,0.16666666666666607,3,-3,-6,0,1,6,1,6,-6,0,-1,1,Right,3.175
13,R_2WA637w6MXKEAnb,85,f,1,1,1210.4000000953674,Legalization of marijuana,Legalization of marijuana,-1,1,3,7,3,0.16666666666666607,3,7,3,0.16666666666666607,-3,3,-6,0,0,6,0,-6,6,0,0,0,Left,1.2104000000953674
13,R_2WA637w6MXKEAnb,86,f,1,1,2079,Safe injection locations,Legalization of marijuana,1,-1,3,7,4,0.16666666666666607,3,7,3,0.16666666666666607,3,-3,6,0,0,6,0,6,-6,0,0,0,Left,2.079
13,R_2WA637w6MXKEAnb,87,j,2,0,1283.2999997138977,Lift COVID lockdowns,Abolishing fraternities,-1,-1,3,8,4,0.16666666666666607,2,6,4,-5.833333333333334,-3,-2,1,-1,-2,1,2,-1,1,1,2,1,Right,1.2832999997138976
13,R_2WA637w6MXKEAnb,88,f,1,1,1542.9000000953674,U.S. drone strikes in Afghanistan,Mandatory drug tests for welfare recipients,1,-1,3,8,4,0.16666666666666607,3,7,4,0.16666666666666607,3,-3,6,0,1,6,1,6,-6,0,1,0,Left,1.5429000000953674
13,R_2WA637w6MXKEAnb,89,j,2,0,1916.7999997138977,Abolishing fraternities,Recognize Jerusalem as capital of Israel,-1,-1,2,6,4,-5.833333333333334,3,7,3,0.16666666666666607,-2,-3,-1,1,1,1,1,1,-1,-1,-1,1,Right,1.9167999997138978
13,R_2WA637w6MXKEAnb,90,f,1,1,1212.5,Mandatory drug tests for welfare recipients,Ban on ethnic Halloween costumes,1,1,3,7,4,0.16666666666666607,3,8,4,0.16666666666666607,3,3,0,0,-1,0,1,0,0,0,-1,0,Left,1.2125
13,R_2WA637w6MXKEAnb,91,f,1,1,3592.1000003814697,Abolishing fraternities,Defund Planned Parenthood,1,1,2,6,4,-5.833333333333334,3,8,4,0.16666666666666607,2,3,-1,-1,-2,1,2,-1,1,-1,-2,0,Left,3.59210000038147
13,R_2WA637w6MXKEAnb,92,f,1,1,2477.2000002861023,Legalization of marijuana,Abolishing fraternities,-1,-1,3,7,3,0.16666666666666607,2,6,4,-5.833333333333334,-3,-2,-1,1,1,1,1,-1,1,1,1,0,Left,2.477200000286102
13,R_2WA637w6MXKEAnb,93,f,1,1,2325.1000003814697,Abolishing fraternities,Abolishing fraternities,-1,1,2,6,4,-5.833333333333334,2,6,4,-5.833333333333334,-2,2,-4,0,0,4,0,-4,4,0,0,0,Left,2.32510000038147
13,R_2WA637w6MXKEAnb,94,f,1,1,1874.4000000953674,Affirmative action,Recognize Jerusalem as capital of Israel,-1,1,3,8,4,0.16666666666666607,3,7,3,0.16666666666666607,-3,3,-6,0,1,6,1,-6,6,0,1,0,Left,1.8744000000953673
13,R_2WA637w6MXKEAnb,95,f,1,1,2650.9000000953674,Safe injection locations,U.S. drone strikes in Afghanistan,-1,-1,3,7,4,0.16666666666666607,3,8,4,0.16666666666666607,-3,-3,0,0,-1,0,1,0,0,0,-1,0,Left,2.6509000000953673
13,R_2WA637w6MXKEAnb,96,f,1,1,1964.0999999046326,Tuition increases,Mandatory drug tests for welfare recipients,1,-1,3,8,4,0.16666666666666607,3,7,4,0.16666666666666607,3,-3,6,0,1,6,1,6,-6,0,1,0,Left,1.9640999999046325
13,R_2WA637w6MXKEAnb,97,f,1,1,8248.5,Legalization of marijuana,Abolishing fraternities,-1,-1,3,7,3,0.16666666666666607,2,6,4,-5.833333333333334,-3,-2,-1,1,1,1,1,-1,1,1,1,0,Left,8.2485
13,R_2WA637w6MXKEAnb,98,j,2,0,537,Recognize Jerusalem as capital of Israel,Abolishing fraternities,-1,-1,3,7,3,0.16666666666666607,2,6,4,-5.833333333333334,-3,-2,1,-1,-1,1,1,-1,1,1,1,1,Right,0.537
13,R_2WA637w6MXKEAnb,99,j,2,0,989.5,Remove Christopher Columbus statues,Abolishing fraternities,1,-1,3,8,4,0.16666666666666607,2,6,4,-5.833333333333334,3,-2,-5,-1,-2,5,2,5,-5,1,2,1,Right,0.9895
13,R_2WA637w6MXKEAnb,100,f,1,1,1678.6999998092651,Legalization of marijuana,Mandatory vaccinations,-1,1,3,7,3,0.16666666666666607,3,8,4,0.16666666666666607,-3,3,-6,0,-1,6,1,-6,6,0,-1,0,Left,1.678699999809265
5,R_1P75DrfH7Lu9345,1,j,2,0,8138.199999988079,Remove Christopher Columbus statues,Physician-assisted suicide,-1,1,-2,4,2,-1.1004676343431457,-3,8,3,-1.7096550747831014,2,-3,-5,-1,4,5,4,5,-5,1,-4,1,Right,8.138199999988078
5,R_1P75DrfH7Lu9345,2,f,1,1,2890.100000023842,Abortion rights,Abortion rights,-1,1,-3,8,4,-1.7096550747831014,-3,8,4,-1.7096550747831014,3,-3,6,0,0,6,0,6,-6,0,0,0,Left,2.8901000000238417
5,R_1P75DrfH7Lu9345,3,f,1,1,8727.699999988079,Affirmative action,Defund Planned Parenthood,-1,-1,-1,5,4,-0.4912801939031901,3,8,4,1.9454695678566323,1,-3,4,-4,-3,4,3,4,-4,-4,-3,0,Left,8.72769999998808
5,R_1P75DrfH7Lu9345,4,f,1,1,9348.299999952316,Mandatory trigger warnings,Affirmative action,1,-1,-2,3,1,-1.1004676343431457,-1,5,4,-0.4912801939031901,-2,1,-3,-1,-2,3,2,-3,3,-1,-2,0,Left,9.348299999952316
5,R_1P75DrfH7Lu9345,5,j,2,0,8619.5,Lift COVID lockdowns,Mandatory trigger warnings,-1,-1,0,5,4,0.1179072465367655,-2,3,1,-1.1004676343431457,-0,2,2,-2,-2,2,2,-2,2,2,2,1,Right,8.6195
5,R_1P75DrfH7Lu9345,6,f,1,1,4032.5,Affirmative action,Defund Planned Parenthood,1,-1,-1,5,4,-0.4912801939031901,3,8,4,1.9454695678566323,-1,-3,2,-4,-3,2,3,2,-2,-4,-3,0,Left,4.0325
5,R_1P75DrfH7Lu9345,7,f,1,1,3765.599999964237,Safe injection locations,Mandatory trigger warnings,1,1,0,3,1,0.1179072465367655,-2,3,1,-1.1004676343431457,0,-2,2,2,0,2,0,2,-2,2,0,0,Left,3.765599999964237
5,R_1P75DrfH7Lu9345,8,j,2,0,2250.699999988079,Physician-assisted suicide,Increased Gun regulations,1,1,-3,8,3,-1.7096550747831014,1,4,4,0.7270946869767211,-3,1,4,4,-4,4,4,-4,4,-4,4,1,Right,2.250699999988079
5,R_1P75DrfH7Lu9345,9,f,1,1,3608.699999988079,Remove police from schools,Defund the police,1,1,0,0,1,0.1179072465367655,-2,3,4,-1.1004676343431457,0,-2,2,2,-3,2,3,2,-2,2,-3,0,Left,3.608699999988079
5,R_1P75DrfH7Lu9345,10,j,2,0,2652.5,Detention of migrant children,Defund Planned Parenthood,-1,1,-2,8,3,-1.1004676343431457,3,8,4,1.9454695678566323,2,3,1,5,0,1,0,-1,1,-5,0,1,Right,2.6525
5,R_1P75DrfH7Lu9345,11,j,2,0,2588.100000023842,Defund the police,Recognize Jerusalem as capital of Israel,1,1,-2,3,4,-1.1004676343431457,-2,2,1,-1.1004676343431457,-2,-2,0,0,-1,0,1,0,0,0,1,1,Right,2.5881000000238417
5,R_1P75DrfH7Lu9345,12,j,2,0,2245.699999988079,Detention of migrant children,Stop police brutality,-1,1,-2,8,3,-1.1004676343431457,2,6,3,1.3362821274166767,2,2,0,4,-2,0,2,0,0,-4,2,1,Right,2.245699999988079
5,R_1P75DrfH7Lu9345,13,j,2,0,2907.5,Defund Planned Parenthood,Legalization of marijuana,-1,-1,3,8,4,1.9454695678566323,1,3,3,0.7270946869767211,-3,-1,2,-2,-5,2,5,-2,2,2,5,1,Right,2.9075
5,R_1P75DrfH7Lu9345,14,f,1,1,3171.100000023842,Physician-assisted suicide,Stop police brutality,-1,1,-3,8,3,-1.7096550747831014,2,6,3,1.3362821274166767,3,2,1,-5,2,1,2,1,-1,-5,2,0,Left,3.171100000023842
5,R_1P75DrfH7Lu9345,15,j,2,0,4824.100000023842,Remove Christopher Columbus statues,Physician-assisted suicide,-1,-1,-2,4,2,-1.1004676343431457,-3,8,3,-1.7096550747831014,2,3,1,-1,4,1,4,-1,1,1,-4,1,Right,4.824100000023842
5,R_1P75DrfH7Lu9345,16,f,1,1,4235.399999976158,Mandatory training on sexual consent,Defund the police,1,1,1,3,1,0.7270946869767211,-2,3,4,-1.1004676343431457,1,-2,3,3,0,3,0,3,-3,3,0,0,Left,4.235399999976158
5,R_1P75DrfH7Lu9345,17,j,2,0,1570,Abortion rights,Dorms determined by gender identity,1,1,-3,8,4,-1.7096550747831014,0,6,1,0.1179072465367655,-3,0,3,3,-2,3,2,-3,3,-3,2,1,Right,1.57
5,R_1P75DrfH7Lu9345,18,f,1,1,1751.800000011921,Physician-assisted suicide,Detention of migrant children,-1,1,-3,8,3,-1.7096550747831014,-2,8,3,-1.1004676343431457,3,-2,5,-1,0,5,0,5,-5,-1,0,0,Left,1.751800000011921
5,R_1P75DrfH7Lu9345,19,f,1,1,2488.599999964237,Climate change legislation,Increased Gun regulations,1,-1,2,3,3,1.3362821274166767,1,4,4,0.7270946869767211,2,-1,3,1,-1,3,1,3,-3,1,-1,0,Left,2.4885999999642374
5,R_1P75DrfH7Lu9345,20,j,2,0,2197.699999988079,Recognize Jerusalem as capital of Israel,Physician-assisted suicide,-1,-1,-2,2,1,-1.1004676343431457,-3,8,3,-1.7096550747831014,2,3,1,-1,6,1,6,-1,1,1,-6,1,Right,2.197699999988079
5,R_1P75DrfH7Lu9345,21,j,2,0,2179,Defund Planned Parenthood,Tuition increases,-1,1,3,8,4,1.9454695678566323,-2,3,1,-1.1004676343431457,-3,-2,1,-5,-5,1,5,-1,1,5,5,1,Right,2.179
5,R_1P75DrfH7Lu9345,22,j,2,0,2010.2999999523163,Physician-assisted suicide,Cuts to National Parks budget,1,1,-3,8,3,-1.7096550747831014,-2,2,1,-1.1004676343431457,-3,-2,1,1,-6,1,6,-1,1,-1,6,1,Right,2.0102999999523163
5,R_1P75DrfH7Lu9345,23,f,1,1,2643.7000000476837,Remove Christopher Columbus statues,Tuition increases,-1,1,-2,4,2,-1.1004676343431457,-2,3,1,-1.1004676343431457,2,-2,4,0,1,4,1,4,-4,0,1,0,Left,2.6437000000476836
5,R_1P75DrfH7Lu9345,24,j,2,0,3634.900000035763,Climate change legislation,Lift COVID lockdowns,-1,1,2,3,3,1.3362821274166767,0,5,4,0.1179072465367655,-2,0,2,-2,2,2,2,-2,2,2,-2,1,Right,3.634900000035763
5,R_1P75DrfH7Lu9345,25,j,2,0,2214.2999999523163,Tuition increases,Physician-assisted suicide,-1,-1,-2,3,1,-1.1004676343431457,-3,8,3,-1.7096550747831014,2,3,1,-1,5,1,5,-1,1,1,-5,1,Right,2.214299999952316
5,R_1P75DrfH7Lu9345,26,j,2,0,2353.400000035763,Mandatory vaccinations,Abortion rights,1,-1,0,6,4,0.1179072465367655,-3,8,4,-1.7096550747831014,0,3,3,-3,2,3,2,-3,3,3,-2,1,Right,2.3534000000357627
5,R_1P75DrfH7Lu9345,27,j,2,0,4275.599999964237,Detention of migrant children,Remove Christopher Columbus statues,-1,1,-2,8,3,-1.1004676343431457,-2,4,2,-1.1004676343431457,2,-2,-4,0,-4,4,4,4,-4,0,4,1,Right,4.275599999964237
5,R_1P75DrfH7Lu9345,28,f,1,1,4709.800000011921,Defund the police,Detention of migrant children,-1,1,-2,3,4,-1.1004676343431457,-2,8,3,-1.1004676343431457,2,-2,4,0,-5,4,5,4,-4,0,-5,0,Left,4.709800000011921
5,R_1P75DrfH7Lu9345,29,f,1,1,5246.800000011921,Ban on research with animals,Defund Planned Parenthood,1,-1,-1,6,2,-0.4912801939031901,3,8,4,1.9454695678566323,-1,-3,2,-4,-2,2,2,2,-2,-4,-2,0,Left,5.246800000011921
5,R_1P75DrfH7Lu9345,30,f,1,1,2635.900000035763,Abortion rights,Ban on research with animals,-1,1,-3,8,4,-1.7096550747831014,-1,6,2,-0.4912801939031901,3,-1,4,-2,2,4,2,4,-4,-2,2,0,Left,2.635900000035763
5,R_1P75DrfH7Lu9345,31,f,1,1,2372.199999988079,Defund the police,Remove police from schools,-1,1,-2,3,4,-1.1004676343431457,0,0,1,0.1179072465367655,2,0,2,-2,3,2,3,2,-2,-2,3,0,Left,2.372199999988079
5,R_1P75DrfH7Lu9345,32,f,1,1,2681.099999964237,Mandatory training on sexual consent,Abortion rights,1,1,1,3,1,0.7270946869767211,-3,8,4,-1.7096550747831014,1,-3,4,4,-5,4,5,4,-4,4,-5,0,Left,2.6810999999642373
5,R_1P75DrfH7Lu9345,33,j,2,0,3819.2999999523163,Defund Planned Parenthood,Increased Gun regulations,-1,-1,3,8,4,1.9454695678566323,1,4,4,0.7270946869767211,-3,-1,2,-2,-4,2,4,-2,2,2,4,1,Right,3.8192999999523165
5,R_1P75DrfH7Lu9345,34,j,2,0,4180.300000011921,Tuition increases,Mandatory vaccinations,-1,1,-2,3,1,-1.1004676343431457,0,6,4,0.1179072465367655,2,0,-2,2,3,2,3,2,-2,-2,-3,1,Right,4.180300000011921
5,R_1P75DrfH7Lu9345,35,j,2,0,3936.400000035763,U.S. drone strikes in Afghanistan,Defund Planned Parenthood,-1,1,0,5,2,0.1179072465367655,3,8,4,1.9454695678566323,-0,3,3,3,3,3,3,-3,3,-3,-3,1,Right,3.936400000035763
5,R_1P75DrfH7Lu9345,36,j,2,0,3502.399999976158,Detention of migrant children,Increased Gun regulations,-1,1,-2,8,3,-1.1004676343431457,1,4,4,0.7270946869767211,2,1,-1,3,-4,1,4,1,-1,-3,4,1,Right,3.5023999999761584
5,R_1P75DrfH7Lu9345,37,f,1,1,2745.599999964237,Remove Christopher Columbus statues,Abortion rights,1,1,-2,4,2,-1.1004676343431457,-3,8,4,-1.7096550747831014,-2,-3,1,1,-4,1,4,1,-1,1,-4,0,Left,2.745599999964237
5,R_1P75DrfH7Lu9345,38,j,2,0,4242.399999976158,Safe injection locations,Defund Planned Parenthood,1,1,0,3,1,0.1179072465367655,3,8,4,1.9454695678566323,0,3,3,3,5,3,5,-3,3,-3,-5,1,Right,4.242399999976159
5,R_1P75DrfH7Lu9345,39,f,1,1,3634.900000035763,Detention of migrant children,Stop police brutality,-1,-1,-2,8,3,-1.1004676343431457,2,6,3,1.3362821274166767,2,-2,4,-4,2,4,2,4,-4,-4,2,0,Left,3.634900000035763
5,R_1P75DrfH7Lu9345,40,f,1,1,6408.800000011921,Ban on research with animals,Tuition increases,-1,1,-1,6,2,-0.4912801939031901,-2,3,1,-1.1004676343431457,1,-2,3,1,3,3,3,3,-3,1,3,0,Left,6.4088000000119205
5,R_1P75DrfH7Lu9345,41,f,1,1,2620.099999964237,Mandatory trigger warnings,Defund Planned Parenthood,-1,-1,-2,3,1,-1.1004676343431457,3,8,4,1.9454695678566323,2,-3,5,-5,-5,5,5,5,-5,-5,-5,0,Left,2.6200999999642374
5,R_1P75DrfH7Lu9345,42,f,1,1,2505.699999988079,Tuition increases,Detention of migrant children,1,1,-2,3,1,-1.1004676343431457,-2,8,3,-1.1004676343431457,-2,-2,0,0,-5,0,5,0,0,0,-5,0,Left,2.505699999988079
5,R_1P75DrfH7Lu9345,43,f,1,1,2880.100000023842,Mandatory trigger warnings,Allow alt-right speakers on campus,-1,-1,-2,3,1,-1.1004676343431457,2,6,3,1.3362821274166767,2,-2,4,-4,-3,4,3,4,-4,-4,-3,0,Left,2.880100000023842
5,R_1P75DrfH7Lu9345,44,f,1,1,2104.599999964237,Mandatory trigger warnings,Safe injection locations,-1,-1,-2,3,1,-1.1004676343431457,0,3,1,0.1179072465367655,2,-0,2,-2,0,2,0,2,-2,-2,0,0,Left,2.104599999964237
5,R_1P75DrfH7Lu9345,45,f,1,1,1554.5999999642372,Recognize Jerusalem as capital of Israel,Tuition increases,-1,1,-2,2,1,-1.1004676343431457,-2,3,1,-1.1004676343431457,2,-2,4,0,-1,4,1,4,-4,0,-1,0,Left,1.5545999999642373
5,R_1P75DrfH7Lu9345,46,f,1,1,1092.699999988079,Abortion rights,Remove Christopher Columbus statues,-1,1,-3,8,4,-1.7096550747831014,-2,4,2,-1.1004676343431457,3,-2,5,-1,4,5,4,5,-5,-1,4,0,Left,1.092699999988079
5,R_1P75DrfH7Lu9345,47,f,1,1,1152.8999999761581,Physician-assisted suicide,Remove police from schools,-1,1,-3,8,3,-1.7096550747831014,0,0,1,0.1179072465367655,3,0,3,-3,8,3,8,3,-3,-3,8,0,Left,1.1528999999761582
5,R_1P75DrfH7Lu9345,48,j,2,0,1630.199999988079,Defund Planned Parenthood,Remove public Confederate memorials,-1,-1,3,8,4,1.9454695678566323,0,2,3,0.1179072465367655,-3,-0,3,-3,-6,3,6,-3,3,3,6,1,Right,1.630199999988079
5,R_1P75DrfH7Lu9345,49,j,2,0,2012.4000000357628,Mandatory training on sexual consent,Climate change legislation,1,1,1,3,1,0.7270946869767211,2,3,3,1.3362821274166767,1,2,1,1,0,1,0,-1,1,-1,0,1,Right,2.012400000035763
5,R_1P75DrfH7Lu9345,50,f,1,1,2442.5,Tuition increases,Remove Christopher Columbus statues,-1,-1,-2,3,1,-1.1004676343431457,-2,4,2,-1.1004676343431457,2,2,0,0,-1,0,1,0,0,0,-1,0,Left,2.4425
5,R_1P75DrfH7Lu9345,51,f,1,1,2261.699999988079,Mandatory trigger warnings,Remove Christopher Columbus statues,-1,1,-2,3,1,-1.1004676343431457,-2,4,2,-1.1004676343431457,2,-2,4,0,-1,4,1,4,-4,0,-1,0,Left,2.261699999988079
5,R_1P75DrfH7Lu9345,52,j,2,0,4572,Bathrooms restricted based on biological sex,Detention of migrant children,-1,-1,2,8,3,1.3362821274166767,-2,8,3,-1.1004676343431457,-2,2,4,-4,0,4,0,-4,4,4,0,1,Right,4.572
5,R_1P75DrfH7Lu9345,53,f,1,1,2076.699999988079,Climate change legislation,Increased Gun regulations,1,1,2,3,3,1.3362821274166767,1,4,4,0.7270946869767211,2,1,1,1,-1,1,1,1,-1,1,-1,0,Left,2.076699999988079
5,R_1P75DrfH7Lu9345,54,f,1,1,2259.699999988079,Safe injection locations,Physician-assisted suicide,-1,1,0,3,1,0.1179072465367655,-3,8,3,-1.7096550747831014,-0,-3,3,3,-5,3,5,3,-3,3,-5,0,Left,2.259699999988079
5,R_1P75DrfH7Lu9345,55,f,1,1,2487.099999964237,Hardening schools/Arming teachers,Defund Planned Parenthood,-1,-1,-1,6,1,-0.4912801939031901,3,8,4,1.9454695678566323,1,-3,4,-4,-2,4,2,4,-4,-4,-2,0,Left,2.4870999999642374
5,R_1P75DrfH7Lu9345,56,j,2,0,1267,Abortion rights,Stop police brutality,1,-1,-3,8,4,-1.7096550747831014,2,6,3,1.3362821274166767,-3,-2,1,5,-2,1,2,-1,1,-5,2,1,Right,1.267
5,R_1P75DrfH7Lu9345,57,f,1,1,1038,Abortion rights,Stop police brutality,-1,-1,-3,8,4,-1.7096550747831014,2,6,3,1.3362821274166767,3,-2,5,-5,2,5,2,5,-5,-5,2,0,Left,1.038
5,R_1P75DrfH7Lu9345,58,j,2,0,3568.599999964237,Ban on research with animals,Mandatory trigger warnings,1,-1,-1,6,2,-0.4912801939031901,-2,3,1,-1.1004676343431457,-1,2,3,-1,-3,3,3,-3,3,1,3,1,Right,3.568599999964237
5,R_1P75DrfH7Lu9345,59,f,1,1,5131.400000035763,Recognize Jerusalem as capital of Israel,Detention of migrant children,-1,-1,-2,2,1,-1.1004676343431457,-2,8,3,-1.1004676343431457,2,2,0,0,-6,0,6,0,0,0,-6,0,Left,5.131400000035763
5,R_1P75DrfH7Lu9345,60,f,1,1,2742.699999988079,Mask mandates,Bathrooms restricted based on biological sex,1,1,1,3,4,0.7270946869767211,2,8,3,1.3362821274166767,1,2,-1,-1,-5,1,5,-1,1,-1,-5,0,Left,2.742699999988079
5,R_1P75DrfH7Lu9345,61,j,2,0,1919.7000000476837,Increased Gun regulations,Abortion rights,1,-1,1,4,4,0.7270946869767211,-3,8,4,-1.7096550747831014,1,3,2,-4,4,2,4,-2,2,4,-4,1,Right,1.9197000000476838
5,R_1P75DrfH7Lu9345,62,j,2,0,1805.300000011921,Mandatory training on sexual consent,Abortion rights,1,-1,1,3,1,0.7270946869767211,-3,8,4,-1.7096550747831014,1,3,2,-4,5,2,5,-2,2,4,-5,1,Right,1.805300000011921
5,R_1P75DrfH7Lu9345,63,f,1,1,3145.600000023842,Defund the police,Allow alt-right speakers on campus,-1,1,-2,3,4,-1.1004676343431457,2,6,3,1.3362821274166767,2,2,0,-4,-3,0,3,0,0,-4,-3,0,Left,3.1456000000238418
5,R_1P75DrfH7Lu9345,64,j,2,0,2957.399999976158,Affirmative action,Physician-assisted suicide,-1,-1,-1,5,4,-0.4912801939031901,-3,8,3,-1.7096550747831014,1,3,2,-2,3,2,3,-2,2,2,-3,1,Right,2.957399999976158
5,R_1P75DrfH7Lu9345,65,f,1,1,4549.300000011921,Climate change legislation,Recognize Jerusalem as capital of Israel,1,-1,2,3,3,1.3362821274166767,-2,2,1,-1.1004676343431457,2,2,0,4,1,0,1,0,0,4,1,0,Left,4.549300000011921
5,R_1P75DrfH7Lu9345,66,j,2,0,1533.5999999642372,Defund the police,Stop police brutality,1,1,-2,3,4,-1.1004676343431457,2,6,3,1.3362821274166767,-2,2,4,4,3,4,3,-4,4,-4,-3,1,Right,1.5335999999642371
5,R_1P75DrfH7Lu9345,67,j,2,0,3132.199999988079,Ban on research with animals,Defund Planned Parenthood,-1,1,-1,6,2,-0.4912801939031901,3,8,4,1.9454695678566323,1,3,2,4,2,2,2,-2,2,-4,-2,1,Right,3.132199999988079
5,R_1P75DrfH7Lu9345,68,j,2,0,6011.5,Stop police brutality,Mandatory trigger warnings,-1,1,2,6,3,1.3362821274166767,-2,3,1,-1.1004676343431457,-2,-2,0,-4,-3,0,3,0,0,4,3,1,Right,6.0115
5,R_1P75DrfH7Lu9345,69,f,1,1,1955.699999988079,Increased Gun regulations,Climate change legislation,1,-1,1,4,4,0.7270946869767211,2,3,3,1.3362821274166767,1,-2,3,-1,1,3,1,3,-3,-1,1,0,Left,1.955699999988079
5,R_1P75DrfH7Lu9345,70,j,2,0,1926.1000000238419,Defund Planned Parenthood,Remove police from schools,-1,1,3,8,4,1.9454695678566323,0,0,1,0.1179072465367655,-3,0,3,-3,-8,3,8,-3,3,3,8,1,Right,1.926100000023842
5,R_1P75DrfH7Lu9345,71,j,2,0,3281.300000011921,Recognize Jerusalem as capital of Israel,Bathrooms restricted based on biological sex,1,1,-2,2,1,-1.1004676343431457,2,8,3,1.3362821274166767,-2,2,4,4,6,4,6,-4,4,-4,-6,1,Right,3.281300000011921
5,R_1P75DrfH7Lu9345,72,j,2,0,2001.3999999761581,Affirmative action,Defund the police,1,-1,-1,5,4,-0.4912801939031901,-2,3,4,-1.1004676343431457,-1,2,3,-1,-2,3,2,-3,3,1,2,1,Right,2.001399999976158
5,R_1P75DrfH7Lu9345,73,j,2,0,2008.6000000238419,Defund the police,Hardening schools/Arming teachers,1,1,-2,3,4,-1.1004676343431457,-1,6,1,-0.4912801939031901,-2,-1,1,1,3,1,3,-1,1,-1,-3,1,Right,2.0086000000238418
5,R_1P75DrfH7Lu9345,74,j,2,0,1471.9000000357628,Mandatory trigger warnings,Bathrooms restricted based on biological sex,-1,1,-2,3,1,-1.1004676343431457,2,8,3,1.3362821274166767,2,2,0,4,5,0,5,0,0,-4,-5,1,Right,1.4719000000357627
5,R_1P75DrfH7Lu9345,75,f,1,1,3098.199999988079,Dorms determined by gender identity,Climate change legislation,-1,-1,0,6,1,0.1179072465367655,2,3,3,1.3362821274166767,-0,-2,2,-2,3,2,3,2,-2,-2,3,0,Left,3.098199999988079
5,R_1P75DrfH7Lu9345,76,j,2,0,2104.5,Increased Gun regulations,Physician-assisted suicide,-1,-1,1,4,4,0.7270946869767211,-3,8,3,-1.7096550747831014,-1,3,4,-4,4,4,4,-4,4,4,-4,1,Right,2.1045
5,R_1P75DrfH7Lu9345,77,f,1,1,1681.8999999761581,Detention of migrant children,Physician-assisted suicide,1,1,-2,8,3,-1.1004676343431457,-3,8,3,-1.7096550747831014,-2,-3,1,1,0,1,0,1,-1,1,0,0,Left,1.6818999999761581
5,R_1P75DrfH7Lu9345,78,j,2,0,1780.7999999523163,Tuition increases,Mandatory trigger warnings,1,-1,-2,3,1,-1.1004676343431457,-2,3,1,-1.1004676343431457,-2,2,4,0,0,4,0,-4,4,0,0,1,Right,1.7807999999523163
5,R_1P75DrfH7Lu9345,79,f,1,1,2597.300000011921,Mandatory trigger warnings,Mandatory training on sexual consent,-1,-1,-2,3,1,-1.1004676343431457,1,3,1,0.7270946869767211,2,-1,3,-3,0,3,0,3,-3,-3,0,0,Left,2.597300000011921
5,R_1P75DrfH7Lu9345,80,j,2,0,1854.0999999642372,Defund Planned Parenthood,Detention of migrant children,-1,-1,3,8,4,1.9454695678566323,-2,8,3,-1.1004676343431457,-3,2,5,-5,0,5,0,-5,5,5,0,1,Right,1.8540999999642371
5,R_1P75DrfH7Lu9345,81,j,2,0,1944.1000000238419,Mask mandates,Detention of migrant children,-1,-1,1,3,4,0.7270946869767211,-2,8,3,-1.1004676343431457,-1,2,3,-3,5,3,5,-3,3,3,-5,1,Right,1.9441000000238418
5,R_1P75DrfH7Lu9345,82,j,2,0,2626.100000023842,Legalization of marijuana,Defund Planned Parenthood,-1,1,1,3,3,0.7270946869767211,3,8,4,1.9454695678566323,-1,3,4,2,5,4,5,-4,4,-2,-5,1,Right,2.626100000023842
5,R_1P75DrfH7Lu9345,83,j,2,0,2536.800000011921,War on Drugs,Defund the police,1,-1,0,2,4,0.1179072465367655,-2,3,4,-1.1004676343431457,0,2,2,-2,1,2,1,-2,2,2,-1,1,Right,2.536800000011921
5,R_1P75DrfH7Lu9345,84,f,1,1,1777.1000000238419,Physician-assisted suicide,Recognize Jerusalem as capital of Israel,-1,1,-3,8,3,-1.7096550747831014,-2,2,1,-1.1004676343431457,3,-2,5,-1,6,5,6,5,-5,-1,6,0,Left,1.777100000023842
5,R_1P75DrfH7Lu9345,85,j,2,0,2501.899999976158,Remove public Confederate memorials,Defund Planned Parenthood,-1,1,0,2,3,0.1179072465367655,3,8,4,1.9454695678566323,-0,3,3,3,6,3,6,-3,3,-3,-6,1,Right,2.501899999976158
5,R_1P75DrfH7Lu9345,86,f,1,1,1790.4000000357628,Detention of migrant children,Remove Christopher Columbus statues,-1,-1,-2,8,3,-1.1004676343431457,-2,4,2,-1.1004676343431457,2,2,0,0,4,0,4,0,0,0,4,0,Left,1.7904000000357627
5,R_1P75DrfH7Lu9345,87,f,1,1,1969.1000000238419,Mandatory trigger warnings,Hardening schools/Arming teachers,-1,-1,-2,3,1,-1.1004676343431457,-1,6,1,-0.4912801939031901,2,1,1,-1,-3,1,3,1,-1,-1,-3,0,Left,1.969100000023842
5,R_1P75DrfH7Lu9345,88,f,1,1,2984.800000011921,Affirmative action,Defund the police,1,1,-1,5,4,-0.4912801939031901,-2,3,4,-1.1004676343431457,-1,-2,1,1,2,1,2,1,-1,1,2,0,Left,2.984800000011921
5,R_1P75DrfH7Lu9345,89,j,2,0,1372.800000011921,Defund the police,Remove Christopher Columbus statues,1,1,-2,3,4,-1.1004676343431457,-2,4,2,-1.1004676343431457,-2,-2,0,0,1,0,1,0,0,0,-1,1,Right,1.372800000011921
5,R_1P75DrfH7Lu9345,90,j,2,0,2933.100000023842,Tuition increases,Increased Gun regulations,1,-1,-2,3,1,-1.1004676343431457,1,4,4,0.7270946869767211,-2,-1,1,3,1,1,1,-1,1,-3,-1,1,Right,2.933100000023842
5,R_1P75DrfH7Lu9345,91,j,2,0,1687.699999988079,Affirmative action,Physician-assisted suicide,1,-1,-1,5,4,-0.4912801939031901,-3,8,3,-1.7096550747831014,-1,3,4,-2,3,4,3,-4,4,2,-3,1,Right,1.687699999988079
5,R_1P75DrfH7Lu9345,92,j,2,0,2339,War on Drugs,Climate change legislation,1,-1,0,2,4,0.1179072465367655,2,3,3,1.3362821274166767,0,-2,-2,2,1,2,1,2,-2,-2,-1,1,Right,2.339
5,R_1P75DrfH7Lu9345,93,j,2,0,1569.699999988079,Affirmative action,Climate change legislation,-1,1,-1,5,4,-0.4912801939031901,2,3,3,1.3362821274166767,1,2,1,3,-2,1,2,-1,1,-3,2,1,Right,1.569699999988079
5,R_1P75DrfH7Lu9345,94,j,2,0,2656.399999976158,Physician-assisted suicide,Recognize Jerusalem as capital of Israel,1,-1,-3,8,3,-1.7096550747831014,-2,2,1,-1.1004676343431457,-3,2,5,1,-6,5,6,-5,5,-1,6,1,Right,2.6563999999761583
5,R_1P75DrfH7Lu9345,95,j,2,0,1679,Tuition increases,Bathrooms restricted based on biological sex,1,1,-2,3,1,-1.1004676343431457,2,8,3,1.3362821274166767,-2,2,4,4,5,4,5,-4,4,-4,-5,1,Right,1.679
5,R_1P75DrfH7Lu9345,96,j,2,0,2140.800000011921,Physician-assisted suicide,U.S. drone strikes in Afghanistan,1,-1,-3,8,3,-1.7096550747831014,0,5,2,0.1179072465367655,-3,-0,3,3,-3,3,3,-3,3,-3,3,1,Right,2.1408000000119207
5,R_1P75DrfH7Lu9345,97,j,2,0,999.6999999880791,Tuition increases,Mandatory training on sexual consent,1,-1,-2,3,1,-1.1004676343431457,1,3,1,0.7270946869767211,-2,-1,1,3,0,1,0,-1,1,-3,0,1,Right,0.9996999999880791
5,R_1P75DrfH7Lu9345,98,f,1,1,1238.199999988079,Defund Planned Parenthood,Stop police brutality,-1,1,3,8,4,1.9454695678566323,2,6,3,1.3362821274166767,-3,2,-5,1,2,5,2,-5,5,1,2,0,Left,1.238199999988079
5,R_1P75DrfH7Lu9345,99,j,2,0,1322.8999999761581,Tuition increases,Abortion rights,1,-1,-2,3,1,-1.1004676343431457,-3,8,4,-1.7096550747831014,-2,3,5,-1,5,5,5,-5,5,1,-5,1,Right,1.3228999999761581
5,R_1P75DrfH7Lu9345,100,j,2,0,2716.600000023842,Cuts to National Parks budget,Tuition increases,1,-1,-2,2,1,-1.1004676343431457,-2,3,1,-1.1004676343431457,-2,2,4,0,1,4,1,-4,4,0,-1,1,Right,2.716600000023842
19,R_3ptiaopYcROUr6M,1,j,2,0,23048.099999904633,Detention of migrant children,University Campus should be a Sanctuary,1,-1,3,8,4,0.8134892168199607,3,5,4,0.8134892168199607,3,-3,-6,0,-3,6,3,6,-6,0,3,1,Right,23.048099999904633
19,R_3ptiaopYcROUr6M,2,f,1,1,160.39999997615814,Abortion rights,Student worker unionization,1,1,3,8,4,0.8134892168199607,2,6,3,0.2711630722733202,3,2,1,1,2,1,2,1,-1,1,2,0,Left,0.16039999997615814
19,R_3ptiaopYcROUr6M,3,j,2,0,38.09999990463257,Cuts to National Parks budget,Black Lives Matter,1,-1,2,7,2,0.2711630722733202,3,8,4,0.8134892168199607,2,-3,-5,1,1,5,1,5,-5,-1,-1,1,Right,0.038099999904632566
19,R_3ptiaopYcROUr6M,4,j,2,0,175.79999995231628,Lift COVID lockdowns,Religious exemptions for discrimination laws,1,1,3,2,2,0.8134892168199607,3,7,3,0.8134892168199607,3,3,0,0,5,0,5,0,0,0,-5,1,Right,0.1757999999523163
19,R_3ptiaopYcROUr6M,5,f,1,1,420.2000000476837,Defund the police,Hardening schools/Arming teachers,1,1,-1,5,3,-1.355815361366601,3,8,4,0.8134892168199607,-1,3,-4,-4,-3,4,3,-4,4,-4,-3,0,Left,0.4202000000476837
19,R_3ptiaopYcROUr6M,6,f,1,1,1219.4000000953674,Defund the police,University Campus should be a Sanctuary,1,-1,-1,5,3,-1.355815361366601,3,5,4,0.8134892168199607,-1,-3,2,-4,0,2,0,2,-2,-4,0,0,Left,1.2194000000953675
19,R_3ptiaopYcROUr6M,7,j,2,0,25.200000047683716,Mandatory drug tests for welfare recipients,Hardening schools/Arming teachers,1,1,-2,2,1,-1.8981415059132414,3,8,4,0.8134892168199607,-2,3,5,5,6,5,6,-5,5,-5,-6,1,Right,0.025200000047683715
19,R_3ptiaopYcROUr6M,8,f,1,1,413.89999997615814,Mandatory drug tests for welfare recipients,University Campus should be a Sanctuary,-1,-1,-2,2,1,-1.8981415059132414,3,5,4,0.8134892168199607,2,-3,5,-5,-3,5,3,5,-5,-5,-3,0,Left,0.4138999999761581
19,R_3ptiaopYcROUr6M,9,f,1,1,437.3000000715256,Hardening schools/Arming teachers,Climate change legislation,-1,-1,3,8,4,0.8134892168199607,1,6,2,-0.2711630722733202,-3,-1,-2,2,2,2,2,-2,2,2,2,0,Left,0.4373000000715256
19,R_3ptiaopYcROUr6M,10,f,1,1,160.10000002384186,Remove police from schools,University Campus should be a Sanctuary,1,-1,2,5,3,0.2711630722733202,3,5,4,0.8134892168199607,2,-3,5,-1,0,5,0,5,-5,-1,0,0,Left,0.16010000002384187
19,R_3ptiaopYcROUr6M,11,f,1,1,1781.2999999523163,Religious exemptions for discrimination laws,University Campus should be a Sanctuary,1,1,3,7,3,0.8134892168199607,3,5,4,0.8134892168199607,3,3,0,0,2,0,2,0,0,0,2,0,Left,1.7812999999523162
19,R_3ptiaopYcROUr6M,12,f,1,1,204.69999992847443,On campus concealed carry,University Campus should be a Sanctuary,-1,-1,3,7,4,0.8134892168199607,3,5,4,0.8134892168199607,-3,-3,0,0,2,0,2,0,0,0,2,0,Left,0.20469999992847443
19,R_3ptiaopYcROUr6M,13,j,2,0,165.29999995231628,Lift COVID lockdowns,University Campus should be a Sanctuary,1,1,3,2,2,0.8134892168199607,3,5,4,0.8134892168199607,3,3,0,0,3,0,3,0,0,0,-3,1,Right,0.16529999995231628
19,R_3ptiaopYcROUr6M,14,f,1,1,1941.3999999761581,Raise the minimum wage,Defund the police,-1,-1,3,8,4,0.8134892168199607,-1,5,3,-1.355815361366601,-3,1,-4,4,3,4,3,-4,4,4,3,0,Left,1.9413999999761582
19,R_3ptiaopYcROUr6M,15,f,1,1,54.300000071525574,Remove police from schools,University Campus should be a Sanctuary,-1,1,2,5,3,0.2711630722733202,3,5,4,0.8134892168199607,-2,3,-5,-1,0,5,0,-5,5,-1,0,0,Left,0.05430000007152557
19,R_3ptiaopYcROUr6M,16,f,1,1,319,Black Lives Matter,Defund the police,1,-1,3,8,4,0.8134892168199607,-1,5,3,-1.355815361366601,3,1,2,4,3,2,3,2,-2,4,3,0,Left,0.319
19,R_3ptiaopYcROUr6M,17,f,1,1,804.8000000715256,Abolishing fraternities,"Boycott, Divest, and Sanction Israel",1,1,3,8,4,0.8134892168199607,-1,3,1,-1.355815361366601,3,-1,4,4,5,4,5,4,-4,4,5,0,Left,0.8048000000715255
19,R_3ptiaopYcROUr6M,18,f,1,1,23.199999928474426,Defund the police,Abolishing fraternities,1,-1,-1,5,3,-1.355815361366601,3,8,4,0.8134892168199607,-1,-3,2,-4,-3,2,3,2,-2,-4,-3,0,Left,0.023199999928474425
19,R_3ptiaopYcROUr6M,19,j,2,0,90.79999995231628,Raise the minimum wage,Allow alt-right speakers on campus,1,-1,3,8,4,0.8134892168199607,-2,1,2,-1.8981415059132414,3,2,-1,-5,-7,1,7,1,-1,5,7,1,Right,0.09079999995231629
19,R_3ptiaopYcROUr6M,20,j,2,0,124.19999992847443,Abolishing fraternities,"Boycott, Divest, and Sanction Israel",-1,-1,3,8,4,0.8134892168199607,-1,3,1,-1.355815361366601,-3,1,4,-4,-5,4,5,-4,4,4,5,1,Right,0.12419999992847443
19,R_3ptiaopYcROUr6M,21,f,1,1,35.60000002384186,University Campus should be a Sanctuary,Defund the police,1,1,3,5,4,0.8134892168199607,-1,5,3,-1.355815361366601,3,-1,4,4,0,4,0,4,-4,4,0,0,Left,0.03560000002384186
19,R_3ptiaopYcROUr6M,22,j,2,0,66.39999997615814,University Campus should be a Sanctuary,Cuts to National Parks budget,1,-1,3,5,4,0.8134892168199607,2,7,2,0.2711630722733202,3,-2,-5,-1,2,5,2,5,-5,1,-2,1,Right,0.06639999997615814
19,R_3ptiaopYcROUr6M,23,f,1,1,560.8000000715256,Mandatory trigger warnings,University Campus should be a Sanctuary,-1,-1,2,5,2,0.2711630722733202,3,5,4,0.8134892168199607,-2,-3,1,-1,0,1,0,1,-1,-1,0,0,Left,0.5608000000715255
19,R_3ptiaopYcROUr6M,24,j,2,0,132.39999997615814,Climate change legislation,University Campus should be a Sanctuary,-1,-1,1,6,2,-0.2711630722733202,3,5,4,0.8134892168199607,-1,-3,-2,2,-1,2,1,2,-2,-2,1,1,Right,0.13239999997615814
19,R_3ptiaopYcROUr6M,25,j,2,0,183.70000004768372,Mask mandates,Bathrooms restricted based on biological sex,-1,-1,2,7,3,0.2711630722733202,3,8,4,0.8134892168199607,-2,-3,-1,1,1,1,1,1,-1,-1,-1,1,Right,0.18370000004768372
19,R_3ptiaopYcROUr6M,26,f,1,1,273.5,Build southern border wall,University Campus should be a Sanctuary,-1,-1,2,7,2,0.2711630722733202,3,5,4,0.8134892168199607,-2,-3,1,-1,2,1,2,1,-1,-1,2,0,Left,0.2735
19,R_3ptiaopYcROUr6M,27,j,2,0,179,On campus concealed carry,University Campus should be a Sanctuary,-1,1,3,7,4,0.8134892168199607,3,5,4,0.8134892168199607,-3,3,6,0,-2,6,2,-6,6,0,2,1,Right,0.179
19,R_3ptiaopYcROUr6M,28,f,1,1,219.80000007152557,University Campus should be a Sanctuary,Defund the police,-1,-1,3,5,4,0.8134892168199607,-1,5,3,-1.355815361366601,-3,1,-4,4,0,4,0,-4,4,4,0,0,Left,0.2198000000715256
19,R_3ptiaopYcROUr6M,29,f,1,1,142.39999997615814,University Campus should be a Sanctuary,"Boycott, Divest, and Sanction Israel",1,-1,3,5,4,0.8134892168199607,-1,3,1,-1.355815361366601,3,1,2,4,2,2,2,2,-2,4,2,0,Left,0.14239999997615815
19,R_3ptiaopYcROUr6M,30,j,2,0,730.6000000238419,Lift COVID lockdowns,Black Lives Matter,1,-1,3,2,2,0.8134892168199607,3,8,4,0.8134892168199607,3,-3,-6,0,6,6,6,6,-6,0,-6,1,Right,0.7306000000238418
19,R_3ptiaopYcROUr6M,31,j,2,0,834.2000000476837,"Boycott, Divest, and Sanction Israel",University Campus should be a Sanctuary,1,-1,-1,3,1,-1.355815361366601,3,5,4,0.8134892168199607,-1,-3,-2,4,2,2,2,2,-2,-4,-2,1,Right,0.8342000000476837
19,R_3ptiaopYcROUr6M,32,j,2,0,71,Abortion rights,Safe injection locations,1,1,3,8,4,0.8134892168199607,2,3,3,0.2711630722733202,3,2,-1,-1,-5,1,5,1,-1,1,5,1,Right,0.071
19,R_3ptiaopYcROUr6M,33,f,1,1,197.80000007152557,University Campus should be a Sanctuary,Mandatory vaccinations,-1,-1,3,5,4,0.8134892168199607,2,6,3,0.2711630722733202,-3,-2,-1,1,-1,1,1,-1,1,1,-1,0,Left,0.19780000007152557
19,R_3ptiaopYcROUr6M,34,f,1,1,141.19999992847443,Gun-free campus police,Detention of migrant children,1,-1,2,2,3,0.2711630722733202,3,8,4,0.8134892168199607,2,-3,5,-1,-6,5,6,5,-5,-1,-6,0,Left,0.14119999992847443
19,R_3ptiaopYcROUr6M,35,f,1,1,28.699999928474426,On campus concealed carry,University Campus should be a Sanctuary,1,-1,3,7,4,0.8134892168199607,3,5,4,0.8134892168199607,3,-3,6,0,2,6,2,6,-6,0,2,0,Left,0.028699999928474426
19,R_3ptiaopYcROUr6M,36,f,1,1,156.70000004768372,Safe injection locations,University Campus should be a Sanctuary,-1,1,2,3,3,0.2711630722733202,3,5,4,0.8134892168199607,-2,3,-5,-1,-2,5,2,-5,5,-1,-2,0,Left,0.15670000004768372
19,R_3ptiaopYcROUr6M,37,f,1,1,202.10000002384186,Defund Planned Parenthood,Abolishing fraternities,1,1,2,5,3,0.2711630722733202,3,8,4,0.8134892168199607,2,3,-1,-1,-3,1,3,-1,1,-1,-3,0,Left,0.20210000002384185
19,R_3ptiaopYcROUr6M,38,f,1,1,39.5,Lift COVID lockdowns,University Campus should be a Sanctuary,1,-1,3,2,2,0.8134892168199607,3,5,4,0.8134892168199607,3,-3,6,0,-3,6,3,6,-6,0,-3,0,Left,0.0395
19,R_3ptiaopYcROUr6M,39,f,1,1,133.29999995231628,Dorms determined by gender identity,Black Lives Matter,-1,-1,2,6,3,0.2711630722733202,3,8,4,0.8134892168199607,-2,-3,1,-1,-2,1,2,1,-1,-1,-2,0,Left,0.13329999995231628
19,R_3ptiaopYcROUr6M,40,f,1,1,180.59999990463257,Dorms determined by gender identity,University Campus should be a Sanctuary,1,-1,2,6,3,0.2711630722733202,3,5,4,0.8134892168199607,2,-3,5,-1,1,5,1,5,-5,-1,1,0,Left,0.18059999990463257
19,R_3ptiaopYcROUr6M,41,f,1,1,26.600000023841858,University Campus should be a Sanctuary,University Campus should be a Sanctuary,1,-1,3,5,4,0.8134892168199607,3,5,4,0.8134892168199607,3,-3,6,0,0,6,0,6,-6,0,0,0,Left,0.026600000023841858
19,R_3ptiaopYcROUr6M,42,f,1,1,140.29999995231628,Increased Gun regulations,Mask mandates,1,1,3,8,4,0.8134892168199607,2,7,3,0.2711630722733202,3,2,1,1,1,1,1,1,-1,1,1,0,Left,0.1402999999523163
19,R_3ptiaopYcROUr6M,43,f,1,1,23.5,Detention of migrant children,On campus concealed carry,-1,1,3,8,4,0.8134892168199607,3,7,4,0.8134892168199607,-3,3,-6,0,1,6,1,-6,6,0,1,0,Left,0.0235
19,R_3ptiaopYcROUr6M,44,j,2,0,27,Lift COVID lockdowns,University Campus should be a Sanctuary,-1,1,3,2,2,0.8134892168199607,3,5,4,0.8134892168199607,-3,3,6,0,3,6,3,-6,6,0,-3,1,Right,0.027
19,R_3ptiaopYcROUr6M,45,f,1,1,14.700000047683716,On campus concealed carry,Lift COVID lockdowns,1,-1,3,7,4,0.8134892168199607,3,2,2,0.8134892168199607,3,-3,6,0,5,6,5,6,-6,0,5,0,Left,0.014700000047683716
19,R_3ptiaopYcROUr6M,46,f,1,1,338.2000000476837,Climate change legislation,University Campus should be a Sanctuary,1,-1,1,6,2,-0.2711630722733202,3,5,4,0.8134892168199607,1,-3,4,-2,1,4,1,4,-4,-2,1,0,Left,0.3382000000476837
19,R_3ptiaopYcROUr6M,47,j,2,0,146.29999995231628,University Campus should be a Sanctuary,Increased Gun regulations,1,-1,3,5,4,0.8134892168199607,3,8,4,0.8134892168199607,3,-3,-6,0,3,6,3,6,-6,0,-3,1,Right,0.1462999999523163
19,R_3ptiaopYcROUr6M,48,f,1,1,562,Defund Planned Parenthood,University Campus should be a Sanctuary,1,1,2,5,3,0.2711630722733202,3,5,4,0.8134892168199607,2,3,-1,-1,0,1,0,-1,1,-1,0,0,Left,0.562
19,R_3ptiaopYcROUr6M,49,f,1,1,128.29999995231628,Affirmative action,University Campus should be a Sanctuary,1,1,-2,1,1,-1.8981415059132414,3,5,4,0.8134892168199607,-2,3,-5,-5,-4,5,4,-5,5,-5,-4,0,Left,0.12829999995231628
19,R_3ptiaopYcROUr6M,50,j,2,0,134.20000004768372,Religious exemptions for discrimination laws,Ban on research with animals,1,-1,3,7,3,0.8134892168199607,-2,2,1,-1.8981415059132414,3,2,-1,-5,-5,1,5,1,-1,5,5,1,Right,0.1342000000476837
19,R_3ptiaopYcROUr6M,51,f,1,1,341.2000000476837,Recognize Jerusalem as capital of Israel,Bathrooms restricted based on biological sex,-1,1,3,8,4,0.8134892168199607,3,8,4,0.8134892168199607,-3,3,-6,0,0,6,0,-6,6,0,0,0,Left,0.3412000000476837
19,R_3ptiaopYcROUr6M,52,j,2,0,123.10000002384186,University Campus should be a Sanctuary,Detention of migrant children,1,1,3,5,4,0.8134892168199607,3,8,4,0.8134892168199607,3,3,0,0,3,0,3,0,0,0,-3,1,Right,0.12310000002384186
19,R_3ptiaopYcROUr6M,53,f,1,1,152,Dorms determined by gender identity,University Campus should be a Sanctuary,-1,1,2,6,3,0.2711630722733202,3,5,4,0.8134892168199607,-2,3,-5,-1,1,5,1,-5,5,-1,1,0,Left,0.152
19,R_3ptiaopYcROUr6M,54,j,2,0,135.79999995231628,Safe injection locations,University Campus should be a Sanctuary,1,1,2,3,3,0.2711630722733202,3,5,4,0.8134892168199607,2,3,1,1,2,1,2,-1,1,-1,-2,1,Right,0.13579999995231629
19,R_3ptiaopYcROUr6M,55,f,1,1,9230.399999976158,University Campus should be a Sanctuary,Gun-free campus police,1,-1,3,5,4,0.8134892168199607,2,2,3,0.2711630722733202,3,-2,5,1,3,5,3,5,-5,1,3,0,Left,9.230399999976159
19,R_3ptiaopYcROUr6M,56,f,1,1,130.30000007152557,University Campus should be a Sanctuary,Physician-assisted suicide,-1,-1,3,5,4,0.8134892168199607,-2,3,3,-1.8981415059132414,-3,2,-5,5,2,5,2,-5,5,5,2,0,Left,0.13030000007152556
19,R_3ptiaopYcROUr6M,57,f,1,1,1792.1999999284744,Cuts to National Parks budget,Hardening schools/Arming teachers,-1,1,2,7,2,0.2711630722733202,3,8,4,0.8134892168199607,-2,3,-5,-1,-1,5,1,-5,5,-1,-1,0,Left,1.7921999999284743
19,R_3ptiaopYcROUr6M,58,f,1,1,118.79999995231628,Affirmative action,University Campus should be a Sanctuary,-1,-1,-2,1,1,-1.8981415059132414,3,5,4,0.8134892168199607,2,-3,5,-5,-4,5,4,5,-5,-5,-4,0,Left,0.11879999995231628
19,R_3ptiaopYcROUr6M,59,f,1,1,488.39999997615814,University Campus should be a Sanctuary,Increased Gun regulations,-1,-1,3,5,4,0.8134892168199607,3,8,4,0.8134892168199607,-3,-3,0,0,-3,0,3,0,0,0,-3,0,Left,0.48839999997615813
19,R_3ptiaopYcROUr6M,60,j,2,0,119.60000002384186,Black Lives Matter,Affirmative action,-1,-1,3,8,4,0.8134892168199607,-2,1,1,-1.8981415059132414,-3,2,5,-5,-7,5,7,-5,5,5,7,1,Right,0.11960000002384186
19,R_3ptiaopYcROUr6M,61,f,1,1,393.09999990463257,Climate change legislation,University Campus should be a Sanctuary,-1,1,1,6,2,-0.2711630722733202,3,5,4,0.8134892168199607,-1,3,-4,-2,1,4,1,-4,4,-2,1,0,Left,0.39309999990463257
19,R_3ptiaopYcROUr6M,62,j,2,0,114.60000002384186,University Campus should be a Sanctuary,Mandatory drug tests for welfare recipients,-1,1,3,5,4,0.8134892168199607,-2,2,1,-1.8981415059132414,-3,-2,1,-5,-3,1,3,-1,1,5,3,1,Right,0.11460000002384185
19,R_3ptiaopYcROUr6M,63,f,1,1,23.800000071525574,Mandatory trigger warnings,Recognize Jerusalem as capital of Israel,-1,1,2,5,2,0.2711630722733202,3,8,4,0.8134892168199607,-2,3,-5,-1,-3,5,3,-5,5,-1,-3,0,Left,0.023800000071525575
19,R_3ptiaopYcROUr6M,64,j,2,0,180.60000002384186,Cuts to National Parks budget,University Campus should be a Sanctuary,1,-1,2,7,2,0.2711630722733202,3,5,4,0.8134892168199607,2,-3,-5,1,-2,5,2,5,-5,-1,2,1,Right,0.18060000002384186
19,R_3ptiaopYcROUr6M,65,f,1,1,226.60000002384186,On campus concealed carry,Safe injection locations,1,-1,3,7,4,0.8134892168199607,2,3,3,0.2711630722733202,3,-2,5,1,4,5,4,5,-5,1,4,0,Left,0.22660000002384187
19,R_3ptiaopYcROUr6M,66,f,1,1,2704.7999999523163,Abolishing fraternities,Mandatory trigger warnings,-1,-1,3,8,4,0.8134892168199607,2,5,2,0.2711630722733202,-3,-2,-1,1,3,1,3,-1,1,1,3,0,Left,2.7047999999523165
19,R_3ptiaopYcROUr6M,67,j,2,0,14,University Campus should be a Sanctuary,Student worker unionization,1,1,3,5,4,0.8134892168199607,2,6,3,0.2711630722733202,3,2,-1,-1,1,1,1,1,-1,1,-1,1,Right,0.014
19,R_3ptiaopYcROUr6M,68,j,2,0,188.10000002384186,University Campus should be a Sanctuary,Affirmative action,-1,1,3,5,4,0.8134892168199607,-2,1,1,-1.8981415059132414,-3,-2,1,-5,-4,1,4,-1,1,5,4,1,Right,0.18810000002384186
19,R_3ptiaopYcROUr6M,69,f,1,1,542.3999999761581,Hardening schools/Arming teachers,Climate change legislation,1,1,3,8,4,0.8134892168199607,1,6,2,-0.2711630722733202,3,1,2,2,2,2,2,2,-2,2,2,0,Left,0.5423999999761582
19,R_3ptiaopYcROUr6M,70,f,1,1,250.09999990463257,University Campus should be a Sanctuary,Allow alt-right speakers on campus,1,-1,3,5,4,0.8134892168199607,-2,1,2,-1.8981415059132414,3,2,1,5,4,1,4,1,-1,5,4,0,Left,0.25009999990463255
19,R_3ptiaopYcROUr6M,71,j,2,0,271.7999999523163,University Campus should be a Sanctuary,"Boycott, Divest, and Sanction Israel",1,1,3,5,4,0.8134892168199607,-1,3,1,-1.355815361366601,3,-1,-4,-4,-2,4,2,4,-4,4,2,1,Right,0.2717999999523163
19,R_3ptiaopYcROUr6M,72,f,1,1,144.80000007152557,Student worker unionization,Raise the minimum wage,-1,1,2,6,3,0.2711630722733202,3,8,4,0.8134892168199607,-2,3,-5,-1,-2,5,2,-5,5,-1,-2,0,Left,0.14480000007152558
19,R_3ptiaopYcROUr6M,73,j,2,0,253.09999990463257,University Campus should be a Sanctuary,Cuts to National Parks budget,1,1,3,5,4,0.8134892168199607,2,7,2,0.2711630722733202,3,2,-1,-1,2,1,2,1,-1,1,-2,1,Right,0.25309999990463256
19,R_3ptiaopYcROUr6M,74,j,2,0,135.29999995231628,On campus concealed carry,Increased Gun regulations,-1,1,3,7,4,0.8134892168199607,3,8,4,0.8134892168199607,-3,3,6,0,1,6,1,-6,6,0,-1,1,Right,0.13529999995231629
19,R_3ptiaopYcROUr6M,75,f,1,1,25.600000023841858,Climate change legislation,University Campus should be a Sanctuary,1,1,1,6,2,-0.2711630722733202,3,5,4,0.8134892168199607,1,3,-2,-2,1,2,1,-2,2,-2,1,0,Left,0.025600000023841857
19,R_3ptiaopYcROUr6M,76,f,1,1,282.2000000476837,Gun-free campus police,Abortion rights,-1,-1,2,2,3,0.2711630722733202,3,8,4,0.8134892168199607,-2,-3,1,-1,-6,1,6,1,-1,-1,-6,0,Left,0.2822000000476837
19,R_3ptiaopYcROUr6M,77,f,1,1,3922.8000000715256,"Boycott, Divest, and Sanction Israel",University Campus should be a Sanctuary,-1,-1,-1,3,1,-1.355815361366601,3,5,4,0.8134892168199607,1,-3,4,-4,-2,4,2,4,-4,-4,-2,0,Left,3.9228000000715255
19,R_3ptiaopYcROUr6M,78,f,1,1,392.8000000715256,Black Lives Matter,Lift COVID lockdowns,-1,-1,3,8,4,0.8134892168199607,3,2,2,0.8134892168199607,-3,-3,0,0,6,0,6,0,0,0,6,0,Left,0.3928000000715256
19,R_3ptiaopYcROUr6M,79,f,1,1,154.30000007152557,Bathrooms restricted based on biological sex,Lift COVID lockdowns,1,-1,3,8,4,0.8134892168199607,3,2,2,0.8134892168199607,3,-3,6,0,6,6,6,6,-6,0,6,0,Left,0.15430000007152558
19,R_3ptiaopYcROUr6M,80,f,1,1,142.5,"Boycott, Divest, and Sanction Israel",Detention of migrant children,1,-1,-1,3,1,-1.355815361366601,3,8,4,0.8134892168199607,-1,-3,2,-4,-5,2,5,2,-2,-4,-5,0,Left,0.1425
19,R_3ptiaopYcROUr6M,81,f,1,1,144.80000007152557,Religious exemptions for discrimination laws,On campus concealed carry,-1,1,3,7,3,0.8134892168199607,3,7,4,0.8134892168199607,-3,3,-6,0,0,6,0,-6,6,0,0,0,Left,0.14480000007152558
19,R_3ptiaopYcROUr6M,82,f,1,1,168.39999997615814,Physician-assisted suicide,Increased Gun regulations,-1,-1,-2,3,3,-1.8981415059132414,3,8,4,0.8134892168199607,2,-3,5,-5,-5,5,5,5,-5,-5,-5,0,Left,0.16839999997615815
19,R_3ptiaopYcROUr6M,83,j,2,0,255.5,War on Drugs,Raise the minimum wage,1,-1,2,6,3,0.2711630722733202,3,8,4,0.8134892168199607,2,-3,-5,1,2,5,2,5,-5,-1,-2,1,Right,0.2555
19,R_3ptiaopYcROUr6M,84,f,1,1,2801.600000023842,Defund the police,University Campus should be a Sanctuary,-1,1,-1,5,3,-1.355815361366601,3,5,4,0.8134892168199607,1,3,-2,-4,0,2,0,-2,2,-4,0,0,Left,2.801600000023842
19,R_3ptiaopYcROUr6M,85,f,1,1,5721.799999952316,University Campus should be a Sanctuary,Mandatory drug tests for welfare recipients,1,-1,3,5,4,0.8134892168199607,-2,2,1,-1.8981415059132414,3,2,1,5,3,1,3,1,-1,5,3,0,Left,5.721799999952316
19,R_3ptiaopYcROUr6M,86,j,2,0,266,Black Lives Matter,Lift COVID lockdowns,1,1,3,8,4,0.8134892168199607,3,2,2,0.8134892168199607,3,3,0,0,-6,0,6,0,0,0,6,1,Right,0.266
19,R_3ptiaopYcROUr6M,87,j,2,0,311.39999997615814,Religious exemptions for discrimination laws,Abolishing fraternities,1,1,3,7,3,0.8134892168199607,3,8,4,0.8134892168199607,3,3,0,0,1,0,1,0,0,0,-1,1,Right,0.31139999997615814
19,R_3ptiaopYcROUr6M,88,f,1,1,19.100000023841858,Increased Gun regulations,Climate change legislation,1,-1,3,8,4,0.8134892168199607,1,6,2,-0.2711630722733202,3,-1,4,2,2,4,2,4,-4,2,2,0,Left,0.019100000023841858
19,R_3ptiaopYcROUr6M,89,j,2,0,235,University Campus should be a Sanctuary,Lift COVID lockdowns,-1,-1,3,5,4,0.8134892168199607,3,2,2,0.8134892168199607,-3,-3,0,0,-3,0,3,0,0,0,3,1,Right,0.235
19,R_3ptiaopYcROUr6M,90,f,1,1,2724.5,Physician-assisted suicide,Abolishing fraternities,1,1,-2,3,3,-1.8981415059132414,3,8,4,0.8134892168199607,-2,3,-5,-5,-5,5,5,-5,5,-5,-5,0,Left,2.7245
19,R_3ptiaopYcROUr6M,91,f,1,1,279.7000000476837,On campus concealed carry,Detention of migrant children,-1,-1,3,7,4,0.8134892168199607,3,8,4,0.8134892168199607,-3,-3,0,0,-1,0,1,0,0,0,-1,0,Left,0.2797000000476837
19,R_3ptiaopYcROUr6M,92,j,2,0,982.2999999523163,Religious exemptions for discrimination laws,Physician-assisted suicide,1,-1,3,7,3,0.8134892168199607,-2,3,3,-1.8981415059132414,3,2,-1,-5,-4,1,4,1,-1,5,4,1,Right,0.9822999999523163
19,R_3ptiaopYcROUr6M,93,f,1,1,117.20000004768372,Physician-assisted suicide,Hardening schools/Arming teachers,1,-1,-2,3,3,-1.8981415059132414,3,8,4,0.8134892168199607,-2,-3,1,-5,-5,1,5,1,-1,-5,-5,0,Left,0.11720000004768372
19,R_3ptiaopYcROUr6M,94,f,1,1,144.09999990463257,Raise the minimum wage,Defund Planned Parenthood,-1,1,3,8,4,0.8134892168199607,2,5,3,0.2711630722733202,-3,2,-5,1,3,5,3,-5,5,1,3,0,Left,0.14409999990463257
19,R_3ptiaopYcROUr6M,95,f,1,1,48.300000071525574,Hardening schools/Arming teachers,Allow alt-right speakers on campus,1,1,3,8,4,0.8134892168199607,-2,1,2,-1.8981415059132414,3,-2,5,5,7,5,7,5,-5,5,7,0,Left,0.04830000007152557
19,R_3ptiaopYcROUr6M,96,f,1,1,1222.5,Recognize Jerusalem as capital of Israel,"Boycott, Divest, and Sanction Israel",1,-1,3,8,4,0.8134892168199607,-1,3,1,-1.355815361366601,3,1,2,4,5,2,5,2,-2,4,5,0,Left,1.2225
19,R_3ptiaopYcROUr6M,97,j,2,0,136.29999995231628,University Campus should be a Sanctuary,Safe injection locations,-1,-1,3,5,4,0.8134892168199607,2,3,3,0.2711630722733202,-3,-2,1,-1,-2,1,2,-1,1,1,2,1,Right,0.1362999999523163
19,R_3ptiaopYcROUr6M,98,f,1,1,640.6999999284744,Hardening schools/Arming teachers,Allow alt-right speakers on campus,-1,1,3,8,4,0.8134892168199607,-2,1,2,-1.8981415059132414,-3,-2,-1,5,7,1,7,-1,1,5,7,0,Left,0.6406999999284744
19,R_3ptiaopYcROUr6M,99,j,2,0,49.60000002384186,Hardening schools/Arming teachers,Climate change legislation,-1,1,3,8,4,0.8134892168199607,1,6,2,-0.2711630722733202,-3,1,4,-2,-2,4,2,-4,4,2,2,1,Right,0.04960000002384186
19,R_3ptiaopYcROUr6M,100,j,2,0,121.29999995231628,Recognize Jerusalem as capital of Israel,Legalization of marijuana,1,-1,3,8,4,0.8134892168199607,-2,2,1,-1.8981415059132414,3,2,-1,-5,-6,1,6,1,-1,5,6,1,Right,0.12129999995231629
24,R_puXNpmFndsxDicF,1,f,1,1,155,Remove public Confederate memorials,U.S. drone strikes in Afghanistan,1,-1,1,7,3,0.17262219566573478,3,8,4,1.3809775653258787,1,-3,4,-2,-1,4,1,4,-4,-2,-1,0,Left,0.155
24,R_puXNpmFndsxDicF,2,f,1,1,43,Legalization of marijuana,Mandatory drug tests for welfare recipients,-1,1,-2,1,2,-1.6399108588244813,3,5,3,1.3809775653258787,2,3,-1,-5,-4,1,4,-1,1,-5,-4,0,Left,0.043
24,R_puXNpmFndsxDicF,3,j,2,0,75,Recognize Jerusalem as capital of Israel,Mandatory drug tests for welfare recipients,-1,1,1,7,4,0.17262219566573478,3,5,3,1.3809775653258787,-1,3,4,2,-2,4,2,-4,4,-2,2,1,Right,0.075
24,R_puXNpmFndsxDicF,4,f,1,1,704,Remove public Confederate memorials,Hardening schools/Arming teachers,1,1,1,7,3,0.17262219566573478,3,8,4,1.3809775653258787,1,3,-2,-2,-1,2,1,-2,2,-2,-1,0,Left,0.704
24,R_puXNpmFndsxDicF,5,j,2,0,610,Cuts to National Parks budget,Hardening schools/Arming teachers,-1,1,-2,5,3,-1.6399108588244813,3,8,4,1.3809775653258787,2,3,1,5,3,1,3,-1,1,-5,-3,1,Right,0.61
24,R_puXNpmFndsxDicF,6,j,2,0,81,Mask mandates,Lift COVID lockdowns,-1,-1,3,8,4,1.3809775653258787,0,8,4,-0.4315554891643372,-3,-0,3,-3,0,3,0,-3,3,3,0,1,Right,0.081
24,R_puXNpmFndsxDicF,7,j,2,0,175,Expel students with white nationlist views,Mandatory drug tests for welfare recipients,1,1,0,5,4,-0.4315554891643372,3,5,3,1.3809775653258787,0,3,3,3,0,3,0,-3,3,-3,0,1,Right,0.175
24,R_puXNpmFndsxDicF,8,f,1,1,42,Mandatory drug tests for welfare recipients,Defund Planned Parenthood,1,1,3,5,3,1.3809775653258787,0,7,4,-0.4315554891643372,3,0,3,3,-2,3,2,3,-3,3,-2,0,Left,0.042
24,R_puXNpmFndsxDicF,9,j,2,0,85,Legalization of marijuana,Mandatory drug tests for welfare recipients,-1,-1,-2,1,2,-1.6399108588244813,3,5,3,1.3809775653258787,2,-3,-5,5,4,5,4,5,-5,-5,-4,1,Right,0.085
24,R_puXNpmFndsxDicF,10,j,2,0,48,U.S. drone strikes in Afghanistan,"Boycott, Divest, and Sanction Israel",-1,-1,3,8,4,1.3809775653258787,1,7,4,0.17262219566573478,-3,-1,2,-2,-1,2,1,-2,2,2,1,1,Right,0.048
24,R_puXNpmFndsxDicF,11,j,2,0,91,Safe injection locations,Mandatory drug tests for welfare recipients,-1,1,-1,1,2,-1.0357331739944091,3,5,3,1.3809775653258787,1,3,2,4,4,2,4,-2,2,-4,-4,1,Right,0.091
24,R_puXNpmFndsxDicF,12,f,1,1,49,Mandatory drug tests for welfare recipients,U.S. drone strikes in Afghanistan,1,1,3,5,3,1.3809775653258787,3,8,4,1.3809775653258787,3,3,0,0,-3,0,3,0,0,0,-3,0,Left,0.049
24,R_puXNpmFndsxDicF,13,j,2,0,75,Expel students with white nationlist views,Hardening schools/Arming teachers,-1,-1,0,5,4,-0.4315554891643372,3,8,4,1.3809775653258787,-0,-3,-3,3,3,3,3,3,-3,-3,-3,1,Right,0.075
24,R_puXNpmFndsxDicF,14,f,1,1,859,U.S. drone strikes in Afghanistan,Raise the minimum wage,-1,1,3,8,4,1.3809775653258787,-1,8,4,-1.0357331739944091,-3,-1,-2,4,0,2,0,-2,2,4,0,0,Left,0.859
24,R_puXNpmFndsxDicF,15,f,1,1,1871,University Campus should be a Sanctuary,Mandatory drug tests for welfare recipients,-1,-1,2,6,4,0.7767998804958067,3,5,3,1.3809775653258787,-2,-3,1,-1,1,1,1,1,-1,-1,1,0,Left,1.871
24,R_puXNpmFndsxDicF,16,f,1,1,887,Mandatory drug tests for welfare recipients,Detention of migrant children,1,1,3,5,3,1.3809775653258787,2,8,3,0.7767998804958067,3,2,1,1,-3,1,3,1,-1,1,-3,0,Left,0.887
24,R_puXNpmFndsxDicF,17,j,2,0,603,Mask mandates,Build southern border wall,-1,-1,3,8,4,1.3809775653258787,0,3,2,-0.4315554891643372,-3,-0,3,-3,-5,3,5,-3,3,3,5,1,Right,0.603
24,R_puXNpmFndsxDicF,18,j,2,0,724,Safe injection locations,U.S. drone strikes in Afghanistan,1,1,-1,1,2,-1.0357331739944091,3,8,4,1.3809775653258787,-1,3,4,4,7,4,7,-4,4,-4,-7,1,Right,0.724
24,R_puXNpmFndsxDicF,19,f,1,1,635,Religious exemptions for discrimination laws,Stop police brutality,1,1,2,7,3,0.7767998804958067,3,8,3,1.3809775653258787,2,3,-1,-1,-1,1,1,-1,1,-1,-1,0,Left,0.635
24,R_puXNpmFndsxDicF,20,j,2,0,595,U.S. drone strikes in Afghanistan,Climate change legislation,1,-1,3,8,4,1.3809775653258787,3,8,4,1.3809775653258787,3,-3,-6,0,0,6,0,6,-6,0,0,1,Right,0.595
24,R_puXNpmFndsxDicF,21,j,2,0,671,Safe injection locations,Mask mandates,-1,-1,-1,1,2,-1.0357331739944091,3,8,4,1.3809775653258787,1,-3,-4,4,7,4,7,4,-4,-4,-7,1,Right,0.671
24,R_puXNpmFndsxDicF,22,j,2,0,613,Mandatory drug tests for welfare recipients,University Campus should be a Sanctuary,1,1,3,5,3,1.3809775653258787,2,6,4,0.7767998804958067,3,2,-1,-1,1,1,1,1,-1,1,-1,1,Right,0.613
24,R_puXNpmFndsxDicF,23,j,2,0,682,Climate change legislation,Legalization of marijuana,-1,1,3,8,4,1.3809775653258787,-2,1,2,-1.6399108588244813,-3,-2,1,-5,-7,1,7,-1,1,5,7,1,Right,0.682
24,R_puXNpmFndsxDicF,24,f,1,1,550,Mandatory drug tests for welfare recipients,"Boycott, Divest, and Sanction Israel",-1,-1,3,5,3,1.3809775653258787,1,7,4,0.17262219566573478,-3,-1,-2,2,-2,2,2,-2,2,2,-2,0,Left,0.55
24,R_puXNpmFndsxDicF,25,j,2,0,612,Mandatory drug tests for welfare recipients,Mandatory trigger warnings,1,1,3,5,3,1.3809775653258787,1,5,3,0.17262219566573478,3,1,-2,-2,0,2,0,2,-2,2,0,1,Right,0.612
24,R_puXNpmFndsxDicF,26,j,2,0,640,Ban on ethnic Halloween costumes,Mask mandates,1,1,-1,5,3,-1.0357331739944091,3,8,4,1.3809775653258787,-1,3,4,4,3,4,3,-4,4,-4,-3,1,Right,0.64
24,R_puXNpmFndsxDicF,27,f,1,1,620,Stop police brutality,Defund the police,1,1,3,8,3,1.3809775653258787,-1,3,2,-1.0357331739944091,3,-1,4,4,5,4,5,4,-4,4,5,0,Left,0.62
24,R_puXNpmFndsxDicF,28,j,2,0,1362,Mandatory drug tests for welfare recipients,U.S. drone strikes in Afghanistan,-1,-1,3,5,3,1.3809775653258787,3,8,4,1.3809775653258787,-3,-3,0,0,3,0,3,0,0,0,-3,1,Right,1.362
24,R_puXNpmFndsxDicF,29,f,1,1,616,Abolishing private prisons,Hardening schools/Arming teachers,-1,-1,2,7,2,0.7767998804958067,3,8,4,1.3809775653258787,-2,-3,1,-1,-1,1,1,1,-1,-1,-1,0,Left,0.616
24,R_puXNpmFndsxDicF,30,f,1,1,674,U.S. drone strikes in Afghanistan,Raise the minimum wage,-1,-1,3,8,4,1.3809775653258787,-1,8,4,-1.0357331739944091,-3,1,-4,4,0,4,0,-4,4,4,0,0,Left,0.674
24,R_puXNpmFndsxDicF,31,f,1,1,652,Mandatory drug tests for welfare recipients,Detention of migrant children,-1,-1,3,5,3,1.3809775653258787,2,8,3,0.7767998804958067,-3,-2,-1,1,-3,1,3,-1,1,1,-3,0,Left,0.652
24,R_puXNpmFndsxDicF,32,j,2,0,616,Detention of migrant children,Mandatory drug tests for welfare recipients,1,-1,2,8,3,0.7767998804958067,3,5,3,1.3809775653258787,2,-3,-5,1,-3,5,3,5,-5,-1,3,1,Right,0.616
24,R_puXNpmFndsxDicF,33,f,1,1,551,Mandatory drug tests for welfare recipients,Cuts to National Parks budget,-1,-1,3,5,3,1.3809775653258787,-2,5,3,-1.6399108588244813,-3,2,-5,5,0,5,0,-5,5,5,0,0,Left,0.551
24,R_puXNpmFndsxDicF,34,j,2,0,195,University Campus should be a Sanctuary,U.S. drone strikes in Afghanistan,-1,-1,2,6,4,0.7767998804958067,3,8,4,1.3809775653258787,-2,-3,-1,1,2,1,2,1,-1,-1,-2,1,Right,0.195
24,R_puXNpmFndsxDicF,35,j,2,0,603,Mandatory drug tests for welfare recipients,University Campus should be a Sanctuary,-1,1,3,5,3,1.3809775653258787,2,6,4,0.7767998804958067,-3,2,5,-1,1,5,1,-5,5,1,-1,1,Right,0.603
24,R_puXNpmFndsxDicF,36,j,2,0,622,Detention of migrant children,Stop police brutality,-1,-1,2,8,3,0.7767998804958067,3,8,3,1.3809775653258787,-2,-3,-1,1,0,1,0,1,-1,-1,0,1,Right,0.622
24,R_puXNpmFndsxDicF,37,f,1,1,577,Mandatory drug tests for welfare recipients,Mandatory drug tests for welfare recipients,-1,1,3,5,3,1.3809775653258787,3,5,3,1.3809775653258787,-3,3,-6,0,0,6,0,-6,6,0,0,0,Left,0.577
24,R_puXNpmFndsxDicF,38,j,2,0,590,Mandatory drug tests for welfare recipients,University Campus should be a Sanctuary,1,-1,3,5,3,1.3809775653258787,2,6,4,0.7767998804958067,3,-2,-5,-1,1,5,1,5,-5,1,-1,1,Right,0.59
24,R_puXNpmFndsxDicF,39,j,2,0,622,Mask mandates,Detention of migrant children,1,-1,3,8,4,1.3809775653258787,2,8,3,0.7767998804958067,3,-2,-5,-1,0,5,0,5,-5,1,0,1,Right,0.622
24,R_puXNpmFndsxDicF,40,j,2,0,847,Cuts to National Parks budget,Hardening schools/Arming teachers,1,-1,-2,5,3,-1.6399108588244813,3,8,4,1.3809775653258787,-2,-3,-1,5,3,1,3,1,-1,-5,-3,1,Right,0.847
24,R_puXNpmFndsxDicF,41,j,2,0,675,Bathrooms restricted based on biological sex,Mandatory vaccinations,-1,1,-3,8,4,-2.244088543654553,0,3,4,-0.4315554891643372,3,0,-3,3,-5,3,5,3,-3,-3,5,1,Right,0.675
24,R_puXNpmFndsxDicF,42,f,1,1,2497,Dorms determined by gender identity,Mask mandates,-1,-1,1,6,2,0.17262219566573478,3,8,4,1.3809775653258787,-1,-3,2,-2,-2,2,2,2,-2,-2,-2,0,Left,2.497
24,R_puXNpmFndsxDicF,43,j,2,0,620,Raise the minimum wage,Mandatory drug tests for welfare recipients,1,1,-1,8,4,-1.0357331739944091,3,5,3,1.3809775653258787,-1,3,4,4,-3,4,3,-4,4,-4,3,1,Right,0.62
24,R_puXNpmFndsxDicF,44,j,2,0,542,Hardening schools/Arming teachers,Expel students with white nationlist views,1,1,3,8,4,1.3809775653258787,0,5,4,-0.4315554891643372,3,0,-3,-3,-3,3,3,3,-3,3,3,1,Right,0.542
24,R_puXNpmFndsxDicF,45,j,2,0,48,Mandatory training on sexual consent,Climate change legislation,1,-1,2,7,3,0.7767998804958067,3,8,4,1.3809775653258787,2,-3,-5,1,1,5,1,5,-5,-1,-1,1,Right,0.048
24,R_puXNpmFndsxDicF,46,j,2,0,792,Climate change legislation,Physician-assisted suicide,1,1,3,8,4,1.3809775653258787,0,1,1,-0.4315554891643372,3,0,-3,-3,-7,3,7,3,-3,3,7,1,Right,0.792
24,R_puXNpmFndsxDicF,47,f,1,1,619,Mandatory trigger warnings,U.S. drone strikes in Afghanistan,1,1,1,5,3,0.17262219566573478,3,8,4,1.3809775653258787,1,3,-2,-2,-3,2,3,-2,2,-2,-3,0,Left,0.619
24,R_puXNpmFndsxDicF,48,f,1,1,706,Recognize Jerusalem as capital of Israel,Mandatory drug tests for welfare recipients,1,1,1,7,4,0.17262219566573478,3,5,3,1.3809775653258787,1,3,-2,-2,2,2,2,-2,2,-2,2,0,Left,0.706
24,R_puXNpmFndsxDicF,49,j,2,0,642,Dorms determined by gender identity,U.S. drone strikes in Afghanistan,-1,1,1,6,2,0.17262219566573478,3,8,4,1.3809775653258787,-1,3,4,2,2,4,2,-4,4,-2,-2,1,Right,0.642
24,R_puXNpmFndsxDicF,50,f,1,1,660,Mandatory training on sexual consent,Mandatory drug tests for welfare recipients,-1,-1,2,7,3,0.7767998804958067,3,5,3,1.3809775653258787,-2,-3,1,-1,2,1,2,1,-1,-1,2,0,Left,0.66
24,R_puXNpmFndsxDicF,51,f,1,1,653,Safe injection locations,Mandatory drug tests for welfare recipients,1,1,-1,1,2,-1.0357331739944091,3,5,3,1.3809775653258787,-1,3,-4,-4,-4,4,4,-4,4,-4,-4,0,Left,0.653
24,R_puXNpmFndsxDicF,52,f,1,1,580,Defund Planned Parenthood,U.S. drone strikes in Afghanistan,1,1,0,7,4,-0.4315554891643372,3,8,4,1.3809775653258787,0,3,-3,-3,-1,3,1,-3,3,-3,-1,0,Left,0.58
24,R_puXNpmFndsxDicF,53,j,2,0,620,Mandatory drug tests for welfare recipients,War on Drugs,1,-1,3,5,3,1.3809775653258787,-1,3,3,-1.0357331739944091,3,1,-2,-4,-2,2,2,2,-2,4,2,1,Right,0.62
24,R_puXNpmFndsxDicF,54,j,2,0,726,Hardening schools/Arming teachers,Abolishing private prisons,1,-1,3,8,4,1.3809775653258787,2,7,2,0.7767998804958067,3,-2,-5,-1,-1,5,1,5,-5,1,1,1,Right,0.726
24,R_puXNpmFndsxDicF,55,j,2,0,603,Mandatory drug tests for welfare recipients,Remove police from schools,1,-1,3,5,3,1.3809775653258787,2,7,4,0.7767998804958067,3,-2,-5,-1,2,5,2,5,-5,1,-2,1,Right,0.603
24,R_puXNpmFndsxDicF,56,j,2,0,210,Mandatory drug tests for welfare recipients,Cuts to National Parks budget,1,1,3,5,3,1.3809775653258787,-2,5,3,-1.6399108588244813,3,-2,-5,-5,0,5,0,5,-5,5,0,1,Right,0.21
24,R_puXNpmFndsxDicF,57,f,1,1,624,Defund the police,Stop police brutality,-1,-1,-1,3,2,-1.0357331739944091,3,8,3,1.3809775653258787,1,-3,4,-4,-5,4,5,4,-4,-4,-5,0,Left,0.624
24,R_puXNpmFndsxDicF,58,j,2,0,300,Mandatory drug tests for welfare recipients,Legalization of marijuana,-1,1,3,5,3,1.3809775653258787,-2,1,2,-1.6399108588244813,-3,-2,1,-5,-4,1,4,-1,1,5,4,1,Right,0.3
24,R_puXNpmFndsxDicF,59,f,1,1,592,Mandatory drug tests for welfare recipients,Remove public Confederate memorials,-1,1,3,5,3,1.3809775653258787,1,7,3,0.17262219566573478,-3,1,-4,2,-2,4,2,-4,4,2,-2,0,Left,0.592
24,R_puXNpmFndsxDicF,60,f,1,1,666,Mandatory vaccinations,Mandatory drug tests for welfare recipients,1,1,0,3,4,-0.4315554891643372,3,5,3,1.3809775653258787,0,3,-3,-3,-2,3,2,-3,3,-3,-2,0,Left,0.666
24,R_puXNpmFndsxDicF,61,j,2,0,773,Legalization of marijuana,Mandatory drug tests for welfare recipients,1,1,-2,1,2,-1.6399108588244813,3,5,3,1.3809775653258787,-2,3,5,5,4,5,4,-5,5,-5,-4,1,Right,0.773
24,R_puXNpmFndsxDicF,62,f,1,1,598,"Boycott, Divest, and Sanction Israel",Hardening schools/Arming teachers,-1,1,1,7,4,0.17262219566573478,3,8,4,1.3809775653258787,-1,3,-4,-2,-1,4,1,-4,4,-2,-1,0,Left,0.598
24,R_puXNpmFndsxDicF,63,f,1,1,661,Legalization of marijuana,Climate change legislation,-1,-1,-2,1,2,-1.6399108588244813,3,8,4,1.3809775653258787,2,-3,5,-5,-7,5,7,5,-5,-5,-7,0,Left,0.661
24,R_puXNpmFndsxDicF,64,j,2,0,622,Mandatory drug tests for welfare recipients,Cuts to National Parks budget,1,-1,3,5,3,1.3809775653258787,-2,5,3,-1.6399108588244813,3,2,-1,-5,0,1,0,1,-1,5,0,1,Right,0.622
24,R_puXNpmFndsxDicF,65,j,2,0,663,Safe injection locations,Bathrooms restricted based on biological sex,1,1,-1,1,2,-1.0357331739944091,-3,8,4,-2.244088543654553,-1,-3,-2,-2,7,2,7,2,-2,2,-7,1,Right,0.663
24,R_puXNpmFndsxDicF,66,j,2,0,592,Bathrooms restricted based on biological sex,University Campus should be a Sanctuary,-1,-1,-3,8,4,-2.244088543654553,2,6,4,0.7767998804958067,3,-2,-5,5,-2,5,2,5,-5,-5,2,1,Right,0.592
24,R_puXNpmFndsxDicF,67,j,2,0,578,Bathrooms restricted based on biological sex,Legalization of marijuana,-1,-1,-3,8,4,-2.244088543654553,-2,1,2,-1.6399108588244813,3,2,-1,1,-7,1,7,1,-1,-1,7,1,Right,0.578
24,R_puXNpmFndsxDicF,68,j,2,0,612,Detention of migrant children,Bathrooms restricted based on biological sex,1,-1,2,8,3,0.7767998804958067,-3,8,4,-2.244088543654553,2,3,1,-5,0,1,0,-1,1,5,0,1,Right,0.612
24,R_puXNpmFndsxDicF,69,f,1,1,571,Cuts to National Parks budget,Mandatory drug tests for welfare recipients,1,-1,-2,5,3,-1.6399108588244813,3,5,3,1.3809775653258787,-2,-3,1,-5,0,1,0,1,-1,-5,0,0,Left,0.571
24,R_puXNpmFndsxDicF,70,j,2,0,719,Lift COVID lockdowns,Mandatory drug tests for welfare recipients,1,1,0,8,4,-0.4315554891643372,3,5,3,1.3809775653258787,0,3,3,3,-3,3,3,-3,3,-3,3,1,Right,0.719
24,R_puXNpmFndsxDicF,71,f,1,1,635,Climate change legislation,Dorms determined by gender identity,-1,1,3,8,4,1.3809775653258787,1,6,2,0.17262219566573478,-3,1,-4,2,2,4,2,-4,4,2,2,0,Left,0.635
24,R_puXNpmFndsxDicF,72,j,2,0,578,University Campus should be a Sanctuary,U.S. drone strikes in Afghanistan,1,-1,2,6,4,0.7767998804958067,3,8,4,1.3809775653258787,2,-3,-5,1,2,5,2,5,-5,-1,-2,1,Right,0.578
24,R_puXNpmFndsxDicF,73,j,2,0,555,Climate change legislation,Safe injection locations,1,-1,3,8,4,1.3809775653258787,-1,1,2,-1.0357331739944091,3,1,-2,-4,-7,2,7,2,-2,4,7,1,Right,0.555
24,R_puXNpmFndsxDicF,74,j,2,0,597,Detention of migrant children,Bathrooms restricted based on biological sex,1,1,2,8,3,0.7767998804958067,-3,8,4,-2.244088543654553,2,-3,-5,-5,0,5,0,5,-5,5,0,1,Right,0.597
24,R_puXNpmFndsxDicF,75,f,1,1,849,Raise the minimum wage,Climate change legislation,-1,1,-1,8,4,-1.0357331739944091,3,8,4,1.3809775653258787,1,3,-2,-4,0,2,0,-2,2,-4,0,0,Left,0.849
24,R_puXNpmFndsxDicF,76,f,1,1,2162,Mandatory drug tests for welfare recipients,Ban on research with animals,-1,1,3,5,3,1.3809775653258787,2,7,4,0.7767998804958067,-3,2,-5,1,-2,5,2,-5,5,1,-2,0,Left,2.162
24,R_puXNpmFndsxDicF,77,j,2,0,622,Physician-assisted suicide,Hardening schools/Arming teachers,1,-1,0,1,1,-0.4315554891643372,3,8,4,1.3809775653258787,0,-3,-3,3,7,3,7,3,-3,-3,-7,1,Right,0.622
24,R_puXNpmFndsxDicF,78,f,1,1,674,Remove police from schools,Mandatory drug tests for welfare recipients,1,1,2,7,4,0.7767998804958067,3,5,3,1.3809775653258787,2,3,-1,-1,2,1,2,-1,1,-1,2,0,Left,0.674
24,R_puXNpmFndsxDicF,79,j,2,0,648,Mandatory drug tests for welfare recipients,Abolishing fraternities,-1,-1,3,5,3,1.3809775653258787,-1,6,4,-1.0357331739944091,-3,1,4,-4,1,4,1,-4,4,4,-1,1,Right,0.648
24,R_puXNpmFndsxDicF,80,j,2,0,463,Mandatory drug tests for welfare recipients,Physician-assisted suicide,1,-1,3,5,3,1.3809775653258787,0,1,1,-0.4315554891643372,3,-0,-3,-3,-4,3,4,3,-3,3,4,1,Right,0.463
24,R_puXNpmFndsxDicF,81,f,1,1,656,Ban on ethnic Halloween costumes,Hardening schools/Arming teachers,1,-1,-1,5,3,-1.0357331739944091,3,8,4,1.3809775653258787,-1,-3,2,-4,-3,2,3,2,-2,-4,-3,0,Left,0.656
24,R_puXNpmFndsxDicF,82,f,1,1,781,Mandatory drug tests for welfare recipients,Raise the minimum wage,1,-1,3,5,3,1.3809775653258787,-1,8,4,-1.0357331739944091,3,1,2,4,-3,2,3,2,-2,4,-3,0,Left,0.781
24,R_puXNpmFndsxDicF,83,f,1,1,599,Defund the police,Climate change legislation,1,-1,-1,3,2,-1.0357331739944091,3,8,4,1.3809775653258787,-1,-3,2,-4,-5,2,5,2,-2,-4,-5,0,Left,0.599
24,R_puXNpmFndsxDicF,84,j,2,0,419,Mandatory drug tests for welfare recipients,War on Drugs,1,1,3,5,3,1.3809775653258787,-1,3,3,-1.0357331739944091,3,-1,-4,-4,-2,4,2,4,-4,4,2,1,Right,0.419
24,R_puXNpmFndsxDicF,85,f,1,1,556,Mask mandates,Cuts to National Parks budget,-1,-1,3,8,4,1.3809775653258787,-2,5,3,-1.6399108588244813,-3,2,-5,5,3,5,3,-5,5,5,3,0,Left,0.556
24,R_puXNpmFndsxDicF,86,j,2,0,311,Abolishing fraternities,Mandatory drug tests for welfare recipients,1,1,-1,6,4,-1.0357331739944091,3,5,3,1.3809775653258787,-1,3,4,4,-1,4,1,-4,4,-4,1,1,Right,0.311
24,R_puXNpmFndsxDicF,87,j,2,0,44,Defund Planned Parenthood,Stop police brutality,1,-1,0,7,4,-0.4315554891643372,3,8,3,1.3809775653258787,0,-3,-3,3,1,3,1,3,-3,-3,-1,1,Right,0.044
24,R_puXNpmFndsxDicF,88,f,1,1,173,Hardening schools/Arming teachers,Raise the minimum wage,1,1,3,8,4,1.3809775653258787,-1,8,4,-1.0357331739944091,3,-1,4,4,0,4,0,4,-4,4,0,0,Left,0.173
24,R_puXNpmFndsxDicF,89,f,1,1,76,Ban on ethnic Halloween costumes,Mandatory drug tests for welfare recipients,1,1,-1,5,3,-1.0357331739944091,3,5,3,1.3809775653258787,-1,3,-4,-4,0,4,0,-4,4,-4,0,0,Left,0.076
24,R_puXNpmFndsxDicF,90,f,1,1,400,Hardening schools/Arming teachers,Mandatory drug tests for welfare recipients,1,-1,3,8,4,1.3809775653258787,3,5,3,1.3809775653258787,3,-3,6,0,3,6,3,6,-6,0,3,0,Left,0.4
24,R_puXNpmFndsxDicF,91,j,2,0,1285,U.S. drone strikes in Afghanistan,Lift COVID lockdowns,1,1,3,8,4,1.3809775653258787,0,8,4,-0.4315554891643372,3,0,-3,-3,0,3,0,3,-3,3,0,1,Right,1.285
24,R_puXNpmFndsxDicF,92,j,2,0,25,Cuts to National Parks budget,Mask mandates,1,1,-2,5,3,-1.6399108588244813,3,8,4,1.3809775653258787,-2,3,5,5,3,5,3,-5,5,-5,-3,1,Right,0.025
24,R_puXNpmFndsxDicF,93,j,2,0,605,Legalization of marijuana,U.S. drone strikes in Afghanistan,1,1,-2,1,2,-1.6399108588244813,3,8,4,1.3809775653258787,-2,3,5,5,7,5,7,-5,5,-5,-7,1,Right,0.605
24,R_puXNpmFndsxDicF,94,f,1,1,572,Defund the police,Mask mandates,-1,1,-1,3,2,-1.0357331739944091,3,8,4,1.3809775653258787,1,3,-2,-4,-5,2,5,-2,2,-4,-5,0,Left,0.572
24,R_puXNpmFndsxDicF,95,j,2,0,648,Dorms determined by gender identity,Stop police brutality,1,1,1,6,2,0.17262219566573478,3,8,3,1.3809775653258787,1,3,2,2,2,2,2,-2,2,-2,-2,1,Right,0.648
24,R_puXNpmFndsxDicF,96,f,1,1,168,Bathrooms restricted based on biological sex,Mandatory drug tests for welfare recipients,1,1,-3,8,4,-2.244088543654553,3,5,3,1.3809775653258787,-3,3,-6,-6,3,6,3,-6,6,-6,3,0,Left,0.168
24,R_puXNpmFndsxDicF,97,f,1,1,685,Detention of migrant children,Mandatory drug tests for welfare recipients,-1,1,2,8,3,0.7767998804958067,3,5,3,1.3809775653258787,-2,3,-5,-1,3,5,3,-5,5,-1,3,0,Left,0.685
24,R_puXNpmFndsxDicF,98,j,2,0,621,Ban on ethnic Halloween costumes,Mask mandates,-1,-1,-1,5,3,-1.0357331739944091,3,8,4,1.3809775653258787,1,-3,-4,4,3,4,3,4,-4,-4,-3,1,Right,0.621
24,R_puXNpmFndsxDicF,99,j,2,0,663,U.S. drone strikes in Afghanistan,University Campus should be a Sanctuary,1,1,3,8,4,1.3809775653258787,2,6,4,0.7767998804958067,3,2,-1,-1,-2,1,2,1,-1,1,2,1,Right,0.663
24,R_puXNpmFndsxDicF,100,f,1,1,633,Abolishing fraternities,Mandatory drug tests for welfare recipients,-1,1,-1,6,4,-1.0357331739944091,3,5,3,1.3809775653258787,1,3,-2,-4,1,2,1,-2,2,-4,1,0,Left,0.633
